0	-0.0396841	0.247848	238512	81584	0.129054
0	0.0199175	0.208268	234274	143500	1.69701
0	-0.0299254	0.160469	233610	189157	2.47205
0	0.0258093	0.0833779	230252	206135	-2.22667
0	0.0762747	0.0975956	253676	236933	-1.00956
0	0.0115035	0.0973501	256440	244949	-1.60835
0	-0.0443328	0.0662016	244954	236879	4.6431
0	-0.0102936	0.0487612	252872	247059	-2.49837
0	-0.0432743	0.0158304	231462	229488	3.72995
0	-0.0236483	0.286347	240884	75443	0.129289
0	-0.0100823	0.257631	237072	146128	-0.507166
0	-0.0152473	0.15207	233360	176173	0.0213057
0	0.051438	0.127913	233114	210699	2.19646
0	0.032271	0.147167	246692	232680	-1.64357
0	0.0479732	0.116641	235456	214756	2.10458
0	0.0165318	0.111656	256446	244998	-1.4453
0	-0.0164024	0.0461545	251718	246009	2.46335
0	-0.017754	0.0559983	227688	223619	0.84364
0	0.01177	0.237725	240936	78551	0.137652
0	0.000446938	0.211008	232838	138677	-1.30502
0	-0.00474427	0.202808	234576	176402	-2.21967
0	-0.0407111	0.137978	213660	187220	3.45767
0	-0.0274963	0.116882	240200	222682	2.89848
0	-0.0277016	0.0913474	251376	241073	2.66602
0	0.0319613	0.0672861	232820	222600	0.106132
0	-0.000298332	0.0179112	244928	242961	3.89413
0	0.0098838	0.0363878	241708	239352	-0.429785
0	-0.01528	0.231668	231194	81371	-0.0594479
0	-0.026706	0.264295	228174	137031	0.213025
0	-0.00642192	0.211472	245540	193793	0.485081
0	-0.0426458	0.107714	238628	217752	1.48847
0	-0.0140886	0.0654726	238400	227081	2.5479
0	-0.00279824	0.0581346	242738	229898	-0.788078
0	0.0510131	0.0511108	249164	241310	0.429244
0	-0.0121722	0.0338959	236298	233511	-0.772247
0	0.00880706	0.0361226	243888	241402	1.31978
0	0.0199805	0.265638	251772	78643	0.45365
0	0.00741562	0.210285	237094	140023	-0.420939
0	0.00341428	0.177695	244056	190557	-0.458472
0	-0.0131023	0.145169	237670	201005	-1.08387
0	0.0544221	0.108773	236628	217043	-2.52641
0	0.03076	0.0802851	221970	212044	2.45282
0	-0.0248444	0.0702585	231614	222867	-2.6104
0	0.0317247	0.0477611	253024	247515	-3.37757
0	-0.00840894	0.0060225	259244	257886	7.73984
0	0.0129526	0.296272	233036	70221	-0.0330588
0	0.0344211	0.227911	246004	144320	-0.678703
0	0.00957529	0.197895	237414	184466	1.96797
0	0.000696723	0.138286	249478	223677	1.0744
0	-0.0235326	0.130204	237006	215509	2.56135
0	0.0272102	0.117962	261390	250982	4.34661
0	-0.0194351	0.0750778	243184	232852	4.91574
0	-0.0313266	0.0191269	238832	235219	4.9425
0	-0.00962054	0.0225784	241782	238744	0.660731
0	-0.00457042	0.257512	246004	73184	-0.176191
0	0.0180903	0.254767	236354	123541	-0.510328
0	-0.00739371	0.219362	239452	175833	1.15072
0	0.0571334	0.127986	247730	223693	-0.853545
0	0.0259646	0.0983593	248542	232769	0.580655
0	-0.0141724	0.0717679	252930	240546	-2.77001
0	0.0276868	0.0620521	228804	221542	-3.97117
0	0.0180492	0.0778331	234226	226000	2.19944
0	0.0216385	0.0402979	249094	243003	-2.87625
0	0.0332937	0.255274	238472	72359	-0.486695
0	-0.0218679	0.208454	236392	135484	1.40073
0	-0.00854205	0.249497	233174	180597	1.382
0	-0.000808432	0.17351	237144	208045	-1.04345
0	-0.0044164	0.110621	256116	229903	-2.38694
0	0.0564132	0.076025	250836	240626	0.09205
0	0.0558027	0.0650393	242552	234733	-0.426585
0	-0.0805912	0.0568952	236434	230684	1.14308
0	-0.011	0.0142237	244444	242426	2.30214
0	0.00287482	0.256226	249670	85351	0.700032
0	-0.0300772	0.210313	234266	145024	0.323898
0	0.0251751	0.259323	245090	174448	-0.995498
0	0.0109415	0.142427	247714	219647	1.29409
0	-0.0779962	0.0673886	225268	214476	3.64066
0	0.0155753	0.060057	221332	212830	2.47369
0	-0.0114008	0.0748916	243906	236939	0.17895
0	0.0109862	0.0293151	264062	261038	-2.91199
0	-0.0212028	0.0172977	247748	246802	-2.09731
0	0.0439037	0.236735	251440	68436	-0.0879232
0	0.0228333	0.238578	252388	152771	0.730397
0	0.0314751	0.203744	244326	198086	-0.545831
0	0.0129992	0.173899	237450	205940	-0.466607
0	-0.0655414	0.137539	251274	231449	4.14714
0	0.0279939	0.0737593	239064	229052	-4.82871
0	0.00528847	0.0602492	242516	233788	-2.20005
0	-0.0170204	0.0236541	252280	249136	-0.77821
0	0.0340622	0.0286597	244828	239745	5.26656
0	0.0282109	0.240647	238194	75485	0.110123
0	0.0576931	0.23597	229370	150587	-1.26844
0	-0.0481013	0.156237	256044	210555	-1.07166
0	-0.00661406	0.137993	237010	208767	0.0328162
0	0.0524529	0.126946	234484	215664	2.04908
0	0.00682935	0.0568351	250678	238662	0.295131
0	-0.0200641	0.0386975	238932	231548	3.95084
0	0.0302862	0.0496312	256444	253486	-2.62088
0	0.0627619	0.027959	231672	227159	-2.41148
0	-0.0013594	0.227853	237568	70173	-0.13512
0	0.00202325	0.258797	243314	145801	-0.684558
0	-0.00820705	0.192691	259552	206595	-0.938288
0	-0.0286936	0.0981608	243446	216905	3.06211
0	0.0226212	0.15485	246896	222405	2.09089
0	0.00442403	0.142883	237180	222690	0.0557283
0	-0.0631909	0.038804	239914	233404	2.81954
0	0.00458226	0.0323314	225716	222671	-0.332734
0	-0.0626912	0.0320929	234398	231800	-1.63779
0	-0.00691397	0.280309	252518	70637	-0.114889
0	-0.0102539	0.238433	231788	130483	-1.1443
0	-0.0075516	0.192565	249018	193642	0.891167
0	0.00723679	0.150214	224768	200330	2.42416
0	0.0549171	0.127251	251354	233740	2.10142
0	-0.0364874	0.0549938	237088	227468	1.18679
0	0.0103628	0.0437717	233982	227168	0.853307
0	0.0376083	0.0275196	259764	255845	-3.47226
0	-0.0146768	0.0293989	248654	243430	4.52148
0	-0.00262521	0.265972	225306	62511	0.161105
0	-0.00676106	0.21985	237716	143697	-0.767631
0	0.0170965	0.151455	241222	184937	1.19708
0	-0.0115365	0.107953	243898	216527	1.26878
0	0.0158744	0.0887851	259078	241520	-2.42994
0	0.0150809	0.0723702	243722	237077	-0.201218
0	-0.0222629	0.0308851	256616	251687	0.986446
0	0.0206768	0.0343254	251044	248631	-3.86414
0	-0.036693	0.0346131	238760	234200	2.49328
0	-0.0473706	0.268597	238440	71057	0.370595
0	-0.0407781	0.216655	222378	139970	0.394992
0	0.0138864	0.185203	249832	193100	1.75303
0	0.0362582	0.166457	237532	197487	-1.84241
0	0.0174752	0.101858	246414	233535	-1.24867
0	-0.0387131	0.11348	242356	229216	4.59776
0	-0.0150583	0.039439	257102	249614	-0.379511
0	0.0419842	0.0269151	246598	242151	1.1695
0	-0.0710328	0.0198486	237904	234863	5.93144
0	0.00461556	0.202019	240948	87263	-0.325353
0	-0.0187959	0.249612	251768	151770	0.212443
0	-0.0447324	0.189228	236212	180152	0.0362072
0	-0.0142368	0.153783	246412	218372	0.545845
0	0.0202924	0.101443	230264	212438	-1.42753
0	0.0241143	0.0660326	242568	232638	1.44257
0	-0.00295395	0.0473021	237224	231846	-2.60638
0	-0.0182996	0.0492318	252716	248893	0.55484
0	0.0162836	0.0257323	250822	248735	-0.0962365
0	0.00498749	0.260864	252934	74959	-0.049231
0	0.0597324	0.211654	238066	138111	0.607468
0	0.00217048	0.181388	232734	185942	0.826678
0	0.00701801	0.141448	233466	189881	-2.38625
0	0.00421617	0.0868931	243624	227560	-2.74637
0	-0.0013241	0.0754562	244266	232021	-0.209172
0	0.0375485	0.0645162	252276	245501	-1.92282
0	-0.00848344	0.0415029	237516	232299	0.200382
0	-0.0481525	0.0201428	250776	248784	7.39162
0	-0.0175873	0.28293	245650	70822	0.043705
0	-0.0407591	0.227817	224362	143110	0.619173
0	0.00762266	0.203619	250568	199094	2.82719
0	0.0248586	0.154536	240466	214136	-1.41971
0	0.0284038	0.149343	231946	206485	0.515388
0	-0.0240379	0.11124	252816	240158	2.16207
0	0.0265278	0.0693737	245216	235939	-1.35976
0	0.000278086	0.0400385	258490	254433	-0.8124
0	0.003517	0.0234038	246042	242866	-2.69918
0	-0.00921623	0.258926	256798	65705	-0.549438
0	-0.0309019	0.236243	244076	148331	-0.890747
0	-0.00685961	0.172303	238944	190263	-0.985647
0	0.047378	0.151043	248236	220999	-2.01463
0	0.0134601	0.102306	228596	208558	3.53051
0	-0.0138869	0.106827	247086	228867	-5.40685
0	0.0390436	0.0404835	246516	243487	-1.07137
0	0.019802	0.0321388	255662	252267	-3.43804
0	-0.0448635	0.0256194	239868	237843	-0.208667
0	0.0286993	0.260599	244554	67440	0.20517
0	-0.0100911	0.212113	238706	142601	0.449935
0	-0.0203599	0.176152	252426	179212	0.386864
0	0.00355836	0.169027	243186	206912	-2.7503
0	0.0272029	0.0834536	233436	222019	-1.93252
0	0.00471206	0.0853088	241600	228215	-0.185012
0	-0.0230248	0.0394	247282	242295	-2.28462
0	0.0124097	0.0357934	244922	242171	-3.39258
0	-0.0342195	0.0189735	252072	249411	3.1836
0	0.0503379	0.236858	237780	64942	0.139599
0	-0.00932711	0.237954	248728	151123	0.160752
0	0.0175642	0.179208	249372	206407	0.365822
0	-0.0260243	0.15903	241904	212507	-0.420257
0	-0.0104874	0.0886856	244436	224941	1.36297
0	-0.0209851	0.0985418	254818	241968	-3.43319
0	0.0203037	0.0300093	252048	245528	2.88196
0	0.0205093	0.055076	261066	253922	-4.49095
0	-0.0119062	0.0169575	240810	238487	1.63975
0	-0.0315102	0.270255	255020	81524	0.336289
0	-0.0256425	0.242833	244086	146550	-0.0749074
0	0.0111193	0.181187	248314	193333	-0.350733
0	-0.0281449	0.205172	234946	198823	-1.77646
0	0.0250623	0.12343	257694	240341	-2.59172
0	-0.0105473	0.108641	240656	227354	-2.56685
0	-0.0455197	0.0662738	253440	245552	0.289231
0	-0.0169851	0.0418558	259184	253763	1.19245
0	-0.0230297	0.034518	252928	248788	-0.344413
0	-0.0235889	0.250337	235820	75306	-0.0749358
0	0.00583294	0.277901	240080	147568	-0.246801
0	-0.0375988	0.192838	241890	189397	0.935979
0	0.0146767	0.119087	216440	191010	-0.262902
0	-0.0287131	0.19452	232832	206657	0.540045
0	0.040291	0.0596864	254010	243375	7.08377
0	0.0164079	0.0398926	246294	240029	3.03265
0	0.0539872	0.0690509	239712	229021	-0.639669
0	-0.0476053	0.0291903	238288	235755	3.20444
0	0.000621136	0.231393	244530	82289	-0.122915
0	-0.0519152	0.24627	237306	135713	-0.557402
0	-0.0384498	0.159929	238480	198699	-0.435339
0	-0.0407985	0.136331	248190	220141	1.51209
0	0.00927519	0.102604	251142	233469	-2.21283
0	-0.010754	0.064523	227156	219392	2.65456
0	-0.000915651	0.0462679	231748	226408	-3.23346
0	-0.0188095	0.023818	235516	233149	0.896921
0	-0.0263341	0.0332338	248020	244264	4.31504
0	-0.0202161	0.251408	236704	56050	-0.0575796
0	-0.0103598	0.249181	236908	143746	1.31811
0	-0.0312934	0.200213	248820	198020	-0.55365
0	-0.00741667	0.145329	249336	220366	2.93518
0	0.0278094	0.0914408	258018	243736	-0.0967691
0	-0.0279489	0.0727277	231898	221792	-0.0792352
0	-0.0186495	0.0777851	239782	229887	2.93924
0	0.0160188	0.0272512	245584	242910	-2.20363
0	0.0032816	0.0166402	254990	251289	1.08472
0	0.0195525	0.260817	238178	74481	0.150823
0	-0.0106872	0.218287	234546	130185	0.0398093
0	0.0431326	0.217351	236356	172689	2.41473
0	0.0189736	0.150588	248072	220545	0.833455
0	0.0729374	0.149086	239662	215519	-0.517116
0	-0.0422792	0.0814909	220922	207945	-0.0406359
0	-0.0281464	0.0669283	245738	237310	-5.01979
0	0.000574902	0.0427262	254938	247063	0.104262
0	-0.0218567	0.0110338	253694	252223	3.93926
0	0.0257738	0.254951	238080	74804	-0.56574
0	0.0175204	0.231353	233580	124351	0.516272
0	0.0616932	0.187993	215928	167006	-2.05073
0	0.0120955	0.141779	245788	217162	-0.299063
0	-0.0096206	0.0975975	236342	221015	1.15033
0	-0.00807421	0.0939841	246850	234960	1.30899
0	-0.00374121	0.0304217	249086	244740	2.38177
0	-0.00369395	0.0286168	228858	225446	5.68137
0	-0.00574034	0.0307374	259264	255680	-1.07501
0	-0.0139378	0.216273	239464	84763	0.311866
0	0.0468722	0.205614	230030	143383	-0.0508767
0	0.030695	0.172189	245806	190863	-0.298767
0	0.0103618	0.125013	243426	217269	-1.68606
0	0.0126457	0.150106	240102	217406	-1.22342
0	0.0359109	0.0523145	242702	232854	-0.611325
0	0.0316427	0.0594218	242636	237039	1.02254
0	0.00287006	0.0332723	235384	231655	-2.93664
0	-0.0219555	0.0428604	249904	245865	-3.3837
0	-0.00566872	0.277008	221682	58535	0.00337599
0	-0.00815972	0.21707	232346	137332	0.679202
0	-0.0328339	0.189782	231184	178061	-0.25228
0	-0.0197021	0.201121	251178	211390	-0.854507
0	0.0312144	0.101973	229994	207993	1.04887
0	-0.00585518	0.114508	240620	221532	-3.15059
0	-0.0186543	0.0413752	242372	237133	0.483068
0	-0.0262938	0.042017	228414	224709	-1.049
0	-0.00935225	0.0193866	245466	241258	-0.154053
0	0.0363711	0.270037	239860	71002	-0.0354536
0	-0.0190877	0.20401	244772	153801	0.860217
0	-0.0330398	0.16225	253592	206858	-0.141821
0	0.0140939	0.104217	235822	211580	-0.10559
0	0.0415222	0.0667541	247018	235322	-2.77335
0	0.017976	0.0432103	253518	242119	-4.21668
0	-0.0373543	0.0274035	237280	233084	0.397787
0	0.00662989	0.0276641	256728	252734	-4.9049
0	-0.0490025	0.0254777	253048	249367	1.98326
0	0.0092491	0.230734	245440	65455	0.152534
0	-0.0246119	0.239389	247792	152116	0.0870501
0	-0.0246401	0.223229	220732	175607	0.734548
0	0.000943428	0.138561	225836	199704	1.44265
0	-0.0267336	0.11137	244048	223793	2.61367
0	0.0336116	0.0564208	253208	242613	-4.61551
0	-0.00736382	0.0301336	225862	221397	-0.805426
0	-0.00117717	0.0739573	243402	235931	-6.62101
0	-0.0193465	0.0140666	265892	263247	-1.6093
0	0.039432	0.255011	238918	75140	0.375671
0	0.0316728	0.186218	240828	147527	-0.172346
0	-0.0197913	0.167233	232154	173971	-1.4714
0	0.034487	0.191646	241264	210653	0.999846
0	-0.0231175	0.110204	230874	211038	5.05562
0	-0.0108176	0.116258	240890	221616	1.80369
0	-0.00737737	0.0489712	251058	247831	-3.27883
0	0.033236	0.0408052	256692	251421	1.70732
0	-0.00347621	0.0254764	252038	250411	4.5121
0	-0.00788421	0.212598	246126	81491	0.593198
0	-0.037129	0.235553	251064	174084	0.0495227
0	0.00245163	0.185179	233162	178322	-1.10294
0	0.0123802	0.158138	228502	197211	-1.04721
0	-0.00184016	0.118385	252878	226289	2.85446
0	-0.0145108	0.0649281	234248	224510	-0.195721
0	0.0228647	0.0495647	243286	236781	-1.35301
0	-0.0275285	0.0532327	253352	248136	-3.1733
0	0.00399367	0.0125511	218498	216523	-2.7499
0	0.0116454	0.277151	251254	57579	0.0106191
0	-0.0155755	0.206263	240698	146332	0.108488
0	-0.0117048	0.185563	244882	198965	-0.290167
0	-0.00807446	0.152797	234516	203071	-0.865273
0	0.0085905	0.113677	254614	234047	0.720687
0	-0.0453785	0.0797237	247186	233564	-0.069309
0	0.0116025	0.0545329	236000	227967	2.36612
0	-0.029165	0.0411894	243300	238278	1.1481
0	0.0198151	0.0268305	245268	241457	1.24554
0	-0.00329968	0.229482	239746	72391	0.0600886
0	0.043276	0.233717	236472	147243	-0.125244
0	0.01108	0.194171	241018	184777	-0.998068
0	-0.0124112	0.107416	233560	208513	2.79125
0	-0.0348885	0.121333	233468	217476	-0.554581
0	0.0237002	0.0719991	246778	241272	3.14319
0	0.0486525	0.0396169	251646	243803	0.0753409
0	-0.00304664	0.0560464	241578	236311	0.295019
0	-0.0257636	0.0307838	235606	232082	6.13173
0	-0.023679	0.209529	226416	82905	-0.000730217
0	0.0276171	0.224091	233490	133608	0.0403006
0	0.027716	0.181115	237332	177755	-0.205707
0	0.00755184	0.10578	243890	225723	-1.15634
0	0.0402267	0.0937917	245644	227795	1.46408
0	0.0218776	0.0707434	252470	243635	-0.626468
0	-0.00642758	0.0297905	241756	239236	1.49961
0	0.00397236	0.0442373	261340	258401	2.50131
0	-0.0122925	0.0134749	242748	241360	3.94154
0	-0.0328679	0.254427	244894	85333	0.167182
0	-0.0257175	0.208648	241982	152548	-1.08088
0	-0.0024632	0.15948	237176	182937	-0.699527
0	0.0546527	0.111803	246668	217049	-0.214768
0	0.0255211	0.0818567	245732	235508	3.52466
0	0.0226151	0.062439	255988	250821	2.72674
0	-0.0364278	0.0628295	236710	229599	2.51313
0	-0.0251559	0.0273367	250196	245668	-4.97918
0	-0.0219262	0.0156379	244926	242435	-3.47668
0	0.0603645	0.231771	233740	68738	0.0757144
0	0.0122571	0.24485	237220	145157	0.499058
0	0.0240921	0.213885	228926	193477	0.988055
0	0.0305744	0.153848	248610	214127	-0.966004
0	0.0867394	0.064776	240702	224922	-4.97019
0	0.015041	0.051481	231116	221684	-4.89751
0	0.0165562	0.0393295	251582	247953	-5.08511
0	-0.00876196	0.0217414	249594	248444	-1.43065
0	-0.0158612	0.00579442	256138	255049	1.73633
0	0.00603978	0.209287	245046	73169	-0.209505
0	0.0264629	0.224888	219734	139082	0.262197
0	-0.0426776	0.182682	248108	192530	-1.50045
0	0.0371775	0.15696	231850	203970	0.607999
0	-0.0162878	0.0976172	248732	233432	5.53851
0	0.0227601	0.0509053	249136	240201	0.690221
0	-0.0247719	0.0490618	237242	231075	-0.795493
0	-0.0198309	0.030337	249086	244159	2.14885
0	0.0198616	0.0177954	250158	247647	-0.764692
0	-0.0384697	0.255516	236506	71362	0.0307739
0	0.00781073	0.226896	240462	152540	0.134833
0	0.0159908	0.160339	230602	181735	-0.38014
0	0.0332287	0.15559	244520	213262	-0.714198
0	0.0569732	0.11746	256464	236511	-1.31861
0	-0.0187892	0.0874052	245154	232500	1.46662
0	0.0254129	0.0677316	220256	211354	0.495694
0	0.0212599	0.0493902	248712	243895	-0.252097
0	0.00618645	0.0114368	248690	246401	3.76383
0	0.02455	0.227119	236886	80430	0.264913
0	-0.0295844	0.250728	238492	137990	0.328639
0	-0.0474667	0.23703	241542	183922	0.108965
0	0.0301052	0.124021	244128	221272	2.15733
0	0.0099741	0.116989	232774	212517	2.64934
0	0.0195761	0.124997	224440	207873	-0.249494
0	-0.0168338	0.0400315	235986	231422	1.43284
0	0.0315059	0.0470428	240706	233726	-0.680335
0	0.020196	0.0394519	230118	228485	2.45384
0	0.0288694	0.248358	233676	71042	-0.219929
0	0.0144793	0.224465	253078	156866	-1.0876
0	0.00219629	0.172241	248584	198855	-1.39408
0	0.0342803	0.147403	234010	211099	2.97803
0	-0.00196305	0.138973	232790	216054	3.38351
0	0.0182859	0.0606653	249218	241439	-1.62259
0	0.030712	0.0675008	247630	239360	-1.98112
0	-0.0275669	0.0334528	242704	238851	1.52037
0	0.0249131	0.0421383	253856	247742	-0.814894
0	-0.045196	0.240184	241028	75198	-0.0420972
0	-0.000611569	0.236079	224852	114207	-0.262053
0	0.0220777	0.233838	235184	182310	1.11805
0	0.00836005	0.161323	233682	197318	1.04628
0	0.0259398	0.126324	234172	217821	-3.09502
0	0.00634625	0.0860853	242234	229864	0.378944
0	-0.0553142	0.0635151	244226	236193	1.99925
0	0.0044314	0.0431884	252794	247835	-4.8773
0	-0.0137549	0.00521157	252770	251804	2.38896
0	0.0147916	0.240183	232666	74702	0.1205
0	0.0183724	0.231152	230504	151701	0.266114
0	0.0308218	0.226233	244826	184556	-0.362534
0	-0.0221126	0.116731	230064	196274	1.50704
0	0.0110668	0.0721737	246490	227138	-1.79703
0	-0.0292034	0.0639728	243494	233145	1.191
0	-0.031505	0.0424616	245484	238564	-5.53676
0	0.0362577	0.0397621	245842	242018	-0.739618
0	-0.0114506	0.0231012	251790	248869	1.37568
0	0.00482373	0.241968	238780	78014	-0.381448
0	-0.0182143	0.23405	242988	147480	-0.0205825
0	0.057589	0.210701	261690	204931	-0.149017
0	0.0140702	0.156544	236708	207982	1.35294
0	0.0364522	0.112334	241978	221214	-4.79765
0	0.0392988	0.0771257	243558	230305	0.339169
0	0.0217525	0.0344903	250670	241879	1.15996
0	0.0125989	0.029104	243276	239238	1.9861
0	0.0264447	0.0261331	228998	225564	2.17343
0	0.015401	0.233326	248806	79121	-0.0129591
0	0.0169716	0.223729	228684	150963	-0.641427
0	-0.0222708	0.145187	225274	192767	1.31977
0	-0.00949412	0.103832	244794	222018	1.20809
0	-0.0129435	0.134667	233326	212992	-1.89234
0	0.0200384	0.0979093	252970	242465	0.32722
0	0.0334574	0.0349842	240720	238552	-5.56857
0	0.0120089	0.0496568	241936	235164	-1.31352
0	0.0560101	0.0294722	256254	254157	1.22359
0	0.000358368	0.265988	245348	71528	-0.0550268
0	0.000666613	0.208991	234100	139714	-0.548674
0	-0.0463619	0.17357	253668	200658	1.28363
0	0.00839292	0.150528	251024	213156	2.52716
0	-0.0339734	0.0929389	240836	227409	-0.786857
0	-0.000886843	0.102126	256316	243240	-1.38449
0	0.0337446	0.0774163	237528	232664	-3.35369
0	-0.0188535	0.0755856	248414	238837	-0.680516
0	-0.0344201	0.0066887	252744	251072	-1.12839
0	-0.00585901	0.244053	240348	76081	0.0180353
0	0.0385823	0.237371	240462	144273	-0.198718
0	0.0189993	0.212863	223804	171280	-1.20509
0	0.0386688	0.145931	245422	213737	1.08663
0	-0.00393564	0.0462559	231750	219296	0.114445
0	-0.0447928	0.104344	244428	230396	2.93462
0	-0.0346305	0.0726875	257988	247717	2.68747
0	0.0615191	0.0586197	231064	225722	-3.43675
0	0.000743741	0.0245797	258418	256274	-4.44178
0	0.0315807	0.226018	235580	69640	-0.318375
0	-0.00602702	0.221841	231566	140417	-0.298686
0	-0.0168965	0.185765	245336	193135	0.552759
0	-0.0358598	0.181474	255154	217644	-1.75321
0	0.00632493	0.110117	239426	218626	-2.69213
0	0.0447702	0.0585273	234232	226983	-3.92827
0	0.0201149	0.0463702	250134	243504	-5.11822
0	-0.022665	0.0470398	230574	224006	1.85141
0	0.0460355	0.00983623	254160	251602	0.918437
0	-0.0113535	0.283469	246596	63883	-0.200503
0	0.00324143	0.246193	244956	130345	0.248489
0	-0.00204435	0.19027	246170	192056	2.94081
0	-0.0179669	0.144383	244146	217432	2.27163
0	0.00764096	0.131669	250038	230303	-1.6286
0	0.0162791	0.0610168	249088	237904	-0.891071
0	0.0312375	0.0468599	244800	238777	-2.26008
0	-0.000292718	0.0484147	235810	230234	1.96113
0	0.0382261	0.0206648	251142	248836	-0.313558
0	0.0121739	0.225975	247130	90729	-0.187757
0	0.0305974	0.226936	240784	142420	-1.10699
0	-0.0713508	0.162773	239972	191374	1.86998
0	0.0314411	0.111646	244880	222015	-0.329637
0	0.00115749	0.0957709	245666	232465	-1.46068
0	0.0220091	0.0759529	233840	221679	2.10883
0	-0.0766408	0.0351743	257938	253179	0.513963
0	-0.0420838	0.0415404	231510	224304	-2.7679
0	0.0096252	0.051476	240250	235618	-1.62323
0	0.0185147	0.218406	249604	89402	0.0908669
0	0.0122243	0.253945	250376	142184	-0.359318
0	-0.0252244	0.136884	234886	192889	-1.64292
0	-0.0155424	0.132836	231986	204319	0.77885
0	-0.0113906	0.0988327	252750	232717	-0.101012
0	-0.00480134	0.0809737	240498	229202	-3.00653
0	0.0117499	0.0489726	236830	228513	-5.18506
0	0.00974917	0.0475491	256432	251837	-0.771468
0	-0.0101296	0.0327128	249042	245349	1.71267
0	-0.0260692	0.241533	240518	74507	0.0914564
0	0.000646559	0.223927	241180	146321	1.00453
0	0.0712958	0.221926	254150	204289	-1.81346
0	-0.00887441	0.150661	249000	213970	-1.55076
0	0.000868095	0.117198	233116	209024	3.62088
0	0.0521108	0.0564208	249116	240463	1.19537
0	-0.00890451	0.0408793	247580	241712	2.15335
0	0.0755502	0.02838	250128	246060	-3.67763
0	-0.0716452	0.0063031	240836	239714	-0.879884
0	0.0474279	0.229441	244264	75084	-0.137437
0	-0.021527	0.249275	243088	153149	-0.861319
0	0.0118278	0.179443	235482	187475	2.6534
0	0.00948392	0.140086	227230	198061	2.83375
0	0.0371538	0.121757	257426	234254	0.814997
0	0.0372328	0.0889627	249428	236125	-1.06341
0	0.0205334	0.0295101	249874	245175	-2.68803
0	0.0261539	0.0281692	246014	242011	0.926423
0	0.00296381	0.0296834	233990	229174	1.84482
0	-0.0172231	0.245684	235412	69775	-0.205512
0	0.0244037	0.210018	237418	145600	-0.961629
0	0.0565792	0.2215	238652	187568	0.0882291
0	0.0514016	0.132463	237436	208269	-0.0933365
0	-0.00376401	0.0863245	239074	226774	2.73525
0	-0.0569139	0.075675	246736	237080	0.720843
0	-0.00900647	0.0702298	234776	227898	-0.134337
0	0.020827	0.0412391	244526	239166	-2.99301
0	0.033303	0.0147183	239108	237175	-2.92186
0	0.0324364	0.251339	238196	83395	0.121059
0	0.0403141	0.225971	228672	135878	1.2691
0	0.0500803	0.190015	254038	197968	-1.12171
0	-0.0177126	0.127828	228064	206338	0.896162
0	-0.0043522	0.0991763	252600	236381	-0.126857
0	0.019301	0.0872709	224262	212110	0.0494287
0	-0.0153723	0.0740581	248452	238075	1.38909
0	6.70143e-05	0.0303176	250890	246477	1.3682
0	-0.0178713	0.0340039	245098	242820	-2.8745
0	-0.00523682	0.304441	246582	71416	-0.056637
0	0.017151	0.237428	248494	143584	-0.126373
0	-0.0161358	0.169612	245614	205585	0.658213
0	0.0258067	0.13214	245706	221148	0.717999
0	0.0371472	0.101288	247128	230787	-2.41599
0	0.0309302	0.105431	237976	226703	-0.967654
0	0.00288314	0.0778077	250120	240581	1.95478
0	-0.035753	0.0261315	241318	237707	2.72971
0	-0.0839542	0.0355555	243864	241909	2.97329
0	-0.0266303	0.254354	242828	66772	-0.0672774
0	-0.0341339	0.254628	230180	140315	-0.534053
0	0.0354588	0.19886	248744	200502	-2.47137
0	0.038279	0.140628	246720	220311	-0.405041
0	0.0430082	0.119434	224618	202687	-1.885
0	-0.0239371	0.0682335	238330	232537	-1.81944
0	-0.0262462	0.0663189	237240	229442	4.05119
0	0.0351976	0.0358076	252030	248652	-2.53471
0	0.02002	0.0323572	236100	232609	1.05571
0	-0.027668	0.276498	249970	63550	0.0544246
0	0.0245304	0.212072	246942	155160	-0.208171
0	0.0238326	0.226211	217316	157436	0.33291
0	-0.0147483	0.098949	233542	211797	1.96965
0	0.0802432	0.090952	247668	230913	-3.3435
0	0.00700839	0.0726959	243536	231466	-1.60633
0	0.0266551	0.0763528	243022	237396	2.69508
0	-0.00562657	0.0487687	237310	232144	-1.57921
0	0.0113004	0.0122436	256702	255589	-2.24767
0	-0.00151458	0.227777	232202	79660	0.248198
0	0.0204116	0.18773	252004	155668	0.158401
0	0.00663111	0.19382	235846	179538	1.51883
0	0.00786094	0.146169	223854	193256	0.272897
0	-0.00519505	0.0861124	243684	227613	0.897391
0	0.0208153	0.0764351	236510	229283	1.6488
0	-0.0333378	0.0362341	258118	254201	0.115435
0	0.0355859	0.0635624	255082	246202	-1.26378
0	-0.00401716	0.0466574	244002	241180	4.61044
0	0.0196637	0.235178	240544	85580	0.16972
0	0.00375796	0.245694	240420	135909	0.785001
0	-0.0444545	0.195807	243716	188935	2.68812
0	0.00779655	0.165642	246034	212057	0.632113
0	0.0133311	0.143225	258504	242401	-2.84676
0	-0.00295128	0.0950072	249644	235524	1.17654
0	-0.00301939	0.0824485	237516	229227	0.285749
0	-0.0141179	0.0251684	247672	244174	1.71389
0	0.0020581	0.0689952	235032	227325	3.95718
0	0.0256803	0.248256	234092	60908	-0.177733
0	0.0051765	0.247472	242594	146654	-0.410695
0	0.00186733	0.167731	238102	190967	1.63723
0	-0.016546	0.188943	229046	197879	2.6264
0	-0.00179454	0.0891315	234900	217855	-0.32029
0	-0.00991385	0.0688601	245988	239086	0.149096
0	0.0399597	0.0763378	223546	214345	-2.82485
0	-0.0124711	0.0348082	242716	239233	-3.23117
0	-0.0200948	0.0195754	251294	249656	0.447025
0	-0.00266946	0.258905	251908	74094	0.0950262
0	-0.0328202	0.20808	226128	134902	0.806437
0	0.00114455	0.253465	238830	186834	0.537916
0	0.0232173	0.122347	246228	210720	-4.27059
0	-0.000939368	0.112909	236510	219859	3.36617
0	0.0529691	0.0971193	243356	228474	0.488201
0	-0.0036046	0.0566303	249844	239410	0.660064
0	0.0154987	0.0737409	250134	244015	2.72645
0	0.0350791	0.00833373	253418	252497	0.845361
0	-0.0424038	0.27696	242994	71009	-0.0351483
0	0.0300847	0.197687	223480	135398	-1.16827
0	0.0360121	0.163054	224874	177943	-0.212532
0	-0.0249535	0.145992	246854	217477	-0.171392
0	0.0010329	0.132235	229952	210523	0.630961
0	-0.0308039	0.0887986	231042	220919	7.59684
0	-0.0239762	0.0385661	247070	241926	-1.59751
0	-0.0153143	0.0475694	246602	240771	-2.39328
0	0.00219903	0.0404891	244780	242582	3.83706
0	-0.012264	0.268807	223518	68986	-0.247896
0	0.0370175	0.255831	229944	137674	-0.291713
0	0.0089562	0.210184	254264	197503	0.578652
0	-0.00912956	0.126126	246242	219882	0.543354
0	-0.00327986	0.0690176	245034	230096	-2.98971
0	0.00942562	0.103193	231142	213952	-0.387177
0	-0.0871138	0.0829615	244502	236320	-1.5595
0	-0.00601068	0.0415269	233994	229043	-0.43701
0	-0.0235154	0.0351302	247722	244116	4.34561
0	-0.0208861	0.253534	247998	71669	-0.194534
0	0.0114732	0.243341	250612	147048	0.608639
0	-0.027712	0.143306	234750	183076	-0.94074
0	0.00902751	0.129699	236296	210946	0.656844
0	-0.0353791	0.136097	241808	220931	-1.451
0	-0.00419762	0.0602378	262714	255782	0.228771
0	0.0100372	0.0479928	242948	237192	-0.94648
0	0.032548	0.0378236	240692	236705	-5.20346
0	-0.0302522	0.00795437	246090	245303	-2.34236
0	0.00166095	0.257725	232558	58112	0.237856
0	0.00596043	0.190386	261132	174123	-0.0594455
0	0.0359407	0.194259	221022	166638	-5.17956
0	0.0205531	0.103633	247182	224934	-0.265902
0	-0.0294662	0.098382	246962	228780	-3.2851
0	0.0497317	0.0872255	240868	226871	2.98422
0	-0.0209298	0.0444416	240422	232686	2.95368
0	0.0298016	0.0419763	247352	242750	-2.14137
0	-0.0205461	0.025038	246508	243750	3.97326
0	0.0102844	0.253067	244488	91718	-0.048901
0	-0.00284882	0.211857	228848	131345	0.884905
0	0.0497038	0.213126	234464	176212	-3.33003
0	0.00763547	0.190064	248498	209977	-2.71851
0	-0.0696425	0.152282	251692	230682	-3.42246
0	-0.0557223	0.0784349	239796	227606	0.314657
0	-0.0459402	0.0809885	254386	244174	0.509527
0	-0.0154691	0.0452536	246582	241905	-0.517241
0	0.0503263	0.00606723	252944	251722	-5.14426
0	0.0070825	0.233857	249754	76906	-0.084642
0	-0.0637449	0.220636	238116	140754	-0.638415
0	0.0340513	0.166002	251706	211306	-3.77377
0	-0.0302345	0.159798	232762	205588	0.713193
0	-0.011745	0.0834177	258124	247742	-2.7818
0	0.0519548	0.0818931	246204	233483	0.239934
0	-0.0284471	0.0557666	254448	245277	-4.92921
0	-0.0135799	0.0347793	235786	232019	-3.4641
0	0.0276917	0.020093	220746	218862	-4.91045
0	0.00576092	0.217238	233728	69124	-0.0794149
0	0.0147866	0.255796	238620	139933	0.399714
0	-0.0120169	0.224182	241194	175564	1.87836
0	-0.00612677	0.183559	251246	213729	-0.436479
0	-0.0198029	0.107009	226834	203919	-1.84552
0	-0.00437928	0.0738588	236658	229668	-2.60278
0	-0.0321062	0.0464417	237840	232865	-1.50781
0	-0.0287564	0.0322065	237512	233518	1.76899
0	0.0330695	0.0435021	247244	243951	-4.47147
0	-0.0250153	0.275453	242324	69668	0.264303
0	0.00164236	0.250086	250444	151548	-0.778029
0	0.0745579	0.179062	246836	189931	-0.696926
0	-0.0154205	0.12143	248660	218874	-1.80725
0	-0.0485151	0.142035	240452	222134	0.673234
0	0.0367465	0.082063	244162	232702	-5.48917
0	-0.0418981	0.0590832	249964	239529	7.25254
0	-0.0150957	0.0407938	241294	237844	-1.86014
0	0.0493974	0.0203463	242726	242368	-3.08283
0	-0.0134993	0.240948	240288	66794	0.0883954
0	0.0455361	0.205716	252182	153133	0.586057
0	-0.0326294	0.186426	242078	179885	0.811115
0	0.0317821	0.125604	257484	229423	1.03314
0	-0.0162518	0.0800051	245196	229691	1.92191
0	0.0159433	0.133192	237408	221620	-2.22328
0	0.000236732	0.0628036	243556	236492	2.19459
0	-0.00844307	0.0128308	259096	258488	-2.50501
0	0.00667697	0.0383163	243660	240011	-1.0495
0	-0.0158014	0.259601	244534	70134	-0.374383
0	-0.0503461	0.256354	234752	140912	-0.765796
0	0.0209039	0.229904	219070	170342	-1.09542
0	-0.0227089	0.128401	223868	200272	3.39437
0	-0.0392379	0.112488	245968	231153	-0.688562
0	0.0382908	0.078352	251916	235931	-5.8036
0	-0.0906182	0.062433	253100	245927	-0.159052
0	-0.0535186	0.0397633	240622	236190	-0.547777
0	0.000315947	0.0226719	248612	245691	1.24485
0	-0.00114084	0.215316	235844	76128	0.045079
0	0.0111141	0.230877	241010	130628	-0.634736
0	0.0410539	0.222944	240732	186066	-0.274128
0	0.00558095	0.168113	239024	206010	-0.730865
0	0.00175545	0.102413	231718	211123	0.285577
0	-0.00431027	0.0699727	233172	222032	2.78327
0	0.0313818	0.0942606	254830	246021	0.756661
0	-0.000762344	0.0421942	250362	246168	-3.49845
0	-0.014728	0.00591461	252904	252515	3.72933
0	0.0386365	0.253395	250804	92035	-0.084453
0	-0.00627118	0.198488	243122	153825	-0.863743
0	0.0334766	0.228868	229954	169129	1.2459
0	-0.0383089	0.122558	247432	225531	0.880989
0	-0.0149577	0.066237	233338	219942	-1.32436
0	-0.00857807	0.0780516	228556	219493	3.48354
0	0.00232616	0.072855	225920	218535	-0.170302
0	-0.0380934	0.0524735	246156	240669	2.93298
0	0.00376022	0.00534781	254256	253071	-1.85213
0	-0.00283258	0.258887	252624	70501	-0.0811486
0	0.0016263	0.227792	240484	139815	-0.114356
0	-0.0180473	0.137181	245546	192870	1.78479
0	-0.0234666	0.139336	252826	222362	1.24001
0	-0.0152324	0.125976	237782	223173	-0.638799
0	-0.0315483	0.0850689	233452	222999	-2.28963
0	-0.00343538	0.0752582	238324	231399	-2.19309
0	-0.0527694	0.0447482	234660	230160	6.62062
0	0.00375646	0.0279692	254998	251693	0.923536
0	0.0452319	0.229884	251478	83955	-0.191495
0	-0.00407157	0.230345	238582	139678	1.24266
0	0.0276637	0.20048	255794	197656	0.32294
0	0.000378125	0.185622	239554	209374	2.49404
0	-0.0248931	0.11515	245830	223687	3.43252
0	-0.0170882	0.120232	239184	226345	1.63461
0	-0.0148983	0.0773877	249470	241212	-1.54468
0	0.030256	0.0385678	252170	247166	0.447677
0	0.0473341	0.0161929	246614	246051	-5.17355
0	-0.036439	0.268062	248780	77442	-0.0207353
0	0.00865749	0.243314	257500	141094	0.583611
0	-0.00921575	0.227564	249064	177429	-1.00114
0	-0.00597012	0.163526	252660	210168	3.04247
0	0.00898991	0.167095	238976	220094	-0.780775
0	-0.0133782	0.046316	253438	244909	1.27156
0	-0.055282	0.0987707	242400	228041	-2.67128
0	-0.0208185	0.00939901	247206	244998	1.76935
0	-0.0152045	0.0213943	244068	241568	4.58946
0	0.0339982	0.262078	241794	83123	-0.17825
0	-0.0239795	0.222404	243134	148258	0.256516
0	-0.0449132	0.236344	249732	190177	-0.885745
0	0.0253982	0.131896	252018	215847	-2.0097
0	-0.0397786	0.130577	259464	238768	1.76501
0	-0.0144414	0.0696871	229086	217296	-0.0982157
0	-0.0223086	0.0488003	246978	242406	-10.1011
0	0.00811165	0.0376604	254134	247959	3.17185
0	0.0495853	0.00980424	251438	251229	0.105595
0	-0.0145913	0.214968	248668	71540	-0.163303
0	0.0123711	0.222456	243254	159573	-1.19099
0	-0.00838643	0.180457	247332	191721	-0.557396
0	0.0594998	0.119887	241556	206647	-0.671129
0	0.0249808	0.0833586	237142	218390	-4.07346
0	0.0314839	0.091543	239078	220151	0.0879498
0	0.00414427	0.0570602	246662	240372	1.53033
0	-0.0179279	0.0297108	234960	231888	0.750801
0	-0.0177064	0.0224994	241838	239828	2.34726
0	0.0180379	0.261121	240312	74560	0.401151
0	0.0100555	0.27307	231036	122409	0.769901
0	0.0184186	0.199418	255720	204059	-0.723271
0	-0.0339231	0.141219	256784	221482	-2.07595
0	0.049288	0.0846015	242716	222662	-2.83491
0	0.0173462	0.107403	246742	232237	-1.27609
0	0.0220225	0.04749	263114	253902	-3.18251
0	0.0356908	0.0408743	246116	239785	-1.88749
0	0.00761029	0.0284417	253672	251246	5.29299
