0	-0.0396458	0.250422	274284	34008	0.117563
0	0.02279	0.234311	284244	101927	0.835229
0	-0.0247088	0.199668	270290	132028	0.907057
0	0.0190936	0.194283	280276	162005	-0.211973
0	0.0796814	0.203519	266344	184033	-2.03156
0	0.00405828	0.188282	286260	227975	0.625212
0	-0.0297014	0.179684	272260	235984	0.253691
0	-0.0204062	0.147422	284150	251974	0.535398
0	-0.0448084	0.0725844	280280	274140	4.19018
0	-0.0230863	0.28726	286234	41979	-0.0393052
0	-0.0124919	0.2677	286228	81951	0.215733
0	-0.0109809	0.219636	274266	119940	-1.25861
0	0.0516516	0.206666	284250	183897	2.13236
0	0.0355205	0.225853	276294	197894	-2.61841
0	0.0460942	0.196492	276304	214008	2.66827
0	0.0219118	0.187961	280244	241959	-3.0593
0	-0.0118689	0.158581	290200	257994	1.1033
0	-0.0125261	0.11935	266304	254133	-0.724728
0	0.0120905	0.237795	270314	43980	0.0415087
0	-0.00420352	0.228142	284242	75995	0.0901153
0	-0.0127817	0.247631	286252	117987	0.191562
0	-0.0274986	0.195891	280300	167989	-0.506095
0	-0.0161611	0.220933	264294	168013	-0.502085
0	-0.0305613	0.199147	270304	218022	3.52392
0	0.026617	0.16031	284236	234073	1.70941
0	0.00897644	0.0924832	290208	276044	1.1117
0	0.00600783	0.100687	274286	260163	0.733006
0	-0.0153327	0.232886	274246	38039	-0.0436498
0	-0.0256514	0.275584	280270	85978	-0.103368
0	-0.00627119	0.257862	284238	108027	0.439864
0	-0.0400736	0.21835	282226	175942	0.716806
0	-0.00396425	0.184209	274268	207947	-0.489416
0	-0.00515011	0.153484	284258	228021	-0.0825165
0	0.0497857	0.131898	278274	250053	0.797463
0	-0.00748926	0.14158	278270	244135	-2.17714
0	0.00975379	0.111144	278294	260122	1.03576
0	0.0213379	0.266745	278266	53945	0.0464571
0	0.00609222	0.222542	272282	70026	-0.0239188
0	0.000382104	0.266392	272292	112015	0.451181
0	-0.0197323	0.224218	274264	165911	0.90512
0	0.0503789	0.187713	284226	188022	-1.31345
0	0.0307482	0.174373	282252	202122	2.45634
0	-0.0235803	0.144315	280276	242078	-2.98962
0	0.0383393	0.154555	272266	252037	-5.36195
0	-0.00184673	0.0866286	274300	260166	5.77118
0	0.0127261	0.297245	280284	37964	0.0348894
0	0.0312474	0.242619	282248	75982	0.27339
0	0.0156876	0.264308	280240	114000	0.134285
0	0.00569777	0.210505	272288	171921	-0.42591
0	-0.0235171	0.21756	276280	185965	2.55671
0	0.0374155	0.213292	282268	235948	1.28503
0	0.00383237	0.17949	288236	253982	-2.0645
0	-0.0229205	0.112601	282210	254066	2.42067
0	-0.00976257	0.0792653	272290	264148	0.703339
0	-0.00467887	0.258169	288236	26032	-0.143654
0	0.0182244	0.269253	276288	69994	-0.550574
0	-0.00774535	0.25466	286226	137923	1.25621
0	0.053954	0.198682	286234	175952	0.100264
0	0.0346336	0.201089	274296	204004	-2.02005
0	-0.0194773	0.20004	266296	208034	-1.17854
0	0.0230455	0.132452	282256	252026	-2.5788
0	0.0324387	0.161484	282262	252052	-2.11741
0	0.0266117	0.105441	284238	266144	-4.36819
0	0.0322036	0.25639	286224	32015	-0.159676
0	-0.0181465	0.220877	274284	58074	0.284284
0	-0.0030939	0.283995	274290	111980	-0.252443
0	-0.000799794	0.268809	260338	149926	-1.04604
0	-0.0157435	0.200142	284242	203929	1.0112
0	0.0578202	0.195764	270290	209993	-0.330055
0	0.0540894	0.149391	276286	246050	0.0874142
0	-0.0789919	0.16388	274312	246055	0.66328
0	-0.0185639	0.0801705	284234	272129	4.57133
0	0.00451355	0.256892	284228	43971	0.208413
0	-0.0313751	0.221724	282250	85991	0.713241
0	0.0197524	0.288285	274298	111927	0.631324
0	0.0146807	0.23906	280248	157953	0.172339
0	-0.0648277	0.168508	284236	184059	-0.309874
0	0.0254089	0.181497	276294	220011	-0.476398
0	-0.024779	0.197048	286214	228012	4.19238
0	0.0116248	0.131183	278252	256023	-3.10355
0	-0.02952	0.073995	282224	272111	0.397857
0	0.0443605	0.237621	278284	35990	-0.224965
0	0.0252309	0.253688	278230	101899	0.0111057
0	0.033255	0.255657	276290	123933	-1.07982
0	0.00987743	0.247467	272302	139980	0.469932
0	-0.0532725	0.2138	268284	191984	0.466471
0	0.0315497	0.174869	272298	216033	-5.89543
0	0.00668479	0.150663	274302	232096	-2.61895
0	-0.0138271	0.158526	284236	250027	-1.73621
0	0.040828	0.0952873	286218	266071	3.23684
0	0.0285365	0.241987	276240	45980	0.0124222
0	0.0514655	0.249971	284240	93924	0.599825
0	-0.0448201	0.206836	280244	149911	-2.05601
0	-0.00976065	0.233158	284282	150009	0.976792
0	0.0627838	0.220375	280248	209902	-1.05019
0	0.000540202	0.138441	280254	222054	2.18188
0	-0.0238093	0.150407	282224	244015	5.0744
0	0.0213466	0.127655	280294	260082	0.0610054
0	0.0501717	0.113042	276248	262100	1.36559
0	-0.00165849	0.228641	276276	53966	-0.0453939
0	0.000425446	0.271323	282246	71985	-0.205215
0	-0.011426	0.235103	274242	109970	0.0273951
0	-0.0179249	0.214977	274254	167950	-0.168504
0	0.0309859	0.241602	284192	181959	-0.418507
0	0.000706259	0.222569	278258	219989	1.17106
0	-0.0732147	0.129924	278290	232098	5.8267
0	0.00690839	0.0912538	274298	260124	-1.03057
0	-0.0780303	0.130331	288230	260106	2.96394
0	-0.00707281	0.280596	282260	33995	-0.0672401
0	-0.0132596	0.259468	286248	81963	-0.242612
0	-0.00613366	0.234976	276282	127968	0.465787
0	0.0137104	0.208732	284274	187956	0.48206
0	0.0533274	0.21858	286252	180018	2.57833
0	-0.0330587	0.155223	282254	239964	0.158181
0	0.0201511	0.164283	278250	240053	-2.08317
0	0.0353934	0.125593	282242	260065	-2.80778
0	-0.012255	0.0877932	284252	266131	3.79494
0	-0.00263828	0.266417	270274	35993	0.165027
0	-0.0080513	0.234925	268302	78009	-0.38056
0	0.015953	0.204636	276238	115996	1.54014
0	-0.0105521	0.222495	292224	167953	0.973451
0	0.00880715	0.197863	274270	189962	-0.30975
0	0.0175904	0.185605	266300	206052	-0.954053
0	-0.0241589	0.161335	278294	230058	1.55524
0	0.0156028	0.113313	278260	266065	-2.34194
0	-0.0291997	0.107914	272302	260120	0.245298
0	-0.0466187	0.269623	290222	49962	0.145049
0	-0.0382616	0.243111	284246	97933	-0.359954
0	0.0155617	0.238374	266330	129929	1.25045
0	0.0357395	0.222603	282250	161974	-1.68681
0	0.018615	0.215398	276280	207951	-1.59063
0	-0.0325339	0.202121	282216	206004	2.744
0	-0.0228946	0.116227	278278	248103	1.97135
0	0.037052	0.106106	272296	244152	2.64916
0	-0.0651572	0.0992546	286234	270094	4.16873
0	0.00308443	0.203467	276296	59990	0.133987
0	-0.0188274	0.260314	278246	99898	0.221899
0	-0.0450372	0.250428	270310	125920	0.127631
0	-0.0142112	0.227699	268294	159924	0.538173
0	0.0159428	0.207477	280254	209940	-0.122672
0	0.0297567	0.167797	274286	225975	-0.250171
0	-0.0071329	0.155231	278286	230100	-1.3527
0	-0.0162714	0.135951	282226	252057	-0.0536151
0	0.00670097	0.0795982	290212	274113	2.77854
0	0.00500542	0.26171	282248	47988	-0.0546092
0	0.0623481	0.232479	278258	91936	-0.177228
0	0.00600449	0.224053	268330	135981	-0.323526
0	-0.000557388	0.211268	280260	153992	-0.113635
0	0.00445909	0.166827	276260	198018	-2.81925
0	0.0121493	0.159376	282242	220010	-4.25119
0	0.0344089	0.157451	278268	252002	-0.980915
0	0.00673123	0.125778	280242	254060	-4.36402
0	-0.0405275	0.106386	254374	240205	5.10413
0	-0.0179536	0.284116	280284	37992	0.153591
0	-0.0414724	0.236513	272304	101925	0.833175
0	0.0153063	0.243576	266284	118002	0.52211
0	0.0187631	0.275169	272310	128021	0.408956
0	0.0267448	0.237023	280262	183950	1.01307
0	-0.0290411	0.194326	272286	221966	3.66306
0	0.0201516	0.174548	280242	237988	0.55312
0	0.00165652	0.112798	278254	262067	-1.22593
0	-0.00301447	0.0897579	274236	262095	-0.739739
0	-0.0111585	0.259509	280262	38012	0.0332516
0	-0.0324318	0.249372	280254	73996	-0.431768
0	-0.010035	0.216942	274282	133941	-0.0330232
0	0.0453147	0.246097	280248	163939	-1.39566
0	0.0257113	0.200882	286246	182053	-0.144842
0	-0.0270115	0.172067	282226	220009	-1.46944
0	0.0522106	0.115688	286240	260051	-5.02146
0	0.0131691	0.122405	274242	252047	-1.44815
0	-0.0352587	0.0769397	282264	272140	-3.09011
0	0.0285766	0.261588	272306	30004	0.24199
0	-0.010346	0.225704	268320	84038	0.526408
0	-0.0176121	0.218614	268302	112049	-0.437484
0	0.000328152	0.229967	272288	147987	-1.78123
0	0.0218674	0.19007	272312	201994	-0.331866
0	0.0137152	0.163002	268276	220022	-2.88596
0	-0.0250309	0.122696	284198	238058	-1.68279
0	0.0164674	0.113992	282210	265992	-4.60987
0	-0.0247051	0.108475	286216	268074	0.329291
0	0.0506676	0.23762	282248	47945	0.0406917
0	-0.010641	0.249009	282248	101902	0.55491
0	0.0168452	0.231319	284214	135977	0.581502
0	-0.0246671	0.25727	288226	177840	-0.827406
0	-0.00466194	0.220173	274286	174040	-0.384685
0	-0.0254866	0.192684	284254	213986	-2.08275
0	0.0282149	0.123784	278252	244084	0.508598
0	0.0244826	0.131782	288212	264022	-5.68293
0	-0.0181353	0.0718375	282226	276091	3.50851
0	-0.0306905	0.27043	280242	41983	0.0903754
0	-0.0264188	0.254381	268310	70020	0.157982
0	0.0129949	0.215199	284262	123972	-0.913422
0	-0.0322788	0.268809	256352	138007	-0.536296
0	0.0207721	0.22832	266276	193891	-1.30465
0	-0.0100142	0.196288	282270	219961	-2.72677
0	-0.0455415	0.175437	262328	232045	0.295778
0	-0.0120457	0.101118	286260	266117	-0.289392
0	-0.0219765	0.111524	290180	264073	-0.660381
0	-0.0238767	0.251107	284238	57928	0.0114177
0	0.00508135	0.283308	274272	79941	-0.0213256
0	-0.039147	0.241234	286234	139926	1.40044
0	0.0167634	0.188953	276224	173915	-0.888924
0	-0.0329954	0.287963	282286	187894	1.82474
0	0.0567185	0.155545	270318	212056	2.15551
0	0.0192068	0.14119	286252	248031	2.19297
0	0.0588702	0.145027	272296	234134	-2.10455
0	-0.0383715	0.11056	282230	264073	0.434307
0	-3.8e-05	0.232436	282262	44016	0.0748256
0	-0.0531712	0.258857	272296	69994	-0.180625
0	-0.0375139	0.232554	276286	127971	-0.716114
0	-0.037841	0.207784	284230	165994	0.624818
0	0.00085649	0.209724	276216	175973	0.312775
0	-0.0181307	0.170645	288230	218078	4.86758
0	-0.00959007	0.166188	270282	232023	-0.631132
0	-0.0102644	0.161281	274280	244045	-1.6666
0	-0.0319127	0.131763	276260	260078	5.98864
0	-0.0200831	0.252014	270280	45968	-0.0974668
0	-0.00762951	0.259723	280246	87944	0.49902
0	-0.0344755	0.269991	278246	115995	0.400974
0	-0.00231185	0.225498	280252	160010	1.40373
0	0.0321547	0.23133	282254	199922	-1.40035
0	-0.0273149	0.161283	270274	214004	-0.269417
0	-0.0248635	0.20852	280282	220028	4.80344
0	0.0053116	0.0822375	276274	258134	1.00852
0	0.0134567	0.105339	274302	256147	-1.9678
0	0.020148	0.2621	280256	43999	-0.02783
0	-0.00980767	0.231661	272262	77988	-0.22406
0	0.048988	0.269942	274262	99991	0.658096
0	0.0205129	0.243437	268350	165923	0.371678
0	0.0681955	0.217417	272292	194015	0.905476
0	-0.0434054	0.173343	274266	213968	0.297226
0	-0.0316344	0.161077	282240	240049	-3.97341
0	0.00750334	0.118876	288218	264024	-1.97427
0	-0.016072	0.0709222	280238	272096	2.20384
0	0.0252392	0.255527	280266	45973	-0.40537
0	0.019046	0.246174	278262	62010	0.0585791
0	0.0561539	0.242792	276252	125931	-0.388967
0	0.00645192	0.213505	270288	163967	1.39401
0	-0.00517444	0.230303	266312	181944	-0.183517
0	-0.0107454	0.181142	284220	223922	2.11037
0	0.000839387	0.174148	278230	233997	1.00759
0	0.00426792	0.139057	288208	258006	3.29281
0	0.00203164	0.151994	278268	250111	-3.40661
0	-0.013235	0.21649	282254	34029	0.101012
0	0.0466072	0.231145	268280	91992	0.0286099
0	0.0341706	0.22085	280246	118050	-1.34145
0	0.00415631	0.2042	276282	177952	0.175585
0	0.00639962	0.21239	264302	188008	0.650407
0	0.0264026	0.19823	282250	219968	2.24116
0	0.0378407	0.147055	288254	258017	-0.836869
0	0.00657111	0.132232	276258	256056	-4.04696
0	-0.0293926	0.106782	282242	268124	-1.15259
0	-0.00536889	0.277061	268358	39953	-0.0865748
0	-0.00532988	0.232032	270262	81999	-0.169751
0	-0.0317382	0.248363	280284	120021	-0.581
0	-0.0152988	0.252121	272308	158026	-2.1755
0	0.0366068	0.202805	280268	176047	-0.568847
0	-0.0094474	0.199441	288214	225942	-2.07292
0	-0.0148355	0.129508	280256	244045	-0.662574
0	-0.0343447	0.102727	278284	254098	1.36626
0	-0.00345796	0.0944913	276296	266131	-1.92234
0	0.0359819	0.270295	284248	41984	0.0813249
0	-0.019234	0.221338	272284	89991	0.904109
0	-0.0342286	0.229954	280256	131958	0.214836
0	0.00188037	0.216353	264294	151932	3.55847
0	0.0309292	0.170352	274294	212009	0.404544
0	0.0103044	0.174949	282246	216027	-1.91519
0	-0.0344008	0.125347	270284	234091	-0.488253
0	0.00185283	0.114236	278278	260076	-3.47178
0	-0.052635	0.0900936	286206	274076	3.07302
0	0.00912137	0.231583	274302	38019	0.190852
0	-0.0219607	0.253999	272282	77996	-0.708292
0	-0.02315	0.259794	282262	129947	0.287527
0	0.0061994	0.230014	272292	157946	-0.13414
0	-0.0183012	0.194201	278268	205953	0.0839402
0	0.0337791	0.153226	272264	220042	-4.66576
0	-0.0200367	0.160295	282272	230086	2.99643
0	-0.00569411	0.138564	272306	252072	-5.26593
0	-0.0219631	0.118052	272284	260085	-0.824332
0	0.0408039	0.255897	290212	38002	-0.0359001
0	0.030897	0.201605	274286	102000	0.0603974
0	-0.0226495	0.230031	282276	131979	-0.613932
0	0.0401089	0.267791	282234	145964	-0.686727
0	-0.0120209	0.206381	282234	199924	1.72663
0	-0.0150601	0.190221	286228	196057	3.07645
0	-0.0146988	0.143255	278278	242072	-1.08242
0	0.0362093	0.120138	274286	246139	0.815342
0	-0.00790722	0.0870213	274282	266155	5.8414
0	-0.00594481	0.212925	282246	42009	0.0113768
0	-0.0356361	0.251255	268308	74033	-0.398335
0	-0.000928178	0.232245	288200	135925	-0.0889953
0	0.0105419	0.216457	284226	163903	-0.49574
0	0.00525604	0.221988	286228	181947	0.725598
0	-0.0221197	0.183561	288218	223988	2.08696
0	0.022447	0.180803	274280	234026	-1.22772
0	-0.0384956	0.16171	286244	250082	0.116834
0	-0.00260339	0.0770117	280250	272123	-0.770778
0	0.0114855	0.278075	282228	37999	0.0586015
0	-0.0169202	0.22461	262342	89977	0.511876
0	-0.0097124	0.22682	262298	124003	-0.887888
0	-0.00880386	0.239054	280236	147919	-0.646454
0	0.00238638	0.211763	284258	205977	2.58192
0	-0.0444039	0.194769	272304	219943	-0.361683
0	0.0181726	0.155766	278254	238049	0.395104
0	-0.0225911	0.156036	276302	250072	-0.824087
0	0.0170286	0.0670237	276292	268181	2.0815
0	-0.00284704	0.230016	278272	47982	-0.0757028
0	0.0438928	0.245332	282266	83999	-0.310286
0	0.00784629	0.250854	284218	118006	-0.027955
0	-0.00410871	0.190104	282242	167991	0.300507
0	-0.0409847	0.228373	268294	184019	1.27427
0	0.0270471	0.17492	276294	220079	2.13912
0	0.0507753	0.118836	272298	246095	-0.56149
0	0.000776622	0.12958	284248	260063	-0.851958
0	-0.0112816	0.0995023	288212	278061	1.78714
0	-0.0244078	0.210549	266306	28041	0.217918
0	0.027805	0.232366	276246	82008	-0.0160871
0	0.0300595	0.220663	268308	109986	-0.908732
0	0.00245097	0.214316	280250	177921	0.373924
0	0.0522165	0.180656	278288	194035	-2.13285
0	0.0165932	0.204216	286244	231920	0.958851
0	-0.00958299	0.13112	290244	266036	2.44623
0	0.0120009	0.138051	278258	258034	0.092743
0	-0.00614087	0.113641	286262	264113	2.09607
0	-0.0330723	0.254853	270270	53952	0.228518
0	-0.0295129	0.225614	268318	82001	0.0577406
0	-0.00364869	0.201304	268308	128019	-0.34388
0	0.056115	0.214068	264304	153980	-0.65344
0	0.0308273	0.204805	278256	195924	1.9328
0	0.0203389	0.189791	260314	212002	3.40961
0	-0.0404068	0.13935	280222	252026	3.70684
0	-0.0350878	0.109896	278244	254126	-1.99961
0	-0.0247874	0.084116	286234	278100	-2.61831
0	0.0599196	0.232736	282240	41984	0.209185
0	0.0132597	0.261923	268326	81992	0.198266
0	0.0248173	0.258613	286248	127972	0.770496
0	0.0262657	0.223698	286224	179904	0.326596
0	0.0774688	0.154642	278258	211979	-2.189
0	0.00133712	0.147605	290220	238030	-0.786348
0	0.00253933	0.133493	286270	242098	-0.880046
0	-0.00341776	0.0799522	274278	262133	-3.03391
0	-0.0223454	0.117899	282210	264061	3.68158
0	0.00527734	0.210339	288234	34012	0.0192266
0	0.0287139	0.238082	268270	81998	-0.413093
0	-0.0485348	0.224075	276302	124063	0.256712
0	0.0393066	0.227778	282248	173927	-0.0307323
0	-0.00426222	0.208552	270298	181995	1.93083
0	0.0208087	0.13995	270266	216022	1.27564
0	-0.021099	0.132813	282250	246095	-1.89738
0	-0.00656284	0.134916	272270	244038	-1.83158
0	0.014757	0.0832783	290242	278152	0.766666
0	-0.0382315	0.255705	272282	30035	-0.040697
0	0.00565838	0.245899	278274	72026	0.780536
0	0.0128353	0.208262	286232	149926	0.566517
0	0.0257021	0.268048	274270	127998	1.54378
0	0.0625629	0.202057	280218	201962	-2.99551
0	-0.0101438	0.186329	274280	208023	-1.12699
0	0.0220394	0.141021	288210	240027	1.50776
0	0.0049297	0.142546	280232	254023	4.64696
0	0.0121658	0.109836	274288	264096	1.97003
0	0.0250515	0.227582	276222	47954	0.114471
0	-0.0286045	0.26172	284278	93902	0.0346713
0	-0.0492522	0.276984	282220	109946	0.644618
0	0.0326031	0.219971	266308	138015	1.40795
0	0.0190839	0.195201	272300	182061	-0.0835915
0	0.0232555	0.234398	260358	196005	-1.35332
0	-0.0153083	0.115864	286256	242087	0.975217
0	0.0248608	0.116705	272302	252108	1.31318
0	0.031542	0.104445	272286	260141	-0.949964
0	0.0287082	0.248604	282240	49959	-0.171593
0	0.0131696	0.240677	274266	103927	-0.694712
0	-0.00608261	0.22517	272286	119949	1.0896
0	0.0424412	0.23506	288204	187847	0.529769
0	0.00330353	0.238935	280268	203864	1.80354
0	0.0171716	0.182958	268272	219972	-1.2883
0	0.0306287	0.163417	278258	239992	-1.95614
0	-0.0202769	0.0945301	278280	252137	-0.666633
0	0.0162539	0.120375	272300	260138	1.78286
0	-0.0454919	0.241405	282278	38028	0.0466652
0	-0.000601167	0.246979	288236	79981	-0.265174
0	0.0259083	0.265224	284240	133923	-0.0311255
0	0.00486086	0.245307	284236	167924	2.09604
0	0.0241232	0.242145	276280	195915	-2.55005
0	0.0151152	0.185983	254378	213981	-2.25174
0	-0.0609009	0.128117	284228	258022	3.67527
0	0.00158076	0.139498	282194	265980	-4.02211
0	-0.0155766	0.0989506	284250	276108	2.93548
0	0.0158302	0.241489	276224	49963	-0.191088
0	0.016704	0.243401	276262	86004	0.766635
0	0.0307511	0.262758	274294	129939	-0.341302
0	-0.0236419	0.198514	274272	144043	1.96582
0	0.00852866	0.161651	280252	192079	-1.03559
0	-0.0317826	0.172564	282218	227954	1.96475
0	-0.037215	0.119703	282246	254046	-3.82378
0	0.0413489	0.15102	268296	240091	-2.26698
0	-0.0155613	0.0854568	282250	266136	2.60891
0	0.00468782	0.242067	272298	34020	-0.340676
0	-0.01833	0.24651	282262	87934	0.0141066
0	0.0597199	0.257793	274242	115943	-0.788297
0	0.0205979	0.213726	284252	155970	-0.605353
0	0.0240002	0.201373	280284	188013	-1.06204
0	0.0415231	0.158464	272312	210077	-0.328107
0	0.0302455	0.129215	286242	246049	-1.38796
0	0.0164425	0.120541	288234	274007	0.83301
0	0.0249195	0.0934016	268266	262097	2.63099
0	0.0146915	0.234375	280268	33995	0.199882
0	0.0183002	0.244687	282244	99977	-1.04002
0	-0.0217207	0.203446	274292	114047	1.15475
0	-0.0050459	0.214599	278286	163949	-0.126375
0	-0.0245514	0.216546	270284	178014	1.59004
0	0.0310196	0.206973	280244	223963	-2.96714
0	0.0345999	0.124927	282222	248058	-5.91134
0	0.0157209	0.172217	280226	236069	-2.42711
0	0.0507471	0.110561	288240	274058	2.80248
0	-0.000314781	0.266887	284216	37982	0.146918
0	7.47175e-05	0.231476	266332	89949	-0.371105
0	-0.0424774	0.225766	282242	111970	0.118278
0	0.0152687	0.24593	276256	157926	0.464423
0	-0.0387753	0.196189	282252	172050	0.65372
0	-0.000569919	0.196581	284226	229985	-1.47956
0	0.0290117	0.177447	274286	234015	-1.93383
0	-0.022159	0.125701	282284	262122	0.311146
0	-0.035297	0.108855	278280	264093	-0.865309
0	-0.00583566	0.245151	274290	47979	0.0110302
0	0.03899	0.250713	288258	85947	-0.321025
0	0.0139204	0.254237	276258	127918	0.318572
0	0.039945	0.242105	268294	124030	0.703789
0	0.00329891	0.143199	284284	198059	-2.05592
0	-0.039011	0.203947	280270	217995	1.20009
0	-0.0302291	0.169258	286220	232061	1.36704
0	0.0500076	0.168298	280248	252022	0.0167199
0	-0.00716396	0.0981108	290222	274109	-2.06947
0	0.0310962	0.227733	266316	40008	-0.17302
0	-0.00660636	0.23416	280272	81990	-0.124884
0	-0.0138963	0.216414	276226	113991	-0.347297
0	-0.039549	0.228023	274292	153926	-0.64647
0	-0.00328525	0.185694	282234	197964	0.190923
0	0.0332014	0.156045	284260	232024	-0.457634
0	0.00725274	0.141973	290196	251993	-1.25957
0	-0.0168553	0.140098	264322	240124	0.10851
0	0.0388391	0.080583	272258	260136	3.07736
0	-0.0111721	0.285288	272302	32005	-0.254922
0	0.00326206	0.259262	276264	95880	0.242299
0	0.0110537	0.250351	280258	127895	-0.988612
0	-0.00991181	0.228744	286232	173937	-0.144907
0	0.00454018	0.209346	284240	179980	-0.698365
0	0.0113988	0.173985	280234	223981	0.573022
0	0.0233152	0.138745	260316	232045	0.116626
0	0.00611626	0.133954	284236	256017	0.0384425
0	0.0300639	0.103344	284226	260121	2.13509
0	0.0117946	0.227649	266340	57968	-0.0739635
0	0.0273129	0.25249	282256	81985	-0.121637
0	-0.0705247	0.222432	274230	120014	1.62217
0	0.0299802	0.213848	262348	163955	0.108634
0	4.00879e-05	0.176599	282284	219866	-1.12545
0	0.0255035	0.141002	268300	230073	1.06052
0	-0.0761537	0.124921	278284	238099	0.367834
0	-0.0455342	0.130449	280262	248117	-1.7328
0	0.00159908	0.140911	284258	260070	0.784605
0	0.0183141	0.220072	286236	55975	0.15105
0	0.0131576	0.261603	270312	71987	-0.639315
0	-0.0305202	0.211177	278268	132002	-0.0541861
0	-0.0157324	0.215102	286214	175900	0.835848
0	-0.00961742	0.173374	276282	192039	-0.632967
0	-0.0182063	0.200661	288234	212019	1.01496
0	0.000189861	0.176139	268312	212141	-1.71706
0	0.0101888	0.103942	282232	268057	-0.903365
0	-0.0104961	0.0922662	280244	266148	1.82262
0	-0.0254585	0.242652	274286	44012	-0.0917583
0	0.00341574	0.240913	276290	81971	0.17378
0	0.0640383	0.28334	278274	131919	0.363802
0	-0.0161103	0.248047	270290	132009	0.620016
0	0.000479415	0.219349	274274	197950	3.73749
0	0.0524868	0.172744	280278	229997	1.08259
0	-0.00419842	0.129395	288268	250043	0.741525
0	0.0661377	0.16546	278264	236083	-0.853873
0	-0.0719836	0.0658907	284226	278085	-0.778364
0	0.0467992	0.230736	274278	38010	0.0511843
0	-0.0244718	0.258352	286250	82010	0.0220935
0	0.0176202	0.247364	284230	137903	0.915661
0	0.0145021	0.214113	268314	179910	1.32829
0	0.0380312	0.202408	276280	203965	0.551768
0	0.0238742	0.190918	284270	220043	2.94419
0	0.0129444	0.13622	262322	232048	-0.411338
0	0.0254929	0.12791	286240	266025	1.12471
0	0.00587771	0.101723	276260	262131	0.970652
0	-0.0171894	0.246893	278248	41997	-0.215622
0	0.0194605	0.232012	280276	91965	0.521334
0	0.0561828	0.263302	278302	137921	0.207126
0	0.0489705	0.202527	286242	177929	0.636007
0	0.0048865	0.178583	268282	195972	0.140099
0	-0.0537502	0.198791	286242	208047	-0.228266
0	-0.00729544	0.147523	276260	254002	-0.647647
0	0.0132642	0.130011	278282	250085	-0.724158
0	0.0365984	0.079358	292204	276052	-3.91047
0	0.0322824	0.252634	278278	45954	0.167257
0	0.0437241	0.23609	290222	81950	0.24611
0	0.0471565	0.230933	282250	139929	-0.244568
0	-0.0210493	0.236715	280214	161903	1.89716
0	-0.00772423	0.194161	282260	192035	0.884749
0	0.0150341	0.207872	274298	217936	1.3295
0	-0.0128529	0.165066	282220	251951	0.633278
0	-0.00277032	0.124177	280240	254039	2.21939
0	-0.0255008	0.105951	290224	278112	-0.585668
0	-0.0058205	0.305094	276300	41957	0.118466
0	0.0146819	0.248886	284236	85976	0.614337
0	-0.0165697	0.233216	286194	137913	0.788362
0	0.0267233	0.220655	278226	133990	0.443011
0	0.0269783	0.216433	276270	189952	0.634663
0	0.0300264	0.21113	288226	213977	-0.696501
0	0.00735086	0.185091	282254	236012	0.614468
0	-0.0292266	0.155797	284242	248060	0.771771
0	-0.0763148	0.0950057	286244	276097	0.681479
0	-0.0263574	0.254681	276274	43963	-0.149146
0	-0.0345255	0.266041	254382	101916	-0.416565
0	0.0315712	0.257625	272284	111995	-1.3051
0	0.0303552	0.244112	274236	161912	1.97209
0	0.0419591	0.200449	272276	180020	-1.57028
0	-0.034881	0.217613	284248	205970	1.46373
0	-0.0205966	0.144836	274260	232052	2.3563
0	0.0235298	0.104047	272292	256122	0.965634
0	0.0201598	0.084843	288234	278085	1.01376
0	-0.0275856	0.277326	278262	53944	0.0296938
0	0.0237437	0.230187	282198	85981	0.0278455
0	0.0261292	0.260049	282242	115976	-0.35606
0	-0.00955214	0.207143	282250	193866	0.410792
0	0.0757629	0.209742	284226	203945	-1.99941
0	0.000105235	0.17506	268302	210036	0.464616
0	0.0354314	0.183514	284248	242005	0.0621931
0	-0.00267086	0.135267	276262	248096	-2.46593
0	0.00555437	0.0690085	272266	258166	-0.523849
0	-0.000266207	0.228692	278270	45989	-0.126314
0	0.0181693	0.203541	272300	78056	0.831115
0	0.00875192	0.235692	272262	117959	0.88259
0	0.0171209	0.219474	276270	153958	-2.50511
0	-0.00617616	0.192076	278270	190006	1.19173
0	0.0235283	0.18366	272288	215965	0.834913
0	-0.0387653	0.143978	268272	224072	1.74371
0	0.0452213	0.149674	274300	246079	-4.15438
0	0.0047969	0.131573	264298	254137	1.96622
0	0.0203304	0.236121	280274	55938	-0.0303008
0	0.00510418	0.255495	264322	87938	0.381135
0	-0.0367742	0.249629	278244	123972	0.384043
0	0.0032557	0.229439	288210	149945	1.99437
0	0.00324525	0.240849	284244	197947	0.17899
0	0.00166911	0.206369	282254	200055	-0.209578
0	-0.00201104	0.178512	288230	246001	-0.0167572
0	-0.0196601	0.106106	258344	236180	3.37654
0	0.00234728	0.130224	260314	238196	3.87042
0	0.0247814	0.249867	270274	43957	0.0919436
0	0.0041183	0.261715	266324	73990	-0.093236
0	0.00551069	0.210907	276266	116002	0.544228
0	-0.0109493	0.260726	274248	163944	0.947367
0	-0.00562399	0.194395	280234	193932	0.828545
0	-0.00096409	0.173907	282262	224024	-2.53583
0	0.0372602	0.163679	282234	251968	-2.015
0	-0.0160693	0.140139	274288	240087	-2.1517
0	-0.00871474	0.0934987	280286	264137	-2.96699
0	-0.00270626	0.259252	288204	36000	0.106065
0	-0.028969	0.219764	270318	77999	-0.348915
0	0.00345178	0.278306	284216	113943	-0.154253
0	0.0127782	0.192707	282268	155971	-1.13887
0	0.00926395	0.196562	270316	195935	0.305177
0	0.054293	0.221814	288244	217964	0.0910307
0	0.000458377	0.159741	286198	241997	-0.55883
0	0.0202054	0.168377	284230	252030	1.31444
0	0.0417329	0.108869	272274	256137	-1.15077
0	-0.0427892	0.277057	270278	30022	0.0804649
0	0.0260372	0.220545	286210	91960	0.0460009
0	0.0306584	0.23135	272270	139958	1.39359
0	-0.0193814	0.208194	274280	165981	-1.843
0	-0.00209155	0.209891	264340	180045	1.5683
0	-0.024954	0.207818	270286	208005	5.84188
0	-0.0216496	0.115621	272242	250042	-2.29549
0	-0.0199077	0.124245	268300	250090	-1.01528
0	0.00886348	0.127547	286248	272081	1.83773
0	-0.0123665	0.269588	274226	53940	-0.217148
0	0.0361798	0.264779	288226	87949	-0.0404258
0	0.00960493	0.263499	286218	115948	0.384033
0	-0.0104544	0.204621	266320	155986	0.940805
0	-0.00495333	0.182463	272234	189980	-2.48767
0	0.0114191	0.198614	278262	209994	-0.985214
0	-0.0876445	0.166286	278258	238084	-1.40029
0	-0.012937	0.113552	280246	258114	1.64087
0	-0.0286472	0.116675	276246	258095	5.88516
0	-0.0211427	0.254153	276300	40032	-0.117559
0	0.0145415	0.260164	264334	75931	-0.311861
0	-0.0308597	0.202792	278232	123990	0.00357126
0	0.00917513	0.205961	264322	171963	0.61256
0	-0.0486212	0.233036	288220	184003	2.52163
0	-0.00299062	0.158123	288242	220054	-0.133328
0	0.0087885	0.167499	270272	234024	-0.571872
0	0.0200858	0.0992816	272306	256118	-1.4648
0	-0.0413122	0.0974322	286240	276048	0.975633
0	0.00257094	0.257473	284216	31998	-0.0351415
0	0.00823687	0.21237	288260	93963	-0.742379
0	0.0244728	0.248051	278306	111982	-1.73919
0	0.0242394	0.199768	274266	169954	-1.3718
0	-0.0370555	0.198979	274314	180068	-1.0083
0	0.0585625	0.228771	278288	205990	0.334997
0	-0.0219503	0.113389	284236	256024	3.25984
0	0.0254768	0.111233	264326	242180	-0.843939
0	-0.0196867	0.100831	276264	258120	3.71542
0	0.0108598	0.253747	272302	55915	-0.221525
0	-0.000195676	0.230764	280244	83951	0.0889612
0	0.0400775	0.272022	286228	99980	-0.442129
0	0.00395608	0.271466	270278	128046	-1.61469
0	-0.0817474	0.228498	268316	189979	0.209023
0	-0.0617207	0.157456	276280	229981	2.11416
0	-0.0421776	0.181883	288248	240052	-0.619256
0	-0.0175356	0.102371	272278	246166	0.102693
0	0.0490472	0.0659367	282246	276124	-4.76053
0	0.00652383	0.235466	272304	26013	0.0829579
0	-0.0642726	0.236045	282230	76029	-0.480105
0	0.0219055	0.230866	276280	117965	-0.130041
0	-0.0256136	0.233922	276274	147996	-0.673086
0	-0.020232	0.186828	280244	215946	-0.235693
0	0.055741	0.209466	278282	198042	-0.895938
0	-0.0223481	0.135888	260384	224155	-6.75891
0	-0.013438	0.115299	292218	266070	-3.50668
0	0.0214081	0.104258	276264	262101	-3.02536
0	0.00611242	0.218291	278254	38017	-0.184863
0	0.0163598	0.265194	272274	77965	-0.0722676
0	-0.00733927	0.253333	272294	115980	0.475078
0	-0.0109937	0.236007	278218	146001	1.0236
0	-0.0297318	0.200722	274302	185994	1.13314
0	-0.0101998	0.150428	276276	228032	-0.856618
0	-0.0404553	0.163569	268306	238006	0.996939
0	-0.0309085	0.144498	280268	262040	2.41462
0	0.027878	0.122278	280248	266117	-2.914
0	-0.0248046	0.276992	276258	34006	0.201095
0	0.00129176	0.262847	274302	75973	-0.672851
0	0.0717577	0.245186	282260	110018	0.143127
0	-0.014188	0.239535	290228	161896	-2.17699
0	-0.0556063	0.221952	284244	203939	2.80058
0	0.0244813	0.178493	280296	216040	-1.80962
0	-0.0243691	0.151241	286216	250002	1.99385
0	-0.0142185	0.141611	288236	271995	-2.12329
0	0.0453485	0.100134	280266	264131	-1.86816
0	-0.0133935	0.242305	274302	45966	0.0566373
0	0.0473373	0.22495	270270	70037	0.0456909
0	-0.0299493	0.229074	280278	104062	0.0070872
0	0.0343928	0.231481	272284	161958	0.249918
0	-0.0146273	0.15579	278238	198034	1.43457
0	0.0133048	0.219639	278240	206025	-1.43173
0	-0.00252459	0.154958	266294	230109	3.02299
0	-0.0105287	0.109775	282274	256112	-1.87932
0	-0.000813056	0.121433	286250	264084	1.19751
0	-0.0167914	0.260522	270298	35993	-0.0773969
0	-0.0528767	0.26497	280250	71989	-0.0066094
0	0.0231572	0.265582	282238	135913	-1.77139
0	-0.0116142	0.222395	276240	155938	0.065967
0	-0.0357709	0.231037	274270	184015	-1.72864
0	0.0224982	0.174627	276316	212054	-1.06584
0	-0.0930278	0.139647	276272	244082	0.563837
0	-0.0521058	0.129655	270280	254051	-0.97164
0	-0.00803597	0.0770392	280262	270134	3.75043
0	-0.000994283	0.216798	268318	34047	0.00111314
0	0.0111451	0.24759	278252	87919	-0.644029
0	0.0400889	0.250808	278294	131938	0.0153701
0	0.00113163	0.257122	292194	171918	0.603931
0	0.00144501	0.199976	272272	187901	0.378708
0	-0.00547523	0.163834	270286	220022	3.13276
0	0.031486	0.168807	274258	230056	0.725391
0	-0.00140938	0.137751	272278	238097	-3.30434
0	-0.00459669	0.0851532	282244	270129	0.689937
0	0.0384516	0.254988	272308	53936	-0.0289826
0	-0.0091681	0.211339	282264	95943	0.00533312
0	0.0369184	0.252389	270310	92053	0.213369
0	-0.0316323	0.211533	282232	169930	-1.12198
0	-0.0197438	0.152704	280272	198012	0.111467
0	0.00543071	0.194225	284210	229898	-0.719091
0	0.00353108	0.170957	282210	241947	-0.53178
0	-0.0399239	0.152936	290234	266012	3.48211
0	0.00401227	0.0768912	276254	264125	-1.92775
0	-0.00326228	0.26004	266310	33989	0.0477625
0	0.000913976	0.245296	276292	81972	0.0993422
0	-0.0124324	0.222675	274290	114003	0.100339
0	-0.0219482	0.266883	280292	185901	0.784485
0	-0.0213013	0.254199	276268	195902	1.18186
0	-0.0380575	0.160228	282262	218028	-0.336886
0	0.000928413	0.171775	286180	237955	-3.50223
0	-0.0451779	0.137963	286244	248099	4.34319
0	0.00525939	0.0997831	274246	258130	0.472659
0	0.0446359	0.231313	278236	34030	-0.0127099
0	-0.00122843	0.241781	276264	79975	0.389718
0	0.0241384	0.24125	278248	125979	1.38054
0	0.000849804	0.249915	278266	157923	2.35254
0	-0.0188663	0.236368	280250	175974	1.62448
0	-0.0180982	0.235177	278266	205954	1.93759
0	-0.0176921	0.167096	278290	234078	-0.706547
0	0.0260068	0.11031	286222	264038	1.72245
0	0.0413557	0.0865649	262314	254154	-3.38002
0	-0.036469	0.26928	282234	39965	-0.0117451
0	0.00924424	0.256876	286224	83977	0.407585
0	-0.0121082	0.254805	276240	131870	-0.133406
0	6.72498e-05	0.244174	278266	143998	1.23126
0	0.00487827	0.254139	280258	181970	0.452719
0	-0.010357	0.163467	286226	223957	0.36521
0	-0.0589156	0.178268	288208	247967	-1.58121
0	-0.0135935	0.112154	272298	254127	-0.39816
0	-0.00855537	0.0874548	280280	266170	2.59472
0	0.0325953	0.263346	276266	39997	0.242634
0	-0.0209355	0.24001	274260	83974	-0.65669
0	-0.0431624	0.274887	286262	127956	-1.411
0	0.0239579	0.200783	286224	155949	-1.57761
0	-0.0311591	0.235192	282292	189990	-0.820843
0	-0.0147406	0.172458	278242	218054	-0.0084554
0	-0.0439996	0.184228	268300	218066	-3.59377
0	0.0165039	0.124491	284234	260051	0.654188
0	0.0487781	0.0697914	284256	280113	0.347753
0	-0.0152834	0.215743	276302	34005	0.0443338
0	0.00784617	0.240491	274256	97962	0.166493
0	-0.011349	0.218166	286232	117996	0.331364
0	0.056767	0.201743	276280	144012	0.148718
0	0.0141516	0.192119	276256	185979	-0.824697
0	0.0291274	0.159215	280258	226054	0.794887
0	0.00873335	0.169666	282260	246000	0.153603
0	-0.00181726	0.137864	290226	256034	-4.08238
0	-0.00999995	0.115575	272300	262137	0.0353273
0	0.0183575	0.26213	282266	43991	0.305272
0	0.01484	0.284052	280250	54022	-0.665456
0	0.014854	0.235494	286244	133982	0.346135
0	-0.0391323	0.241565	280266	159980	-0.51321
0	0.0422344	0.176472	276270	200017	-0.718855
0	0.00998921	0.216522	276274	229947	0.931013
0	0.0125718	0.163452	282216	240010	-0.347301
0	0.0365016	0.112893	274298	252096	-2.13073
0	0.0148031	0.106825	260348	248217	3.13514
