0	-0.0393017	0.250317	274284	32014	0.0143391
0	0.0230365	0.234783	274290	91961	0.761296
0	-0.0223569	0.199916	270298	149974	0.201512
0	0.0198732	0.193291	280272	179928	-0.445844
0	0.0743873	0.206379	270326	182038	-0.443325
0	0.00808078	0.190323	288248	225987	-0.581538
0	-0.0278761	0.188346	272266	233981	-0.293907
0	-0.020276	0.158221	268270	242051	0.496347
0	-0.0235436	0.0904747	280282	266143	-2.18924
0	-0.0233235	0.287468	284240	37995	0.0318445
0	-0.0125664	0.267565	286228	83942	0.238087
0	-0.0134289	0.219983	272274	111969	-0.524205
0	0.058091	0.208903	284250	179907	0.200542
0	0.0287034	0.234904	282266	179951	-0.573275
0	0.0545105	0.198741	278288	202043	0.143367
0	0.0210945	0.1928	278256	239962	-2.8141
0	-0.0145348	0.159856	288216	263974	1.90308
0	-0.0178194	0.133792	272274	262075	0.863256
0	0.0121052	0.237695	270314	41986	0.0370888
0	-0.00424439	0.228141	282248	73995	0.102379
0	-0.0100541	0.249207	286270	133922	-0.62671
0	-0.0287092	0.200925	276328	160012	-0.142889
0	-0.0190408	0.232398	272252	171962	0.361819
0	-0.022608	0.207483	278278	227955	1.13793
0	0.0297493	0.16462	268310	234072	0.769715
0	0.00726511	0.108127	286226	274025	1.6251
0	0.000958733	0.117733	274286	260157	2.24774
0	-0.0155543	0.232872	276234	40013	0.0228566
0	-0.0265259	0.277187	278282	70034	0.158988
0	-0.0059826	0.257229	282252	112020	0.353284
0	-0.0396886	0.221435	278248	177938	0.601312
0	-0.0120864	0.188958	274268	197979	1.94722
0	-0.00663752	0.154286	282268	224046	0.363707
0	0.0520212	0.146158	280266	246053	0.126819
0	-0.0167671	0.154956	278270	246112	0.606226
0	0.0117112	0.129098	280284	256136	0.448521
0	0.0212512	0.266901	278266	55932	0.0724551
0	0.00601925	0.223005	272282	64038	-0.00202883
0	0.00220338	0.26684	270292	123959	-0.0952028
0	-0.016697	0.228805	280232	161918	-0.00546807
0	0.0484544	0.195877	272280	172075	-0.736082
0	0.0387598	0.188326	274286	198127	0.052877
0	-0.0244504	0.150392	282270	240066	-2.72859
0	0.0229882	0.167608	264304	238080	-0.756613
0	0.0124729	0.0936932	276292	256179	1.4753
0	0.0125729	0.297411	280284	37962	0.0808659
0	0.032162	0.24264	278268	73993	-0.000998835
0	0.01473	0.264219	280240	116003	0.421552
0	0.00273254	0.213697	278256	161959	0.46366
0	-0.0209649	0.225259	272304	177979	1.79104
0	0.0353443	0.218565	282260	219990	1.9064
0	-0.00313442	0.186987	282266	247992	0.0255356
0	-0.020438	0.129961	276248	242098	1.67593
0	-0.000804577	0.0871068	276274	270112	-1.98406
0	-0.00499575	0.258279	288218	24049	-0.0485911
0	0.0176425	0.268328	278280	66003	-0.376011
0	-0.00581996	0.25654	288216	127954	0.678596
0	0.0548919	0.202455	286236	171949	-0.1811
0	0.0318426	0.205749	272300	201977	-1.18277
0	-0.0248664	0.198242	272270	206045	0.438191
0	0.0221495	0.147154	286228	250031	-2.30998
0	0.0327478	0.179581	286246	259999	-2.21012
0	0.0156315	0.123469	278260	254154	-1.07413
0	0.0320233	0.256461	286224	32015	-0.105585
0	-0.0174232	0.221475	274284	60062	0.0673037
0	-0.00258398	0.283034	282254	123920	-0.40542
0	-0.00430131	0.271016	264336	145915	0.00441118
0	-0.0115381	0.208142	280260	185983	-0.25043
0	0.05739	0.1918	274272	211979	-0.201007
0	0.0509697	0.162399	270320	242052	1.02331
0	-0.070836	0.171457	270330	242072	-1.78347
0	-0.00740767	0.103238	286226	264123	1.22445
0	0.00492199	0.256729	284230	39990	0.0858797
0	-0.0308807	0.22256	272300	83996	0.564923
0	0.0191716	0.287501	278274	117908	0.805558
0	0.0136068	0.237209	282240	161922	0.494492
0	-0.0615297	0.179002	286228	184045	-1.29929
0	0.0234302	0.192484	286248	221991	0.117224
0	-0.0154959	0.193725	286204	222051	1.40747
0	0.00176628	0.152656	276264	256000	-0.146002
0	-0.0300985	0.085881	284216	278084	0.571391
0	0.044001	0.237762	278284	33998	-0.117112
0	0.0248419	0.254292	278230	97910	0.12782
0	0.0308016	0.257567	280270	127904	-0.343781
0	0.00654172	0.246287	274290	153926	1.47064
0	-0.0535839	0.219334	278242	187982	0.559877
0	0.0197322	0.180758	278270	220006	-2.35018
0	0.00680168	0.160094	274302	232088	-2.65401
0	-0.0116155	0.171331	278256	240050	-2.3997
0	0.0449373	0.111997	288220	264060	2.00403
0	0.0284227	0.242615	276240	43981	0.0465701
0	0.0531533	0.249141	276276	87950	0.0934993
0	-0.0495953	0.207487	282230	153887	-0.623468
0	-0.00846417	0.234656	286274	152002	0.587847
0	0.0611895	0.225249	278254	199940	-0.57192
0	0.0106223	0.145682	290202	216050	-0.842739
0	-0.0140767	0.16225	280230	232051	2.1546
0	0.0234962	0.135673	278296	256084	-0.583868
0	0.0601343	0.138754	272268	254117	-1.62321
0	-0.00164616	0.228684	276276	51968	-0.049094
0	0.000694711	0.270763	290206	79950	-0.285995
0	-0.0136378	0.237511	278222	121912	0.690949
0	-0.0198488	0.214744	276244	157997	0.408682
0	0.0295638	0.238036	288172	191915	0.00812157
0	0.00475187	0.22866	276264	219968	-0.0426233
0	-0.0607451	0.139353	274306	238059	2.08581
0	0.00897496	0.104084	266330	254132	-1.65054
0	-0.0673076	0.137419	286238	264090	-0.252874
0	-0.00766852	0.281212	284250	35987	0.111475
0	-0.013308	0.260363	284256	73994	-0.228082
0	-0.00507566	0.231659	276290	135954	0.148387
0	0.0134775	0.215831	282286	183968	0.551932
0	0.0566813	0.218881	284262	180000	1.57215
0	-0.0290472	0.167555	276286	230010	-1.04529
0	0.0195074	0.184095	270284	222088	-1.89007
0	0.0281312	0.139011	282246	266037	-0.629126
0	-0.00361264	0.101034	284244	264113	1.20221
0	-0.0022751	0.266513	264304	32013	0.056072
0	-0.009509	0.234933	270294	81993	0.0567498
0	0.0220328	0.204209	270264	110009	-0.283799
0	-0.00853412	0.224955	284260	163969	0.368069
0	0.00892015	0.199425	270294	187970	-0.343651
0	0.0153835	0.193785	264308	200059	-0.291997
0	-0.0187302	0.167188	284274	234024	-0.0733644
0	0.0127285	0.122937	280252	268049	-1.47966
0	-0.0334573	0.129115	274292	256116	1.52259
0	-0.0466676	0.269551	290216	51956	0.159698
0	-0.0391124	0.243835	286246	97952	-0.104717
0	0.019037	0.241845	268312	125931	0.207827
0	0.0318835	0.227189	284238	153989	-0.530008
0	0.0116862	0.219564	270304	197972	0.488023
0	-0.0286652	0.205213	270278	208008	1.5834
0	-0.0168305	0.135196	274296	238125	0.152132
0	0.0399735	0.12347	272296	244118	1.77271
0	-0.0535012	0.119613	282256	260124	0.671943
0	0.00326959	0.203577	280268	58001	0.0784377
0	-0.0187235	0.260595	278248	97907	0.190734
0	-0.0456604	0.250926	266328	135885	0.3146
0	-0.0135438	0.22901	262322	151971	0.337952
0	0.0206432	0.213329	274292	201993	-1.53278
0	0.0292309	0.174518	278266	216005	-0.0924289
0	-0.0112329	0.156363	278288	234076	-0.122703
0	-0.0144915	0.151022	280234	252047	-0.587596
0	0.0200505	0.0907367	282244	270113	-1.22631
0	0.00508266	0.262001	282248	47990	-0.0777827
0	0.0623146	0.23279	286222	99895	-0.167169
0	0.00388257	0.22751	280264	139958	0.313052
0	-0.0031469	0.210381	276280	142026	0.663219
0	0.00152345	0.178948	282232	200016	-1.93855
0	-0.00026535	0.170924	282244	212034	-0.526796
0	0.029288	0.165156	278270	246020	0.55533
0	-0.00515431	0.133526	268300	250075	-0.798356
0	-0.0239253	0.106505	268312	254156	0.123456
0	-0.0176308	0.284153	280284	35997	0.0567376
0	-0.039874	0.236357	272304	91951	0.353649
0	0.0158033	0.244521	266282	123996	0.373007
0	0.0192235	0.275592	276290	141971	0.270821
0	0.0274428	0.23998	278274	195885	0.803685
0	-0.0197238	0.198256	262318	206020	0.867846
0	0.0200546	0.18493	276252	226025	0.582215
0	-0.00347666	0.11807	276266	262082	0.314025
0	-0.00271796	0.11122	278218	258106	-0.82869
0	-0.0113334	0.259515	280262	38010	0.0856971
0	-0.0331514	0.250072	276262	66033	-0.215888
0	-0.0110024	0.218547	274284	129957	0.257199
0	0.0418156	0.244996	274282	157978	-0.345924
0	0.0218006	0.200874	278282	164113	1.02837
0	-0.0298351	0.183077	280232	220017	-0.62238
0	0.040659	0.124096	288220	258045	-1.556
0	0.0129553	0.135476	276230	254030	-1.38404
0	-0.0424217	0.0933617	286246	276108	-0.941194
0	0.0292053	0.261593	272306	30002	0.0533829
0	-0.0093225	0.225183	278270	76069	0.219353
0	-0.0179189	0.21912	262326	112036	-0.345445
0	-0.00349113	0.232659	278256	146009	-0.63545
0	0.0210217	0.193001	276290	194037	-0.0781781
0	0.00715145	0.175573	262302	218033	-0.916827
0	-0.0285544	0.128062	284192	246007	-0.625743
0	0.00398273	0.138032	282212	248050	-0.864477
0	-0.0238201	0.120755	288210	268065	0.0637797
0	0.0507306	0.237531	282250	47945	0.0218064
0	-0.00946262	0.249011	282242	93932	0.201404
0	0.017537	0.233347	282230	139941	0.373957
0	-0.0273929	0.256409	288212	179809	-0.00968406
0	-0.00776804	0.223147	288216	183979	0.547147
0	-0.0358968	0.198329	276288	210019	1.04032
0	0.0288296	0.130378	276258	242078	0.324184
0	0.00821945	0.14395	284232	260036	-0.803995
0	-0.00910928	0.0837967	272276	262147	0.800693
0	-0.0304767	0.270158	280242	41980	0.0262177
0	-0.026138	0.255205	270302	76003	0.0737485
0	0.010659	0.218415	288244	115996	-0.212646
0	-0.0324716	0.272941	252374	134024	-0.478434
0	0.0170937	0.234715	272242	179935	-0.201134
0	-0.0119563	0.19971	280274	231925	-2.14416
0	-0.049181	0.197014	262316	226044	1.38762
0	-0.0147936	0.11248	288248	260131	0.534987
0	-0.0167015	0.127162	288190	260086	-2.24288
0	-0.0237747	0.250865	284238	57927	-0.0191947
0	0.00537591	0.282451	274270	77951	-0.109693
0	-0.035945	0.24084	282260	147913	0.439857
0	0.0149207	0.197273	284184	167906	-0.336092
0	-0.0286142	0.291889	280296	169958	0.510394
0	0.0597888	0.163891	276288	216015	1.23442
0	0.0249098	0.150754	284266	242049	0.482075
0	0.0608585	0.155388	280260	242082	-2.70104
0	-0.0354835	0.108015	280242	262083	-0.432091
0	-0.000109589	0.232452	282262	44016	0.0963024
0	-0.0533874	0.259326	270308	69992	-0.115761
0	-0.0388891	0.236113	278280	129963	-0.303556
0	-0.0357794	0.211698	284240	163999	0.00633189
0	0.00217796	0.214353	280206	191898	-0.0836649
0	-0.00564466	0.180879	282252	206084	1.12177
0	-0.0148886	0.178658	276256	230028	0.958415
0	-0.0145054	0.159685	284234	250023	-0.394302
0	-0.015422	0.139816	284226	256069	1.04143
0	-0.0200364	0.252035	274262	41984	-0.111472
0	-0.00617412	0.260489	284230	81954	0.0624021
0	-0.0336446	0.272846	272282	108033	0.151706
0	0.00259474	0.227874	280248	158011	-0.0682453
0	0.0316381	0.231815	282244	187958	-1.24537
0	-0.0243959	0.168577	264310	204049	-1.14512
0	-0.0153259	0.216065	272316	214025	1.94214
0	0.00526593	0.09135	274284	260111	1.02222
0	0.00982443	0.11712	270318	250158	-0.878125
0	0.0202964	0.262473	280256	43995	-0.0723596
0	-0.0104062	0.231296	272260	77993	-0.044512
0	0.049027	0.27164	278236	97997	0.646399
0	0.0201568	0.247886	274322	159935	0.478493
0	0.0729723	0.22014	272294	192025	-0.527561
0	-0.0417674	0.172476	280250	211983	-0.194177
0	-0.0322363	0.175159	280242	238045	-3.79284
0	0.00299746	0.127187	286256	254074	-0.622504
0	-0.00633444	0.0864645	280236	272082	-0.71743
0	0.0244096	0.255561	282250	43984	-0.156482
0	0.0197141	0.246964	276280	60011	-0.141832
0	0.0533626	0.243309	274280	123939	0.448424
0	0.00894869	0.213683	282232	153997	0.644977
0	-0.00622718	0.229558	272280	181975	0.132305
0	-0.00462478	0.194971	288200	209962	0.274165
0	0.000643072	0.186418	270262	232011	1.06648
0	0.0171281	0.137135	278258	254034	-0.565237
0	-0.00746981	0.167192	272300	252083	-0.556173
0	-0.0131314	0.217044	282252	34033	0.0699484
0	0.0469777	0.231259	264302	90006	-0.0825208
0	0.0322687	0.219865	282238	126011	-0.770884
0	0.00376347	0.208593	274292	162008	0.293438
0	0.00311428	0.217251	272282	187997	1.63601
0	0.0338111	0.202053	274284	210010	0.0185925
0	0.0339899	0.155354	290242	252007	0.31837
0	-0.00078836	0.143377	266302	254065	-1.83912
0	-0.0310379	0.112392	284232	264123	-0.658992
0	-0.00559799	0.277275	282276	43942	-0.0178439
0	-0.00633334	0.233154	264288	80008	0.131287
0	-0.032345	0.249835	282268	116034	-0.39897
0	-0.0211368	0.254543	280266	148049	-0.424102
0	0.0344496	0.205908	268324	170076	0.0783201
0	-0.0153739	0.212528	290202	215955	-0.294976
0	-0.0136057	0.142487	272296	228094	-1.0315
0	-0.0247133	0.117532	278284	258084	-1.52315
0	-0.0172747	0.106362	278288	268101	2.22268
0	0.0361081	0.270302	282258	41984	0.0434582
0	-0.0171863	0.221649	272286	91975	0.289821
0	-0.0333158	0.229651	284246	127977	-0.0590062
0	0.00940691	0.215081	266282	165879	1.30051
0	0.0359218	0.178487	286244	211980	-1.09323
0	0.00898525	0.18172	280254	210055	-1.51945
0	-0.0395387	0.132287	280238	242027	1.05311
0	-0.00460237	0.131104	276288	246109	-1.53522
0	-0.0431082	0.095577	282224	274065	0.214966
0	0.00954463	0.231472	274302	40014	0.0638722
0	-0.0237252	0.254897	282230	83970	-0.178954
0	-0.0229852	0.259876	282264	125963	0.238101
0	0.00650313	0.233258	282246	171882	-0.225261
0	-0.0156773	0.200456	272298	203930	-0.703234
0	0.0228259	0.157947	274256	212064	-1.3798
0	-0.0132613	0.165124	274294	226093	0.963807
0	-0.0211992	0.157652	272304	244103	-0.614413
0	-0.0254011	0.135133	270290	252093	0.207086
0	0.0410385	0.256148	290214	36011	-0.106281
0	0.0314812	0.201706	270304	100007	-0.114886
0	-0.0231788	0.231193	284266	139942	-0.455161
0	0.0401025	0.272317	274272	139982	-0.684817
0	-0.00717341	0.212164	268290	181988	0.272388
0	-0.00991688	0.195639	272294	200045	1.53349
0	-0.017727	0.151257	274298	246055	-0.173952
0	0.0363071	0.13681	276274	240145	0.785987
0	0.00582987	0.102018	276274	270133	1.72028
0	-0.0060535	0.213087	282246	40016	0.0439842
0	-0.0359435	0.251451	270300	80014	-0.306121
0	-0.00118555	0.232187	290192	137926	-0.0117851
0	0.00856014	0.222083	280242	153924	0.0987989
0	0.00210199	0.226899	280250	175974	1.67181
0	-0.0173466	0.19144	276266	217992	0.655032
0	0.0252058	0.184688	272296	234025	-2.05536
0	-0.0282385	0.160107	276288	256053	-2.9603
0	-0.00490994	0.0975933	276268	260169	-0.078814
0	0.0117013	0.27812	282230	39990	-0.00613953
0	-0.0159945	0.224559	264334	87984	0.234173
0	-0.0121975	0.22801	262298	126003	-0.142368
0	-0.0120898	0.240053	274266	147919	0.339343
0	0.00603718	0.21299	282268	201997	1.48668
0	-0.04399	0.207606	272302	207979	-0.485866
0	0.0198171	0.154385	272280	234078	-0.0982536
0	-0.0236004	0.172382	272318	244052	-0.52129
0	0.0203806	0.0807301	280272	274131	1.07587
0	-0.00273751	0.229935	278272	49970	-0.108562
0	0.0434865	0.246139	282266	80013	-0.188398
0	0.00662001	0.253596	284220	114011	0.33993
0	-0.00347568	0.195518	282242	156015	0.110599
0	-0.0425916	0.228168	260332	184012	1.75634
0	0.0263925	0.177564	276288	220068	2.33549
0	0.0485017	0.133224	270306	236103	0.120602
0	-0.00231077	0.128006	280264	256095	0.0742605
0	-0.0085688	0.112052	272282	254148	0.973293
0	-0.0238688	0.210825	264318	32017	0.0562062
0	0.0274061	0.232121	276246	85986	0.103585
0	0.0269528	0.222087	272292	102018	0.0232687
0	0.00452589	0.220466	274276	175919	-0.248552
0	0.0431332	0.184124	274304	188049	0.592146
0	0.0189504	0.210103	282264	215961	0.251676
0	-0.00757588	0.143551	276302	252062	1.8441
0	0.00860785	0.140635	280250	252033	1.11066
0	-0.00526882	0.11547	278290	268109	1.83445
0	-0.0327632	0.25511	276240	49966	0.135771
0	-0.0295146	0.226992	276272	80017	0.0582431
0	-0.00408081	0.203547	270304	126027	-0.214245
0	0.0541236	0.21562	262304	157979	-0.056046
0	0.0337446	0.205257	280248	183950	1.05759
0	0.0251657	0.199262	274260	217963	1.96158
0	-0.0382293	0.147407	276246	240061	3.05357
0	-0.0407146	0.120115	272278	236181	-0.311582
0	-0.0334532	0.102002	284260	272096	-0.0185895
0	0.0601392	0.232953	282240	41983	0.143314
0	0.0138132	0.262218	274296	81995	0.0322258
0	0.0253199	0.256847	288238	127967	0.61972
0	0.0306223	0.229785	280252	169922	-0.980388
0	0.0765864	0.157774	284234	209978	-1.92427
0	0.00292353	0.155576	284252	226068	-1.26227
0	0.000797971	0.13931	284276	244088	-0.357639
0	-0.00660767	0.0888874	280254	270086	-2.07693
0	-0.0163179	0.118878	284208	260058	1.87334
0	0.00538533	0.210236	288234	32018	-0.0131708
0	0.0280786	0.238374	276220	93936	-0.222515
0	-0.0483983	0.225486	280280	124050	0.215761
0	0.0352362	0.228589	286228	169948	1.19039
0	-0.00202487	0.206609	266330	183997	1.25963
0	0.020571	0.150507	272254	198056	1.34695
0	-0.0243447	0.138161	282250	254057	-0.92365
0	-0.0162593	0.147704	290196	244041	1.07735
0	0.0228518	0.0947957	288246	278138	-1.66176
0	-0.0381156	0.255639	272282	30033	-0.0754508
0	0.00684916	0.245931	278276	74013	0.423303
0	0.014715	0.211516	284244	133965	0.0025995
0	0.029324	0.272698	272274	129981	0.457202
0	0.0546061	0.205701	286200	221864	-0.608473
0	-0.0121062	0.192108	278268	211982	-0.538279
0	0.0245993	0.145552	288200	240013	0.739788
0	0.0117392	0.15697	286222	254047	2.60409
0	0.0137842	0.121855	278270	266093	1.48451
0	0.0251275	0.227537	276220	49949	0.0916734
0	-0.0281987	0.261323	278300	87937	-0.0870735
0	-0.0482865	0.27547	282220	117917	0.354891
0	0.0348038	0.221772	264310	145982	0.747754
0	0.0223814	0.197479	268318	168099	-1.07285
0	0.0208416	0.246753	272304	197993	-0.629164
0	-0.0083229	0.118223	290230	246079	-1.12042
0	0.0324753	0.131623	276276	250086	-0.971169
0	0.0279723	0.114807	272286	256145	0.120966
0	0.0284025	0.24889	282240	49960	-0.0798682
0	0.0119206	0.241488	274266	105923	-0.319991
0	-0.00344626	0.227426	280240	109965	0.298688
0	0.0436351	0.237095	290192	183863	0.171593
0	0.00538462	0.242815	280260	197893	1.17921
0	0.0136701	0.197608	268270	201982	-0.237854
0	0.0298409	0.169358	280252	232016	-1.71979
0	-0.0237153	0.113574	270310	246158	0.364897
0	0.0213349	0.126513	286236	266083	0.258557
0	-0.0456184	0.241562	278294	38030	0.0845987
0	-0.0018187	0.2466	288238	79987	0.100085
0	0.026049	0.265501	276288	131943	-0.0733343
0	0.012548	0.245303	284238	161933	-0.21009
0	0.0181537	0.245747	280254	181968	-0.759196
0	0.00958322	0.194844	270306	207976	-0.592145
0	-0.0473439	0.139131	284220	254021	-0.391828
0	-0.00625061	0.146948	284180	254004	-1.6727
0	-0.00360808	0.113377	284250	270110	-0.655083
0	0.0155094	0.241535	274236	47967	-0.0948572
0	0.0175677	0.243118	274272	86003	0.507518
0	0.0285997	0.263546	274294	129921	0.304114
0	-0.0175817	0.198773	274272	144059	0.147759
0	0.00460364	0.171977	274276	192072	0.141917
0	-0.0285519	0.178371	278230	229960	0.995546
0	-0.0434418	0.123838	286222	250028	-1.95573
0	0.0338092	0.15937	276264	252017	-0.00508498
0	-0.00844166	0.0974519	272296	256179	0.473013
0	0.00395528	0.242402	272298	32022	-0.120916
0	-0.0178687	0.247224	282262	81955	-0.124286
0	0.0584206	0.257067	276236	105972	-0.39849
0	0.0198868	0.213966	280272	161943	-0.392029
0	0.0225492	0.20352	278296	197989	-0.626743
0	0.0438664	0.164995	292232	227974	-1.0311
0	0.0263935	0.138604	276284	240062	-0.232333
0	0.0161757	0.141601	286236	260020	0.91307
0	0.026252	0.107223	272250	262075	2.23123
0	0.0149084	0.234767	280268	33992	0.134832
0	0.0162344	0.244273	280254	103960	-0.420276
0	-0.0175869	0.203903	274288	118029	-0.0853816
0	-0.00801231	0.215967	276296	171932	0.763547
0	-0.0188	0.22578	268294	166050	-0.135388
0	0.0299828	0.207826	282238	225960	-2.65611
0	0.0146492	0.141579	286206	248049	0.0738722
0	0.0121344	0.18945	272270	245999	-1.35118
0	0.0614298	0.11904	286248	268070	-0.402322
0	-9.90571e-05	0.26669	282226	41966	0.0822007
0	-0.00119379	0.231904	264342	81990	0.00944762
0	-0.0415795	0.227959	284226	109956	-0.151092
0	0.0140075	0.245504	276250	163920	0.842775
0	-0.0398555	0.203787	276280	164059	0.977784
0	-0.0100207	0.195346	280238	231976	1.35567
0	0.0202096	0.188676	266316	226033	0.706804
0	-0.0192694	0.126362	284270	264119	-0.555737
0	-0.0442096	0.117891	280268	264073	1.80845
0	-0.0061379	0.24496	274296	47980	0.101704
0	0.0386629	0.251926	284278	85939	-0.222917
0	0.0130381	0.256074	276256	129894	0.583271
0	0.0417572	0.24447	266304	120059	0.160139
0	0.000684434	0.15036	284296	190098	-1.27158
0	-0.0428137	0.204574	270316	215993	2.34087
0	-0.0298687	0.179908	284222	236029	1.25892
0	0.0449187	0.173739	282238	257984	1.54338
0	-0.0168848	0.105194	288236	266129	0.84679
0	0.0310396	0.227752	262342	40011	-0.156047
0	-0.005896	0.235587	278282	81991	-0.33799
0	-0.0154761	0.217551	276226	113991	0.126662
0	-0.0433361	0.229685	272298	155938	0.489666
0	0.00187694	0.191087	290188	195955	-1.35773
0	0.0338918	0.166513	280284	222031	-0.664763
0	0.00357036	0.14947	284216	244029	-0.154855
0	-0.0170685	0.147021	262318	240118	0.172474
0	0.0505018	0.0909113	274250	262121	-0.421454
0	-0.0116743	0.284932	272302	28018	-0.104261
0	0.00364767	0.259144	276266	89902	0.126616
0	0.00993126	0.248142	278266	141850	-0.651876
0	-0.0151477	0.230587	282250	173930	1.42587
0	0.00686263	0.216482	286234	189935	-1.3951
0	0.00970877	0.184257	282226	202031	1.08002
0	0.0210066	0.146398	270276	236045	0.809189
0	-1.97244e-05	0.143003	280250	250047	1.87924
0	0.0391498	0.115108	286218	264092	-0.590668
0	0.0116442	0.227668	266340	63948	-0.0288286
0	0.0274303	0.251629	282256	83980	-0.156857
0	-0.0670714	0.222499	278210	125990	0.586183
0	0.0347698	0.212721	270314	161942	-1.32826
0	-0.000365232	0.177525	280286	215875	-1.00386
0	0.0255435	0.144119	272282	224093	1.04851
0	-0.080667	0.128843	280276	236095	1.7218
0	-0.0485022	0.149433	272306	240122	-0.842386
0	0.00341409	0.140776	282270	256089	0.2401
0	0.0186155	0.219521	286236	53985	0.0606039
0	0.0119593	0.260666	272304	69994	-0.279834
0	-0.0306985	0.212684	276284	128011	-0.00069797
0	-0.0147806	0.219275	282236	175905	0.550286
0	-0.00825752	0.181308	278276	184067	-1.04094
0	-0.0164493	0.19998	282256	214002	0.487867
0	-0.0048063	0.188206	270306	212106	-0.21821
0	0.0100601	0.118378	282228	264061	-0.864732
0	-0.0136475	0.11829	282236	264110	2.76804
0	-0.0257508	0.242624	274286	44013	-0.00406316
0	0.00379917	0.24067	272316	79988	0.0587511
0	0.0652332	0.282533	274300	131911	0.00532106
0	-0.0145382	0.250656	270286	124021	0.148382
0	0.00768147	0.21987	276268	187976	1.57687
0	0.0496809	0.180512	272326	224010	1.92434
0	-0.000126461	0.137496	284290	240059	-0.480063
0	0.0666183	0.17497	282242	234072	-0.99806
0	-0.0683574	0.0759582	282236	280073	-1.86621
0	0.0469351	0.231169	276262	36016	0.0103982
0	-0.0237936	0.258897	286250	78013	-0.181364
0	0.0176743	0.245407	280248	129938	0.899431
0	0.018617	0.216901	272304	165952	0.0938347
0	0.0410486	0.208788	272302	201949	-0.353468
0	0.0263214	0.187193	282282	220042	2.21002
0	0.0127684	0.146326	276262	238009	-0.358538
0	0.0315377	0.129504	284246	266027	-0.688713
0	0.0109889	0.11072	280246	262119	-0.562694
0	-0.0176506	0.246769	278248	41997	-0.0772679
0	0.0207781	0.232569	280276	87987	0.126036
0	0.0566112	0.262844	274330	129963	0.07861
0	0.050118	0.200897	292214	167976	0.291754
0	0.00663189	0.176895	262296	176062	-0.383518
0	-0.0473391	0.203559	286240	212042	-2.1516
0	-0.0145579	0.15334	278250	246031	1.53108
0	0.0109532	0.146963	284252	258033	-0.0308524
0	0.0364458	0.0903501	292202	274051	-3.8647
0	0.0326557	0.252856	276290	41967	0.0552679
0	0.0431751	0.236718	290222	75965	0.410793
0	0.0458203	0.231636	284242	139931	0.156296
0	-0.0197194	0.241094	278224	149960	1.49819
0	-0.00386241	0.201646	288238	200005	-0.273794
0	0.0170364	0.222456	284256	205958	0.728821
0	-0.0138676	0.176071	280222	245941	0.937677
0	0.0103247	0.147659	278246	246061	-1.7091
0	-0.0317686	0.119101	286238	270121	1.29467
0	-0.00552986	0.305042	278290	39966	0.0312771
0	0.0161313	0.24894	288218	81986	0.17953
0	-0.0148876	0.234117	284200	133933	0.283751
0	0.0268472	0.22222	288188	149922	0.405822
0	0.0291037	0.218396	268300	189961	-0.00294723
0	0.0349121	0.219072	284240	217973	-2.16222
0	0.00985087	0.184739	274286	234007	-0.135536
0	-0.0362035	0.176876	274282	246064	2.86486
0	-0.0767671	0.113752	286244	268113	0.817169
0	-0.0267212	0.254652	276274	45954	-0.0399942
0	-0.03447	0.266463	270298	105892	-0.433206
0	0.0278833	0.257349	274280	117967	-0.19872
0	0.0351946	0.24474	270278	151965	0.520281
0	0.0429791	0.207651	268306	181976	-1.87627
0	-0.0282013	0.219873	280276	215933	-0.540192
0	-0.0193109	0.154345	282232	232038	1.9706
0	0.0253943	0.113912	274278	246164	0.406282
0	0.0281507	0.0986096	292218	276086	-1.38351
0	-0.0277022	0.277199	274282	51952	0.0646843
0	0.0236792	0.228715	282202	87977	0.0472083
0	0.0278594	0.262729	284230	111987	-0.875108
0	-0.00983945	0.209118	284242	175946	0.496984
0	0.0731562	0.21777	274280	191976	-1.21739
0	0.000335393	0.172927	272292	218001	0.395569
0	0.0348441	0.19429	276274	239993	0.238358
0	-0.0120267	0.137242	284218	256059	0.340829
0	0.00409215	0.0847702	274260	260153	-0.0851823
0	-0.000450714	0.228627	278270	45991	-0.0709622
0	0.0199082	0.204521	280260	74064	0.309435
0	0.0103687	0.237831	270270	109979	0.397542
0	0.0104225	0.220141	274278	147988	-0.495582
0	-0.00195409	0.197749	268310	180053	-0.0748969
0	0.0247898	0.192157	274278	213978	0.456469
0	-0.0400871	0.14876	268266	226044	2.14023
0	0.0369124	0.170476	274298	236102	-1.66173
0	0.00666127	0.144168	264298	250142	1.40691
0	0.0205858	0.235866	280274	53950	-0.106916
0	0.00558417	0.255472	264322	87940	0.237137
0	-0.0350886	0.250978	274262	125972	-0.121641
0	0.00793929	0.230134	278260	155925	0.58929
0	0.0039721	0.243687	286232	195928	-0.0390639
0	0.000824413	0.209286	278268	204023	0.0438324
0	-0.00401556	0.191181	286232	238000	0.584597
0	-0.0148019	0.117508	260340	236176	1.91907
0	0.00995076	0.139287	264298	236188	1.58937
0	0.025051	0.249932	270274	43960	0.0110588
0	0.00570657	0.262643	266326	77969	-0.569716
0	0.00646422	0.21147	276272	118008	0.258168
0	-0.00709289	0.261296	268276	157951	-0.209545
0	-0.00278437	0.196536	280224	201906	-0.0233419
0	-0.00718482	0.188779	276288	214060	-0.669613
0	0.0292952	0.164627	288214	255930	0.374506
0	-0.0224812	0.143467	282256	240090	-0.228141
0	-0.0203782	0.116075	280288	264120	0.532043
0	-0.00243677	0.258874	288206	34005	0.0252201
0	-0.0304079	0.21965	270320	80003	0.0827595
0	0.00323604	0.27829	284216	103982	-0.0895293
0	0.00892267	0.19483	284266	161952	0.0177995
0	0.00873598	0.201206	268322	197908	0.463569
0	0.0536085	0.226898	284264	223939	0.296392
0	-0.00496795	0.166108	282232	245983	1.06907
0	0.0213714	0.183668	284226	240049	0.96464
0	0.0351622	0.125021	266294	244170	0.820439
0	-0.042806	0.276991	270278	28029	0.0854971
0	0.0269097	0.221438	286206	85976	-0.215756
0	0.0349212	0.234835	270280	141931	0.114738
0	-0.0285791	0.208745	266318	161986	0.916296
0	0.00241299	0.219713	270310	176050	0.216933
0	-0.00447552	0.212108	274266	207989	-0.301665
0	-0.0268265	0.128838	274234	244060	-0.742416
0	-0.0179482	0.136919	270292	250055	-1.60313
0	0.0160901	0.128236	286246	268087	-0.330243
0	-0.0126048	0.269594	274226	55937	-0.145645
0	0.0361927	0.265406	290212	79975	-0.0442929
0	0.0114378	0.266723	284238	111967	-0.165843
0	-0.0072185	0.200979	274286	148033	-0.0299642
0	-0.00991386	0.188552	268250	183978	-0.999514
0	0.00449589	0.202537	276274	215965	1.09174
0	-0.0915651	0.171441	272276	230107	-0.224096
0	-0.00710638	0.124091	276262	256090	-0.108301
0	-0.0146988	0.129109	274252	260072	1.70063
0	-0.021411	0.254451	276300	40031	-0.037053
0	0.0140085	0.260714	266324	73937	-0.151938
0	-0.0313591	0.203784	270276	116047	0.153379
0	0.0104801	0.206931	272284	161992	0.221071
0	-0.043817	0.233322	292200	189968	1.08037
0	-0.00055609	0.170286	286250	216049	-0.863688
0	0.00294961	0.187133	268284	226025	1.17979
0	0.0196956	0.109883	284252	258092	-1.34776
0	-0.033597	0.111089	288232	268056	-1.33891
0	0.00255002	0.257538	280234	26022	-0.0288665
0	0.00612667	0.212166	284286	91974	-0.109319
0	0.0205518	0.247945	276314	111983	-0.562877
0	0.0214353	0.202882	270288	161959	-0.530577
0	-0.0372132	0.195911	276300	192028	-0.960994
0	0.0591687	0.230671	286254	211960	0.153109
0	-0.0142963	0.116517	284238	248034	0.963625
0	0.0247099	0.123889	268310	246160	-0.613848
0	-0.0112483	0.121162	276264	248140	1.18389
0	0.0105344	0.254003	274292	55914	-0.123921
0	-0.000782299	0.231397	282236	85944	0.264948
0	0.0391586	0.270634	286228	99982	-0.166443
0	0.00199335	0.272448	274264	140018	-1.02587
0	-0.081795	0.234479	264330	172040	0.223301
0	-0.0581251	0.163889	282254	229995	1.0355
0	-0.0443421	0.188895	290242	236043	0.0300772
0	-0.0097046	0.115883	272280	240162	-2.2466
0	0.0426073	0.0809771	286228	280075	-2.82856
0	0.00661596	0.235535	272304	31991	0.0553185
0	-0.0650569	0.234675	282236	76030	-0.244808
0	0.0209492	0.232792	270302	117953	0.156846
0	-0.0302312	0.236365	274282	157958	0.71219
0	-0.0251025	0.188187	274268	213968	1.22544
0	0.0514686	0.212034	278278	204036	0.385794
0	-0.0408769	0.144807	270340	238096	-1.20028
0	-0.0216447	0.129819	290226	260084	-1.04467
0	0.0163021	0.115262	276266	254107	-1.49358
0	0.00556772	0.21836	278254	40008	-0.0214557
0	0.0160291	0.26462	270282	83942	0.0269543
0	-0.00567696	0.255353	272302	123988	-0.0236165
0	-0.0113128	0.236215	272252	138023	1.11932
0	-0.0274449	0.208422	270326	179992	0.447075
0	-0.00835306	0.162808	276280	212060	-1.41064
0	-0.0403858	0.173156	262328	224051	0.976094
0	-0.0204394	0.149867	272304	256059	-0.726131
0	0.0184695	0.146478	268294	246151	-0.0914554
0	-0.0240877	0.276974	278250	34008	-0.0139641
0	-0.000506876	0.262797	272314	67999	-0.133259
0	0.0722751	0.246662	284252	106023	-0.0121074
0	-0.0179241	0.238711	290226	169891	-1.05618
0	-0.0487245	0.224455	280262	201947	0.736039
0	0.0172977	0.18428	274318	214030	0.345476
0	-0.0214622	0.154051	282226	240052	1.12177
0	-0.0178215	0.15604	280282	258037	-1.04239
0	0.0454442	0.120845	278274	252166	-1.89686
0	-0.0130526	0.242252	272312	45966	-0.0456234
0	0.0462699	0.225597	268282	78018	0.36592
0	-0.0299446	0.229527	274302	100081	0.00566624
0	0.0356642	0.231688	274274	163953	-0.131486
0	-0.0131685	0.159772	278238	192023	0.996927
0	0.00940189	0.229597	262324	202002	-0.260863
0	0.00594135	0.162627	274262	236085	0.483203
0	-0.0174748	0.12093	282272	262074	0.204507
0	-0.00089494	0.145766	292226	266060	1.22207
0	-0.0168849	0.260494	270298	35993	-0.0493415
0	-0.0527518	0.264471	280250	75978	-0.0440977
0	0.0184818	0.263777	278252	133924	-0.368776
0	-0.01097	0.222262	274246	157923	-0.1273
0	-0.0386458	0.234063	280250	176061	-0.866174
0	0.0240522	0.175779	282290	214045	-1.53204
0	-0.0920321	0.155047	274278	242056	0.265132
0	-0.0496992	0.13642	268286	238127	-1.6936
0	-0.000503171	0.0906986	284248	272096	1.49059
0	-0.000776163	0.21696	268318	34042	-0.064323
0	0.00958083	0.248052	272288	77968	-0.174747
0	0.0405587	0.250377	268342	127953	-0.125579
0	0.0050965	0.263979	288210	169917	-0.585532
0	0.00420775	0.201674	278244	183929	-0.450112
0	0.00609339	0.165233	270284	212052	-0.337826
0	0.0313937	0.18932	268286	224060	0.753102
0	-0.0114238	0.146888	258338	232119	-0.3
0	-0.00748167	0.102579	280254	262140	1.55543
0	0.0383482	0.255152	272308	51947	0.00203724
0	-0.00865893	0.212069	284254	95935	-0.147417
0	0.0353292	0.253473	268322	92036	0.690124
0	-0.036046	0.215341	284222	163960	0.202127
0	-0.0220439	0.15804	284254	197999	0.80149
0	0.00254578	0.211242	284222	215926	0.146387
0	0.00316973	0.168545	274250	241968	-0.423375
0	-0.0329215	0.158072	284258	252061	1.3814
0	0.000920329	0.0917307	278244	262101	-1.00017
0	-0.00324168	0.260329	268298	33989	0.0415825
0	0.000617702	0.245938	276294	85956	0.188225
0	-0.0121617	0.222042	272294	104035	0.0191264
0	-0.0165897	0.268141	280296	173923	-0.823064
0	-0.0178592	0.251968	278254	175986	0.149241
0	-0.0360672	0.162419	286242	229977	-0.933978
0	-0.00250779	0.179637	276230	233989	-2.47137
0	-0.036062	0.151067	288234	246087	1.60839
0	0.00391918	0.101628	274262	264127	0.874721
0	0.0445043	0.231126	274260	34029	0.0267812
0	-0.000663196	0.241466	272286	79973	0.220147
0	0.0263423	0.241182	278246	108030	0.719347
0	0.00475412	0.250916	278272	167876	1.18124
0	-0.0133022	0.234453	274284	179976	-0.0447578
0	-0.0116733	0.234734	276276	195999	0.0101367
0	-0.0188466	0.168696	276288	230091	-0.36021
0	0.0285165	0.128739	286222	252067	0.969515
0	0.0285547	0.0986004	264306	250166	0.460274
0	-0.0363941	0.269568	282234	37976	-0.0341974
0	0.0106512	0.257319	286224	81986	-0.0145047
0	-0.0135028	0.255708	272262	121909	0.284974
0	0.000491062	0.24684	268314	143992	1.10411
0	0.00139286	0.253854	276272	193915	1.49834
0	-0.00982897	0.161704	286226	223964	0.206787
0	-0.0596187	0.185991	282230	247959	-1.37029
0	-0.0199229	0.119192	278280	256101	1.50064
0	-0.00161993	0.0912372	290240	280114	0.514093
0	0.0327455	0.263493	276268	39991	0.197561
0	-0.021558	0.240449	274258	79987	-0.469934
0	-0.0457308	0.276847	280290	121964	-0.640469
0	0.0177079	0.202298	284234	147984	0.297374
0	-0.0336084	0.236176	284276	187996	-0.0860376
0	-0.0124741	0.174904	286216	222001	-0.688412
0	-0.0525701	0.188085	274276	231989	-1.02264
0	0.00929853	0.147614	278256	240115	2.81578
0	0.0509395	0.0813524	284254	272132	-0.300645
0	-0.0148623	0.215762	280282	34002	-0.0819963
0	0.00825881	0.241254	274256	95970	0.0427023
0	-0.0105647	0.220275	290210	121972	0.0960866
0	0.0582716	0.200921	282248	157973	-0.302685
0	0.0132516	0.200607	284216	185975	-0.554699
0	0.0296936	0.174761	280262	212079	0.625024
0	0.00547823	0.176692	276294	236044	1.13014
0	-0.00797983	0.149143	282264	258025	-2.23361
0	-0.00973211	0.114862	262346	250179	-0.0450256
0	0.0189177	0.261911	282266	41998	0.137228
0	0.013219	0.284442	284226	61997	-0.179146
0	0.0187588	0.236021	284254	122017	-0.825313
0	-0.0445677	0.24244	290222	169927	1.11742
0	0.0422629	0.176489	280248	204016	-0.727392
0	0.0125051	0.223728	274292	213975	0.17624
0	0.0127258	0.168093	282218	251979	-0.393509
0	0.0299053	0.131169	278284	256065	-0.151845
0	0.0215802	0.111643	258356	248217	1.10201
