0	-0.0385573	0.250188	265854	88339	-0.208984
0	0.0196439	0.225924	258768	162078	1.77907
0	-0.00249111	0.160175	255738	191451	-5.75824
0	0.0268854	0.11348	240074	190566	-2.54951
0	0.0511707	0.163499	221136	175602	6.52165
0	-0.0186865	0.139227	237584	202264	7.44866
0	-0.0295136	0.114698	255844	225165	0.197342
0	-0.0391303	0.107839	241966	208621	6.15263
0	-0.0289193	0.0684188	249508	228646	-0.576535
0	-0.0231632	0.287177	234888	67768	-0.0162372
0	-0.0133726	0.261542	235428	145574	0.479919
0	-0.0262785	0.185395	252860	198622	3.33066
0	0.0560387	0.138992	233362	203344	0.816242
0	0.0264359	0.174188	248484	233007	0.106968
0	0.0760352	0.144257	243442	224767	-6.31403
0	0.0134625	0.144185	237094	221807	-0.524495
0	0.00162458	0.100044	244654	236049	-2.94475
0	0.0160195	0.0893149	248132	242145	-9.28841
0	0.0113301	0.237361	248068	86914	0.269645
0	-0.001538	0.221294	253058	163414	-0.70954
0	-0.00591547	0.206776	229732	181663	-1.86831
0	-0.0242835	0.137768	226004	197542	-1.47061
0	-0.0153486	0.140942	220036	201164	-0.745824
0	-0.0262428	0.124334	239056	222267	2.22835
0	0.0124419	0.0874549	241858	230126	5.96195
0	0.0313538	0.0291061	261292	256194	-5.6015
0	0.00379206	0.0510475	238016	232000	1.39774
0	-0.0156899	0.232231	241684	99933	0.0635308
0	-0.0231448	0.265424	215092	139371	-0.855358
0	-0.0101569	0.209876	226014	178258	1.60558
0	-0.0318746	0.167656	228346	203457	-1.74289
0	-0.00863127	0.0827817	243326	228303	0.910689
0	-0.00411419	0.0865887	249466	232847	-0.393293
0	0.0229412	0.0764939	242568	230886	8.85083
0	-0.022911	0.0590147	245338	237530	2.44939
0	0.0169132	0.05772	244022	235725	-1.11206
0	0.0216632	0.265615	247850	86464	-0.0511584
0	0.00802806	0.208951	253180	159628	-0.604672
0	0.00710636	0.211117	237658	192046	-1.56609
0	-0.0173746	0.140712	231216	199862	0.197806
0	0.0422026	0.104887	240078	220540	1.13945
0	0.0232805	0.0913904	225414	212901	4.69665
0	-0.0117029	0.0954772	245808	233716	-6.55284
0	-0.00236913	0.0648833	233016	225266	6.85058
0	0.0124657	0.0210922	248256	244726	1.47746
0	0.011819	0.29555	232578	66992	0.307027
0	0.0326611	0.234543	236400	132761	-0.150728
0	0.0145112	0.242238	229676	172146	0.48719
0	-0.00613117	0.151937	247320	218985	3.12277
0	-0.00965873	0.141711	240834	223790	-1.60081
0	0.0316126	0.110086	248242	234752	3.02589
0	-0.00430099	0.0784572	230234	219788	0.375505
0	-0.0153491	0.0356827	226970	220853	0.149245
0	-0.0116062	0.0224786	248222	244545	1.25643
0	-0.00427132	0.256932	260004	83328	-0.265921
0	0.0228391	0.256268	236554	141070	-1.93498
0	-0.00910415	0.219856	231540	163901	1.66385
0	0.0390567	0.132915	245856	219267	4.56945
0	0.0252223	0.0918606	256072	241057	0.803322
0	-0.00160599	0.073263	253734	242908	-6.53994
0	0.0141167	0.0617797	235236	226524	0.099869
0	0.018587	0.0809665	232584	221436	2.03811
0	0.0128084	0.0397128	249000	244538	-0.227208
0	0.0330992	0.255044	231366	77043	-0.428348
0	-0.0139364	0.203605	252262	157473	-0.978739
0	-0.00893248	0.214098	244984	188523	1.49913
0	0.00894147	0.167673	228856	200799	-3.96843
0	0.000360292	0.112389	245252	226725	-3.81995
0	0.046129	0.0774047	260980	250241	3.17732
0	0.059811	0.0639577	243208	235440	-1.62909
0	-0.0618844	0.0572514	259672	254318	-4.46897
0	-0.00732788	0.000439079	256858	256421	1.20051
0	0.00418517	0.256281	241348	86270	0.306927
0	-0.0311976	0.210772	243526	154013	0.659992
0	0.0200988	0.251701	256436	188701	0.527391
0	0.0159581	0.182644	245528	213474	-0.210883
0	-0.0576496	0.054297	239958	230617	-2.46332
0	0.0141848	0.0804759	231646	219543	2.89084
0	-0.0146522	0.0840188	242252	232582	1.15436
0	-0.00142349	0.0338857	246522	243836	0.81093
0	-0.0187359	0.00936695	251682	250481	-2.83739
0	0.0435871	0.236453	248328	41117	0.00703492
0	0.0212645	0.245595	243394	95013	1.20102
0	0.036152	0.24112	247852	124750	-1.9489
0	-0.0124585	0.209664	263860	136617	7.17071
0	-0.016302	0.184974	229820	129788	-10.6247
0	0.0231549	0.116719	245892	149576	-3.377
0	-0.0205226	0.115568	246528	159056	5.54327
0	0.00986686	0.102354	251532	157980	-8.84439
0	0.0354575	0.0739304	240988	165284	4.84797
0	0.0304523	0.241913	241310	70514	-0.562302
0	0.05264	0.245586	237498	133203	0.247478
0	-0.0601007	0.167465	243510	180911	2.52817
0	-0.0219743	0.193775	234216	190648	4.64088
0	0.0448524	0.165699	239150	196542	4.32922
0	-0.00511771	0.0700293	224884	202431	3.87925
0	-0.0143893	0.0568295	229100	207790	2.2484
0	0.0123778	0.0909386	239860	214357	2.75166
0	-0.00130077	0.0722896	249144	226332	16.8073
0	-0.00256003	0.227262	236528	82348	0.225068
0	-0.000900692	0.263683	228520	127706	0.192626
0	-0.00957157	0.19447	248810	196666	-0.528931
0	-0.00283407	0.14512	252130	216862	-4.69575
0	0.0203989	0.157015	238626	207936	2.75758
0	-0.00236254	0.170829	240628	220171	2.0917
0	-0.0524595	0.0715695	248860	235623	-0.399851
0	-0.0168143	0.0536791	236110	228174	6.08623
0	-0.0389363	0.0854933	244300	231335	-8.76426
0	-0.00690474	0.279506	261874	76272	-0.11766
0	-0.0143411	0.242956	246452	148193	0.0818381
0	0.00845164	0.190426	233666	194003	-3.9098
0	0.00513611	0.155598	243436	220287	3.05436
0	0.0428981	0.116276	235640	216251	5.70711
0	-0.0131582	0.0691046	257366	244271	-5.81196
0	-0.0033883	0.0679433	246016	234441	4.97864
0	0.0179249	0.0679086	238940	228904	2.43277
0	-0.0381654	0.033537	252778	247396	11.568
0	-0.00226906	0.265197	239400	67984	0.0542606
0	-0.0106386	0.21907	247920	158138	0.395631
0	0.0200368	0.145957	238698	193886	0.315002
0	-0.0157039	0.124388	235760	210178	2.51902
0	0.0116882	0.0959531	241438	225146	-1.17408
0	0.011225	0.0870417	259694	248589	0.955551
0	-0.0229898	0.0470255	242512	234457	1.20452
0	0.00738985	0.0550026	236206	231578	0.121938
0	-0.0412471	0.0423419	243560	238111	3.85952
0	-0.0463302	0.269219	239942	78819	0.0584867
0	-0.0404534	0.219077	235192	149186	0.297589
0	0.0134718	0.18479	242078	196097	1.8774
0	0.0319703	0.148115	246404	211737	-0.556041
0	0.0124442	0.0926629	252200	238694	0.260606
0	-0.00320898	0.119927	232092	220013	-6.05347
0	-0.0109277	0.0357316	255146	248925	-1.6187
0	0.0203375	0.0392657	249316	242404	7.66349
0	-0.0488619	0.0184089	257966	255044	-0.719844
0	0.00356261	0.201194	237702	98850	-0.00946806
0	-0.0172195	0.246667	252060	161604	-0.260462
0	-0.0459494	0.207503	237828	181271	0.401314
0	-0.0125935	0.153767	231872	197701	0.0528509
0	0.0189549	0.113189	224442	207474	-1.0263
0	0.0285251	0.0560898	256416	248154	0.119315
0	-0.00179404	0.0608253	247014	240180	-2.95435
0	-0.0105879	0.0585804	255660	248885	-1.75867
0	0.0277201	0.036164	249152	246310	-3.5272
0	0.00488092	0.260643	230912	79579	-0.01726
0	0.0629062	0.215397	254616	173099	-0.344658
0	0.0102004	0.181554	219970	183953	-1.5823
0	0.00400887	0.134781	241854	211152	-1.48351
0	0.00652828	0.0944609	237796	218031	-3.44
0	0.01185	0.0795118	228304	215046	-4.1614
0	0.039008	0.0644858	247000	239165	-2.36066
0	0.00425985	0.0467676	238892	232765	-3.6226
0	-0.0408637	0.0221234	257032	254102	5.20499
0	-0.0175505	0.282957	249076	74912	0.0326645
0	-0.0413585	0.222688	259320	187920	0.798986
0	0.0149144	0.183815	225034	181879	0.63966
0	0.0245339	0.178179	226610	198157	-1.3223
0	0.0373223	0.142033	226730	203527	-2.16018
0	-0.00965867	0.111728	218504	207057	-2.15169
0	0.028028	0.0812824	239992	230842	-1.8098
0	-0.0107267	0.0373618	241924	238331	2.48904
0	0.00141582	0.035792	253534	248579	-2.06882
0	-0.0124463	0.258969	253188	35700	0.41958
0	-0.0353752	0.247766	246778	70705	0.451251
0	0.0134568	0.206784	242060	91831	-7.08058
0	0.0620221	0.226483	248680	103913	-6.40786
0	0.0220703	0.172667	244454	113800	0.947441
0	0.0207177	0.153433	256918	122538	-15.7882
0	0.0157071	0.105163	234438	118606	5.92959
0	0.0198958	0.114606	236050	124063	-3.46616
0	-0.0622296	0.0955176	243764	128462	5.00116
0	0.0307162	0.262185	263760	57627	-0.399898
0	-0.00948899	0.214778	231200	99549	0.2693
0	-0.0157087	0.180391	252948	155390	-1.0085
0	-0.0169696	0.186223	244228	160112	3.4081
0	0.0122935	0.135543	234118	169817	2.54029
0	-0.013936	0.114085	236302	177511	5.40942
0	-0.010633	0.0849193	248296	192618	-6.00215
0	0.00667769	0.0680146	248108	199249	-1.67297
0	-0.0203587	0.0500676	240662	192797	-0.974651
0	0.0535108	0.237676	234426	74013	-0.812264
0	-0.0170662	0.239532	244786	143503	2.48248
0	-0.000578458	0.186035	236476	177573	5.80861
0	-0.0164281	0.192033	248822	191858	-3.29913
0	-0.00799032	0.137318	242696	203657	0.613832
0	-0.024405	0.124893	241638	210571	-2.40723
0	0.0167065	0.0448914	230048	213654	3.96113
0	0.0165728	0.0778323	246366	225972	-3.30999
0	-0.0313532	0.038829	249888	232195	7.47387
0	-0.0316385	0.2699	249404	85477	0.374775
0	-0.0280162	0.249955	250184	154997	0.637221
0	0.0139296	0.17077	253158	203389	-1.19383
0	-0.0137397	0.200424	237824	198588	-6.09802
0	0.0364332	0.154092	255640	226698	-6.00299
0	0.00112357	0.115084	241686	223845	-6.06812
0	-0.0212736	0.085324	250674	236512	-6.98462
0	-0.0268067	0.0668879	234490	223370	4.13892
0	-0.0172574	0.0564136	247278	238525	-2.07609
0	-0.023112	0.249736	256570	97112	-0.218
0	0.00491718	0.276834	237478	137772	0.0279273
0	-0.0264537	0.185519	252780	206497	-2.40754
0	0.00228131	0.117562	259540	238375	3.45571
0	-0.0154195	0.186329	252706	222352	-3.44801
0	0.0494572	0.0806432	240162	224183	4.33389
0	0.0237551	0.0664174	243494	231687	0.828483
0	0.0320495	0.0704858	235568	223851	5.94164
0	-0.0128615	0.0639822	245488	235712	-7.21868
0	0.000251392	0.231011	255316	104231	-0.0119919
0	-0.0518331	0.256304	250364	149317	-0.582037
0	-0.0350876	0.193583	228726	183775	-1.44401
0	-0.0386388	0.13792	251322	229228	0.864167
0	-0.00409329	0.0892626	241574	224479	1.79771
0	0.00260165	0.0777608	243444	235169	-1.35213
0	0.00120443	0.0570873	260704	252221	-3.86948
0	-0.00342571	0.0355278	252744	249595	-3.71821
0	0.000861454	0.0462175	248380	245155	-3.84362
0	-0.0196967	0.250916	238318	64903	-0.213401
0	-0.0100795	0.239044	268292	174844	1.23403
0	-0.0294138	0.231238	257120	210025	-1.11755
0	0.00346731	0.147002	250740	218863	-0.330014
0	0.0243329	0.11389	239122	226226	0.946199
0	-0.0325354	0.0685684	238424	230821	1.29672
0	-0.03056	0.0888103	238100	229479	6.51238
0	-0.00283935	0.0292009	249550	244333	3.4538
0	-0.00535151	0.0218613	249486	245956	3.67466
0	0.0196831	0.262025	238382	83107	0.111635
0	-0.0173274	0.218398	245200	144559	2.03185
0	0.0460171	0.255247	232282	168607	1.54938
0	0.0226651	0.171237	240540	215804	-0.273976
0	0.0790316	0.133962	240400	223885	-2.34537
0	-0.0393925	0.0772054	223238	209262	-0.906651
0	-0.0262835	0.0578778	251296	244053	-5.57866
0	-0.00766897	0.0500323	245326	237755	2.57742
0	-0.0224777	0.011026	246842	245112	4.12556
0	0.0255127	0.255299	253158	93762	-0.487421
0	0.0192096	0.227447	246428	138206	0.0095162
0	0.0511499	0.174599	239666	190533	1.11224
0	0.0106751	0.149473	244910	220801	0.127042
0	-0.0115834	0.111118	246532	232565	1.73917
0	-0.00251785	0.098819	244002	234071	-0.357913
0	-0.00536511	0.0304458	235554	231284	2.86894
0	-0.000318918	0.0221489	253072	250659	4.66886
0	-0.0125571	0.0288385	256584	252899	0.970019
0	-0.0138494	0.215859	221580	20214	0.28533
0	0.0440443	0.230132	255094	56398	0.797503
0	-0.000217655	0.216351	226092	67518	8.97502
0	-0.000443031	0.197999	241574	84438	1.55539
0	7.16243e-06	0.202049	247450	96862	2.56815
0	0.0507722	0.178804	236646	96347	-5.06973
0	0.0729563	0.141598	223186	96513	-11.3715
0	0.00168967	0.135932	214854	99715	-2.58253
0	-0.0372095	0.101312	228168	100348	1.19249
0	-0.00419787	0.275873	246322	50468	-0.43788
0	-0.00822808	0.23169	242244	101685	0.69971
0	-0.0352704	0.224329	232826	120249	0.478656
0	-0.0152196	0.219027	243074	129401	-2.19927
0	0.0393698	0.147017	226740	140760	-1.39774
0	0.00217435	0.156125	228062	145588	-5.55945
0	-0.00267935	0.110963	247508	167253	-4.30941
0	0.00261834	0.050855	238736	166984	-9.72265
0	-0.0162844	0.0543372	254186	178683	1.92559
0	0.0369018	0.269217	253718	63238	-0.194651
0	-0.0151377	0.210595	245148	136415	-0.32478
0	-0.0427264	0.196016	227742	147059	2.76417
0	0.00855255	0.151058	222992	161901	1.55682
0	0.0356989	0.104506	225752	182046	-1.02636
0	5.58017e-05	0.0948247	250890	203062	1.15938
0	-0.00983453	0.0468704	248464	212068	-7.85814
0	-0.0217948	0.0402745	246152	209490	3.6225
0	-0.0299903	0.0425118	236178	201094	-3.72039
0	0.00947653	0.229607	250752	85426	0.0843033
0	-0.0221324	0.246568	253788	138649	-0.656783
0	-0.00135644	0.209768	237340	168423	-6.25054
0	0.000655071	0.162458	249492	201103	1.52916
0	-0.032374	0.118458	223318	190713	4.30577
0	0.00889056	0.0731504	247636	221209	2.8008
0	-0.00900494	0.0628888	239532	219439	-0.313091
0	-0.0171112	0.0906861	246128	224874	-1.84079
0	-0.0196661	0.0486701	252552	236033	-1.51344
0	0.0391975	0.255409	236662	70512	0.44603
0	0.0300706	0.174011	224436	142787	0.308315
0	-0.0396552	0.171906	238204	183153	4.48777
0	0.0380673	0.210521	267532	219582	-0.0742338
0	-0.00594338	0.138983	243842	212188	-0.0966211
0	-0.0117794	0.119589	243842	220494	2.09225
0	-0.00668175	0.0569698	220008	210367	-3.48752
0	0.0147723	0.0538323	242384	231056	7.24644
0	0.0198719	0.044092	250546	242187	-2.49234
0	-0.00669202	0.212344	224948	81546	0.235542
0	-0.0375604	0.238415	245928	166481	0.17895
0	-0.00586955	0.187875	243308	186505	1.39342
0	0.0147917	0.163549	242142	207091	-1.77067
0	0.00535572	0.119611	246768	225159	0.695694
0	-0.0406336	0.0658296	227440	214440	7.64114
0	0.0135063	0.0840337	232704	218669	1.45449
0	-0.031713	0.0774707	248862	239290	-1.91795
0	0.0117368	0.00743862	238560	236471	-5.07283
0	0.0115412	0.277102	249388	64210	0.0418969
0	-0.0199314	0.207847	250036	156049	1.41525
0	-0.00431048	0.191057	255506	201880	-2.50846
0	-0.00964011	0.166067	243486	213613	-0.395579
0	0.0195908	0.113776	247654	228720	-2.5794
0	-0.0398785	0.0821416	245484	234686	-1.71931
0	0.0126879	0.0595109	241238	231669	2.0405
0	-0.0256414	0.035499	232474	227533	0.0910059
0	0.0156396	0.0265444	244916	241217	2.49818
0	-0.00285648	0.229502	241684	82624	-0.072871
0	0.0438991	0.231622	238576	156795	-0.312185
0	0.00941323	0.211693	256088	187753	-0.498036
0	-0.0171602	0.096085	241486	215930	4.21597
0	-0.0497219	0.125553	245664	231444	3.89546
0	0.0291016	0.0660166	259634	251475	1.52277
0	0.0519936	0.0425204	234540	228258	-0.926985
0	0.00477247	0.0455305	250320	244640	-2.05071
0	-0.0184115	0.0286024	242796	238539	3.92612
0	-0.0235977	0.208944	242410	82243	-0.0251104
0	0.024635	0.224901	246184	153824	0.934916
0	0.0298257	0.188239	243740	184887	-0.838617
0	-0.0071353	0.121064	229862	210729	3.24981
0	0.050062	0.0986396	247692	229690	-1.4865
0	0.0193027	0.0810725	238420	229237	0.145996
0	-0.00194906	0.0352995	250550	245271	0.156051
0	0.00543665	0.0492789	237050	231936	2.06202
0	-0.0107692	0.0304078	247796	244097	3.48458
0	-0.0325815	0.254982	226452	19752	0.0812701
0	-0.031492	0.228203	251118	48577	0.651465
0	-0.00330666	0.199643	249826	55878	-0.446489
0	0.0439397	0.210429	254142	70601	2.99914
0	0.0460578	0.188069	236626	86843	-2.63635
0	0.0266169	0.178023	232652	83108	1.52622
0	-0.0287715	0.150086	231234	75623	0.216238
0	-0.0661258	0.104633	224348	82496	7.3118
0	0.0171766	0.0895383	238912	96704	-15.2075
0	0.0600698	0.232422	239864	42850	0.164136
0	0.00804946	0.259038	245472	82403	1.76135
0	0.0124563	0.23238	238052	111339	4.47881
0	-0.0180493	0.186782	256008	131283	13.6211
0	0.0713141	0.103893	247296	143164	-0.342593
0	0.0434981	0.106073	241220	133117	-13.4346
0	0.0396805	0.104941	241702	143389	-12.0224
0	0.0167432	0.0484649	238584	140986	-9.08218
0	-0.01274	0.0758122	236628	145795	0.799967
0	0.005663	0.209495	250324	60925	-0.0964701
0	0.0283873	0.228663	233192	103351	-0.315104
0	-0.036118	0.187202	236710	138677	-3.46833
0	0.00647978	0.175075	256296	171023	9.81731
0	0.00102215	0.125082	248164	171286	0.345524
0	0.0251737	0.0756949	250280	189174	-0.0338456
0	-0.00307077	0.0732005	244622	186576	-7.30584
0	-0.0177541	0.0843708	245740	187589	1.52579
0	0.0182919	0.0412618	236302	189810	-0.293796
0	-0.0385118	0.255504	240664	62227	0.043418
0	0.0187976	0.235934	257580	139841	-3.16124
0	0.0182361	0.177473	215952	149474	-1.05372
0	0.0124981	0.198412	241506	172388	5.50495
0	0.0692568	0.117735	237536	188066	-5.00369
0	0.0300886	0.10169	225450	181540	-13.1967
0	0.0246056	0.082624	237684	199878	0.737904
0	-0.00706888	0.0775714	247050	213667	8.24653
0	-0.0165998	0.042698	222760	199737	10.5997
0	0.0230312	0.226468	237914	85931	0.720562
0	-0.027117	0.256992	233754	117799	-0.411593
0	-0.0613093	0.239103	253970	176736	4.26173
0	0.019065	0.153453	244444	197406	5.46937
0	0.0142489	0.124856	256622	222483	1.36691
0	0.0120493	0.141688	228718	189785	2.00852
0	0.00253209	0.0475704	231552	215208	-4.37691
0	0.0136831	0.0564746	235060	217470	4.6665
0	0.0113747	0.0439587	247598	232060	5.10023
0	0.0285522	0.247845	241396	71670	-0.12478
0	0.0189828	0.227967	247896	160972	-2.43867
0	-0.0154149	0.195641	235398	167677	3.88929
0	0.029424	0.170422	230042	197847	4.43491
0	0.0238759	0.131044	245766	221092	-4.36818
0	0.0091269	0.0528931	245616	235801	1.12511
0	0.0164857	0.0767201	242458	228513	2.28676
0	-0.0124773	0.0375859	248532	239011	-3.0065
0	0.0330666	0.0492077	232968	222186	-3.26095
0	-0.0453035	0.239692	251658	92699	-0.0098686
0	-0.00361855	0.243058	223466	115736	0.640041
0	0.0116715	0.22776	232268	176730	4.23992
0	0.0096684	0.200458	224308	183394	0.653777
0	0.0240502	0.15448	229046	203766	-2.52817
0	0.00663622	0.0785924	255598	240782	0.291954
0	-0.0444205	0.0661771	245292	233652	-1.26885
0	-0.0180389	0.0501824	242438	233415	1.86378
0	-0.000620204	0.0158957	239836	236161	-1.55145
0	0.0163137	0.240655	228458	75860	-0.336142
0	0.0156743	0.232515	248068	161773	1.07554
0	0.0305138	0.211593	229938	180356	-0.270126
0	-0.0159278	0.125345	255040	228023	-0.34839
0	0.0137108	0.0863697	250316	228489	-2.59022
0	-0.0293978	0.0665537	244258	231495	1.24931
0	-0.0504295	0.0439814	239448	231323	0.140564
0	0.0504641	0.0454375	240456	234623	-5.00154
0	-0.017262	0.0258669	227788	222579	3.11913
0	0.00289748	0.24061	248876	94236	0.196426
0	-0.0184349	0.236952	254812	166679	0.0455927
0	0.0609004	0.219308	246786	190982	-1.14245
0	0.0218322	0.154097	253050	222271	-0.975659
0	0.0330709	0.108732	234642	216866	-3.78325
0	0.0372817	0.0799916	237230	224590	0.944316
0	0.0356037	0.0542226	242532	232364	-2.99542
0	0.011837	0.0355612	246616	241983	2.21468
0	0.0352103	0.0317805	247848	242831	-0.456262
0	0.0139809	0.235925	242190	18211	0.413082
0	0.0188881	0.242539	245940	36204	-1.21638
0	-0.0213121	0.205466	253960	46662	1.03218
0	-0.0118539	0.213854	233128	62147	1.91603
0	0.002312	0.216993	248082	64334	-6.46898
0	0.0146963	0.208571	255288	75085	1.92983
0	0.0466045	0.138605	212566	80854	-9.51272
0	0.0172374	0.198927	230256	78724	-2.88208
0	0.0587519	0.121108	237712	82150	0.401049
0	-0.000382314	0.265785	250366	30423	0.167178
0	-0.00775061	0.227371	251386	62266	1.97649
0	-0.0525768	0.218635	260330	79380	3.14811
0	-0.0107109	0.22651	234090	98027	8.2583
0	0.0210458	0.177029	256560	125242	-17.2926
0	0.0336983	0.148493	241614	124883	-11.76
0	0.0185653	0.154099	222196	114668	1.20009
0	-0.00294297	0.10914	237186	135991	-5.45368
0	-0.0592412	0.0623915	254314	142797	6.31794
0	-0.00530636	0.245891	240774	58414	-0.147758
0	0.0326461	0.24726	252222	97939	1.58214
0	0.0225303	0.231693	237110	122198	-2.26441
0	0.0455238	0.196523	234632	139805	-0.96985
0	-0.0331703	0.0717911	237522	164958	8.88484
0	-0.0114199	0.148763	241154	167698	-7.07724
0	-0.0188751	0.107029	246594	173197	-2.03916
0	0.0384029	0.0875858	234854	165673	3.49812
0	-0.0471667	0.0472764	246290	179871	9.93134
0	0.0315627	0.226664	246608	61801	-0.312979
0	-0.010663	0.2192	237190	99876	1.0921
0	-0.0354855	0.18612	258808	156177	6.12948
0	-0.0292903	0.194241	255284	169255	-3.72407
0	0.00898161	0.119056	242724	180420	-3.48913
0	0.0407911	0.0833568	248758	199828	-2.73454
0	0.0190977	0.0803517	243396	191638	-4.81305
0	-0.0102928	0.0681353	245462	203670	-1.86026
0	0.0339855	0.0284125	241782	205682	4.53345
0	-0.0124313	0.284276	245740	51799	0.122854
0	0.0112212	0.251434	250000	114459	-2.14543
0	0.000987159	0.21678	258952	173052	2.03135
0	-0.0334065	0.15645	245494	193754	6.90349
0	-0.00427314	0.125596	254866	216797	1.94563
0	0.00598748	0.0794431	226342	195488	2.1964
0	0.033952	0.0484098	232864	209005	-3.07441
0	0.0379225	0.0506387	250464	223801	-9.50344
0	0.0200167	0.0523634	260906	237494	5.14927
0	0.0103907	0.227942	251974	88573	0.34722
0	0.0277987	0.236775	255410	152248	-0.267381
0	-0.0635385	0.160132	249060	194792	-0.473687
0	0.0377387	0.135293	241104	201955	-2.21891
0	0.00966249	0.102955	243782	216905	-4.01217
0	0.00304681	0.0835996	249612	223481	7.79752
0	-0.0688313	0.0505782	236328	221793	-1.82891
0	-0.0574286	0.0322663	259944	245790	1.83553
0	-0.0162515	0.0544243	229564	214077	6.13979
0	0.0190931	0.218554	251184	95909	-0.0826735
0	0.0173365	0.258527	257610	147694	-1.89299
0	-0.0350176	0.164506	243572	192720	1.29505
0	-0.0209487	0.145969	221936	190123	2.40074
0	-0.0158609	0.103253	234958	212601	1.24009
0	0.00209269	0.105325	236048	217645	-5.07474
0	-0.0218757	0.0813071	260094	242260	4.90261
0	-0.000277804	0.0496939	249916	240872	2.23662
0	-0.00303712	0.0399038	245392	238909	-0.415065
0	-0.0244467	0.24219	249250	86452	-0.395292
0	0.00646338	0.230804	252540	154039	-0.740514
0	0.064885	0.212362	246644	192426	0.109776
0	-0.020099	0.168492	237164	200180	1.81662
0	-0.00279063	0.120436	227108	205674	4.7185
0	0.0492475	0.0581248	251980	243907	2.05437
0	-0.00883743	0.0436938	240018	230077	2.13323
0	0.0577338	0.0335639	248282	241684	1.66729
0	-0.0577047	0.0199139	249360	246313	-5.06201
0	0.0480246	0.229165	247060	81626	-0.316445
0	-0.0269607	0.2513	257280	164911	0.768762
0	0.0121695	0.19665	252614	200376	2.55089
0	0.010333	0.142225	250394	222361	2.57902
0	0.0325534	0.112776	235488	212486	2.19509
0	0.0148863	0.0914204	233746	217929	5.64053
0	0.0220432	0.0337157	250486	243520	-3.14098
0	0.0291686	0.0223456	242388	237779	0.0220248
0	0.00107806	0.0267275	245918	241686	2.41055
0	-0.0164484	0.246601	239212	11935	-0.437933
0	0.0211889	0.229584	234950	33332	0.00280667
0	0.0548576	0.267464	249394	39030	0.604683
0	0.0673608	0.205392	250920	61354	-4.88109
0	0.0168614	0.177829	245140	60188	-3.45238
0	-0.0489364	0.217917	234318	62832	-1.6724
0	0.00459273	0.154677	242180	71207	-4.2141
0	0.00994055	0.168773	236084	72209	0.272943
0	-0.0113512	0.118496	248062	72683	10.4744
0	0.0337245	0.253575	239746	26269	-0.265384
0	0.0391627	0.232616	254494	64811	1.61451
0	0.0464516	0.224632	249260	87781	-0.033099
0	-0.0208828	0.203693	246288	103126	1.84722
0	-0.0315971	0.152322	245504	114397	8.04661
0	-0.00128435	0.177094	245940	108649	6.22504
0	0.0176583	0.134002	244800	120418	-8.52008
0	0.056579	0.093899	243352	126999	-15.5854
0	0.00755971	0.0674989	245334	126916	-10.5038
0	-0.00525288	0.303554	252212	43659	-0.0518195
0	0.0235336	0.246263	264058	84127	-2.04116
0	-0.036276	0.205345	260002	123988	6.70026
0	0.0500235	0.16905	236580	130072	-6.54704
0	0.0229566	0.171983	237754	139977	1.84117
0	-0.034318	0.155011	242896	144282	18.6068
0	-0.0128913	0.121046	262080	163017	6.68711
0	-0.0411622	0.101164	243932	158441	4.35247
0	-0.0180598	0.0482092	243020	160558	-16.795
0	-0.0285703	0.254045	266066	48095	0.514741
0	-0.0302057	0.263083	242838	108636	-1.71251
0	0.0300654	0.249009	235186	125282	-0.853371
0	0.0282807	0.195111	233420	141901	2.59445
0	0.0302418	0.127392	248350	171183	1.9449
0	-0.00608117	0.126072	245004	182023	-7.17623
0	-0.0275631	0.0882032	244828	182359	4.44625
0	0.0116069	0.040118	256248	205067	4.54252
0	0.0111358	0.0446975	237224	187880	3.72097
0	-0.0305443	0.276409	241552	65362	0.917317
0	0.0306107	0.220044	243748	123009	-2.03225
0	0.0251695	0.233305	222850	129108	-0.0681515
0	-0.012842	0.131209	244746	190278	1.39774
0	0.0666874	0.12116	249130	195396	0.723226
0	0.0136586	0.0920728	237730	202115	-3.6014
0	0.0319462	0.0756316	248172	213238	1.10774
0	0.034694	0.0535226	250538	216627	-13.6754
0	0.0300276	0.0165074	250908	222207	-7.8658
0	-0.000729434	0.226891	238958	87797	0.0126539
0	0.0109277	0.199651	235564	122939	3.0036
0	0.0112421	0.22174	249364	158575	0.135536
0	-0.0135943	0.162325	238234	178648	6.70948
0	-0.000640603	0.121196	233736	200696	-0.468942
0	0.0131503	0.096562	235478	204344	3.9483
0	-0.0257085	0.053893	245564	220878	-2.17336
0	0.0355212	0.073453	248718	223404	-1.24436
0	0.0289418	0.0413328	249410	231779	-5.27724
0	0.0215324	0.235066	265300	91224	-0.390905
0	0.00382474	0.246481	230882	119750	0.764966
0	-0.0264	0.196726	250410	187025	-2.72821
0	-0.0330219	0.169466	256686	206912	12.8776
0	0.0244366	0.144233	245676	218050	-6.17843
0	0.0147718	0.0893261	259932	235104	-4.14038
0	0.00146839	0.0774844	235736	219043	-1.06059
0	-0.0502438	0.0205894	258802	245380	12.5516
0	-0.0109019	0.071962	242220	227297	7.84518
0	0.0243822	0.249312	240056	73129	0.211701
0	0.00676513	0.256451	233952	122274	-0.887286
0	-0.00792872	0.166209	253960	208108	4.57605
0	-0.00948083	0.189321	236292	203120	0.506837
0	-0.00937382	0.0866083	239280	220413	1.95349
0	-0.00338702	0.093463	246422	231459	-1.80895
0	0.0192652	0.0691731	232974	217634	3.3835
0	-0.0184622	0.0344424	246384	236800	-1.43382
0	-0.0110681	0.0283779	251954	244534	-2.26097
0	-0.00276644	0.258805	247230	81620	0.12412
0	-0.0301012	0.207539	255348	167403	-0.00925817
0	-0.00507575	0.233518	261430	203886	2.40401
0	0.0216889	0.147464	242534	201464	-3.81206
0	0.0146264	0.128545	246544	221702	-1.30355
0	0.0494188	0.120082	249892	230355	1.5533
0	0.00203465	0.0555042	251902	240380	-1.03171
0	0.00965062	0.073419	256882	246827	4.48087
0	0.0512295	0.0188193	241684	236333	-3.99974
0	-0.0437352	0.276564	247074	15412	0.364271
0	0.0235328	0.22469	240454	25942	0.79731
0	0.0367323	0.236368	237986	36525	-0.428569
0	0.00472445	0.213158	256450	58861	-9.07476
0	-0.00151267	0.225981	249446	51178	1.39463
0	0.00767015	0.237741	254002	44818	-3.94537
0	-0.0361588	0.140144	250484	62511	2.05728
0	-0.0156612	0.172124	238494	69760	-2.28923
0	-0.00550546	0.153706	249870	72495	6.14841
0	-0.013113	0.269935	230932	27667	0.00680175
0	0.0323431	0.261344	265488	63805	1.1106
0	0.0113215	0.257554	245672	65399	-0.130933
0	0.0110298	0.174257	248996	93288	-5.50447
0	-0.0256077	0.12661	262980	106697	3.70863
0	0.0391401	0.164775	239682	99438	-9.30153
0	-0.026804	0.116612	235536	103888	-19.6525
0	0.00709465	0.0857121	246292	112918	-4.36861
0	-0.000407966	0.089635	220496	103761	-2.58661
0	-0.0234334	0.254769	255286	43210	0.569671
0	0.0200963	0.257659	265328	66979	-1.9783
0	-0.0508151	0.171444	246810	115039	5.99018
0	0.00805577	0.174147	229890	114417	0.948368
0	-0.0480232	0.179003	241578	124885	2.34222
0	0.0117322	0.107028	242710	139042	-4.55018
0	-0.025326	0.0968698	247702	154599	9.66247
0	0.0350015	0.0549804	237844	145159	-5.93952
0	-0.00354748	0.0391576	246942	155895	-10.3538
0	0.000764525	0.258662	229042	34287	0.506783
0	0.00324814	0.215159	248348	105895	0.754241
0	0.0104062	0.219388	251052	132719	2.4808
0	-0.00670073	0.129401	245930	161175	7.91023
0	-0.0668011	0.120069	241682	165367	7.91537
0	0.050297	0.136681	247226	163909	2.81463
0	0.012424	0.0672781	236624	167865	-7.05245
0	0.0375138	0.0690223	247688	180002	-4.45503
0	-0.00818909	0.034965	233858	180569	0.266141
0	0.00972798	0.253496	240742	64870	0.118012
0	-0.000491254	0.225498	254434	103730	0.177635
0	0.0253741	0.24995	271186	141449	3.9689
0	0.00611076	0.213235	251228	161845	-2.2611
0	-0.112447	0.154961	233650	169889	9.41896
0	-0.0732693	0.080243	238026	195765	5.57875
0	-0.0286492	0.0898714	237798	189165	-4.67777
0	-0.0130057	0.060725	253288	212074	-1.25627
0	0.0248876	0.0171757	250554	211900	2.48736
0	0.00617716	0.233919	258070	64990	0.18696
0	-0.0642996	0.22995	238898	106724	-0.472007
0	0.0266026	0.200459	251348	167591	-1.53916
0	-0.0565016	0.17729	222498	163798	8.59332
0	-0.00668168	0.0934143	243012	198220	-4.3008
0	0.0698129	0.121647	257398	206609	-5.11751
0	-0.0167073	0.0690804	244916	214158	-8.45116
0	-0.0131346	0.0521994	245340	215355	-3.5977
0	0.0565605	0.0155106	245678	223479	-13.5711
0	0.00691821	0.216496	237172	65415	-0.426602
0	0.0104312	0.254393	238368	127686	1.70632
0	-0.00935091	0.221981	258518	174528	1.07857
0	-0.0115635	0.182365	252344	193965	1.19453
0	0.00359008	0.139945	243602	202452	-8.86342
0	-0.00479033	0.0910705	239722	212985	-2.47946
0	-0.0438336	0.0523861	247170	222559	2.01042
0	-0.00948291	0.0461042	255112	233667	-4.01307
0	0.00755631	0.0590511	257194	237629	3.1825
0	-0.0249664	0.276813	249492	61825	0.249625
0	0.00283868	0.260153	242448	126127	-1.13693
0	0.080608	0.197495	251774	189142	-2.51198
0	0.010704	0.131895	257352	219003	-9.64459
0	-0.0486749	0.152588	239590	205678	0.721168
0	0.0231855	0.0847803	255638	232235	-1.42087
0	9.66106e-05	0.0610763	246892	231245	-5.34587
0	-0.0286532	0.0506428	230454	217370	2.20712
0	0.0630584	0.0170266	241300	229206	-7.18113
0	-0.0127695	0.242279	244936	60852	-0.130542
0	0.0425895	0.214518	274216	160863	1.47004
0	-0.0333172	0.191308	243148	182534	1.01746
0	0.0400601	0.135499	245276	212017	-1.45026
0	0.00571152	0.0834941	233270	212768	-4.66707
0	0.0115625	0.1484	255280	229004	-0.909042
0	0.000376487	0.0658686	238510	224223	2.15266
0	-0.0330371	0.0198836	242886	237276	4.87319
0	0.00619304	0.0474732	245244	237308	-0.904322
0	-0.0173362	0.260872	259050	8644	0.0860515
0	-0.0496961	0.266938	261834	23449	-0.960794
0	0.0218999	0.264842	252708	27904	-1.39419
0	-0.00535399	0.23496	238296	28416	-1.81209
0	-0.029826	0.252817	252768	58495	-3.51212
0	-0.0149346	0.195601	259692	59031	10.164
0	-0.104629	0.157573	249878	59681	4.04405
0	-0.0339356	0.142308	246424	58597	-6.4227
0	-0.00323614	0.0874742	261036	66641	2.31048
0	-0.00162157	0.217307	246488	25619	0.189298
0	0.00578325	0.250081	248546	45321	0.964526
0	0.0368656	0.246485	229970	51374	0.982346
0	0.00750853	0.240768	248446	78801	-1.30914
0	-0.0372	0.172488	248156	85709	11.9722
0	0.0301144	0.122288	249186	100704	-7.54414
0	0.0243106	0.142248	223836	90560	2.87802
0	0.011608	0.0798836	247570	107788	-7.20956
0	0.0181385	0.0616445	242234	101165	-6.13062
0	0.0373586	0.255406	260060	46143	0.298901
0	-0.0139923	0.20915	251188	80504	1.45258
0	0.028884	0.247594	259452	91315	2.62368
0	-0.0115061	0.174356	232482	107728	-7.15984
0	-0.0411381	0.101914	251970	134042	6.52976
0	0.036028	0.101937	250262	136066	-9.89829
0	0.0386063	0.10239	246640	136011	-11.0543
0	-0.0674784	0.0898427	227464	129673	11.7485
0	-0.00894213	0.023987	245992	145615	1.95857
0	-0.00265007	0.260726	257626	40918	-0.135899
0	-0.0148943	0.242696	254466	90281	4.84181
0	0.00717489	0.196919	259696	129254	-5.78186
0	-0.0296595	0.207046	247498	144884	3.09788
0	0.0230952	0.177936	232290	142622	-12.1371
0	-0.0340972	0.0888253	243902	166695	-1.52496
0	-0.0296596	0.11079	252402	174140	5.67417
0	-0.000347564	0.0757474	244512	171751	-9.10593
0	0.0389129	0.036407	261540	188550	-9.62338
0	0.040954	0.231456	249800	53310	1.09187
0	0.00154601	0.234442	241712	92366	-0.442616
0	-0.0262578	0.202173	260332	148367	16.4994
0	0.00515166	0.195713	249556	164968	1.06198
0	-0.00592193	0.169628	256728	168587	-2.25884
0	-0.0120439	0.134328	242300	181951	0.121312
0	-0.00518664	0.0957407	238892	184686	-4.45819
0	0.00477029	0.0587653	239570	193304	8.09339
0	0.0121	0.0134836	246780	204340	5.3967
0	-0.0400078	0.269177	255162	63683	1.04992
0	0.0181812	0.249913	269614	121689	-2.2735
0	-0.00968426	0.235107	266104	159919	-0.860586
0	0.00901093	0.19795	255910	173124	-1.45185
0	-0.00111527	0.168546	229780	171271	2.25078
0	-0.000575866	0.0703756	248748	210273	-2.56914
0	-0.0463488	0.0816	240888	200164	-5.35126
0	-0.0224753	0.0234412	257026	224424	2.26638
0	-0.000456587	0.0296486	252294	222202	0.16509
0	0.0343201	0.262515	253658	78399	-0.274805
0	-0.027335	0.226419	263924	135012	1.26318
0	-0.0583149	0.253639	256822	169068	3.13475
0	0.046839	0.152677	242492	180149	-8.44195
0	0.0277882	0.165763	224316	177325	-18.505
0	-0.030925	0.0967566	252214	213850	4.84687
0	-0.04733	0.0578613	258982	230148	-2.59467
0	0.00555488	0.0501675	228448	206968	3.93888
0	0.0394525	0.0129957	258006	238866	3.14545
0	-0.0139412	0.214195	252104	76482	-0.358325
0	0.0128389	0.233859	250384	150345	-1.33133
0	-0.0105548	0.18267	246640	180980	0.0931109
0	0.0558738	0.134247	238940	200418	0.41666
0	0.0127527	0.0931924	240564	210431	-0.405035
0	0.0357795	0.104644	247114	213092	-1.20074
0	0.00397012	0.0889523	251144	225760	1.58257
0	0.0122188	0.0435816	233086	216306	-8.29321
0	0.00536425	0.0330113	239484	224971	-4.57394
0	0.0171188	0.261303	244638	77935	0.676887
0	0.0133632	0.28157	241812	103873	-0.222406
0	0.0126143	0.217498	245284	176264	1.01803
0	-0.0535236	0.174386	248636	192139	3.80418
0	0.0404529	0.10164	258552	229703	-0.184386
0	-0.00571683	0.133815	252618	222624	5.64282
0	0.0227446	0.0589432	230918	214397	-3.39916
0	0.0413912	0.0492694	240578	225780	-3.59761
0	0.0185128	0.0204133	248612	239499	2.02225
