0	-0.0403047	0.250792	272512	67138	0.315247
0	0.0228769	0.232308	269934	163772	0.809169
0	-0.0111642	0.19057	256280	191421	-3.15631
0	0.0351718	0.160255	241916	201841	-5.03541
0	0.0619059	0.165095	245172	214309	3.30109
0	0.00268992	0.161803	226546	194335	1.03572
0	-0.00428986	0.147297	248084	219811	-7.36978
0	0.00143475	0.133135	237452	208475	-6.01688
0	-0.0348188	0.0755001	240176	218580	1.19332
0	-0.0229527	0.286675	251618	81564	-0.0794018
0	-0.0139675	0.265362	258286	158970	0.658417
0	-0.0184721	0.206975	248756	183060	0.988768
0	0.0476026	0.166942	249980	224571	3.34706
0	0.0284234	0.175168	253366	233811	-0.489271
0	0.0590039	0.155369	246096	228388	-1.20465
0	0.00142334	0.148727	246526	230069	3.08724
0	0.0169948	0.114452	248930	238792	-7.55582
0	0.0130183	0.10647	251310	242420	-8.38806
0	0.0112528	0.237643	257092	94150	0.292834
0	-0.0045651	0.223628	248406	160426	0.198591
0	-0.00640162	0.235277	248126	183493	-1.72247
0	-0.0262442	0.157438	251118	221584	-0.882393
0	-0.0268066	0.147121	224122	209493	2.69155
0	-0.0399049	0.128983	244028	227353	6.327
0	0.0111001	0.0981878	225432	215319	6.36449
0	0.0213127	0.0313785	248282	243141	-2.58918
0	-0.00723209	0.0509257	256222	250826	4.70498
0	-0.0155143	0.231822	245240	111441	0.0108328
0	-0.0248548	0.26873	250826	142190	-0.34236
0	-0.00568334	0.227608	250406	197051	0.263508
0	-0.0298884	0.164317	215902	191978	-2.33874
0	-0.00691302	0.114513	239228	225895	0.395216
0	-0.00238022	0.0943333	239504	225190	-0.913483
0	0.0411036	0.0792565	249170	242523	3.40209
0	-0.0187442	0.0571478	227636	222028	1.19935
0	0.0217636	0.0594573	246172	237292	-2.56719
0	0.0208265	0.265786	245820	89490	0.19987
0	0.00598922	0.215788	250774	163247	0.00697962
0	0.0102172	0.240202	251742	195228	-2.49935
0	-0.0156905	0.168443	231748	192638	-0.307421
0	0.0384702	0.131548	237150	216314	2.25918
0	0.0210255	0.104955	246104	233770	5.37316
0	-0.0213088	0.0906633	242874	232924	-3.67108
0	-0.00734499	0.076213	248800	240220	8.34333
0	0.00306377	0.0196356	246902	245221	4.29803
0	0.0122542	0.295978	252378	87465	0.176464
0	0.0333978	0.238548	263898	162726	-0.371729
0	0.0137369	0.248211	239704	177791	0.719487
0	-0.00469024	0.156735	264908	238784	2.69049
0	-0.0162488	0.145592	232308	212576	0.376212
0	0.0293649	0.124817	251562	241657	3.70021
0	9.68226e-05	0.0789151	225424	213493	-0.943837
0	-0.0163196	0.0394833	249380	242663	0.440396
0	-0.0104555	0.0225312	237660	235053	0.911213
0	-0.00501017	0.257057	263056	96273	-0.0442637
0	0.0214301	0.262116	242724	138296	-1.51227
0	-0.00525356	0.229711	238340	166504	0.508678
0	0.0469974	0.126345	253794	230453	2.18723
0	0.0283288	0.11275	236868	218009	-0.128611
0	-0.0162747	0.0942229	249810	237677	-2.13931
0	0.0136674	0.0623022	242832	233779	0.234636
0	0.00794353	0.0650414	247460	239208	5.23115
0	0.0154129	0.0430278	256952	251083	-1.00857
0	0.0334693	0.25557	258430	95055	-0.539377
0	-0.0185749	0.211639	262026	160018	0.412814
0	-0.0121966	0.255313	249316	179245	2.47835
0	0.0143874	0.206307	237952	207339	-5.6022
0	-0.00257239	0.133278	236694	216852	-2.94015
0	0.0533177	0.0759566	247008	236915	1.02069
0	0.0589297	0.0680792	234184	225473	-1.3647
0	-0.0608376	0.0663412	243580	238165	-4.78301
0	-0.0154695	0.00977668	253662	252626	3.64298
0	0.00432789	0.255545	251734	87986	0.264112
0	-0.0325865	0.215212	256214	155661	1.07668
0	0.0168599	0.276668	255700	182947	1.49905
0	0.0187736	0.188004	241274	213027	-1.05553
0	-0.0588199	0.0636744	239558	229841	-2.11223
0	0.0203448	0.0825007	236744	227020	1.04282
0	-0.0188123	0.0894713	240600	231842	2.4024
0	0.00583756	0.0319607	240522	238376	-1.36739
0	-0.0152376	0.0100594	241670	240560	-3.88687
0	0.0459077	0.236517	242846	43575	-0.689118
0	0.024251	0.253232	257068	100877	0.3051
0	0.0332228	0.25177	263994	127976	-1.07013
0	0.0133641	0.248957	254998	123801	-0.576073
0	-0.0358032	0.214525	247466	140400	-4.77433
0	0.0170999	0.164548	246880	162563	-1.5605
0	0.00845309	0.174197	238430	151361	-3.14943
0	0.0301346	0.158354	249386	172995	-14.9247
0	0.0432684	0.0971379	256968	178658	2.50471
0	0.0285712	0.24444	247736	72215	0.00201937
0	0.0569893	0.250202	255644	142180	-1.0573
0	-0.0410035	0.176701	259118	199293	-3.20102
0	-0.000273351	0.226474	244054	189747	-1.8694
0	0.0709197	0.197673	240022	192573	-3.49096
0	0.0108374	0.0867916	249372	218333	-0.907297
0	-0.00844039	0.0854331	246026	219251	0.463715
0	0.025061	0.0919529	236376	213394	-1.0533
0	0.0102994	0.0851008	243750	221372	13.3273
0	-0.0013245	0.227759	266148	107766	-0.145592
0	0.0034374	0.265609	257102	141540	-1.1088
0	-0.0109972	0.209608	259532	198286	-0.10123
0	-0.0152786	0.172612	235980	201884	-0.962379
0	0.0112089	0.175802	244342	218599	5.51459
0	0.00684965	0.183085	233638	209290	-0.671958
0	-0.0238717	0.0689105	252272	238028	-8.97622
0	0.00420531	0.0534414	246778	238847	-0.219652
0	-0.0254402	0.0716832	251082	241515	-12.8131
0	-0.00763469	0.280608	260080	90880	0.101327
0	-0.0126001	0.253689	252904	148270	-0.440436
0	0.00433255	0.207607	241318	195062	-2.67408
0	-0.0060362	0.156071	243898	219840	6.40605
0	0.0524439	0.139973	245918	227829	2.84339
0	-0.0263011	0.0793377	239962	223505	-1.8691
0	0.000936164	0.0922516	235000	222405	3.6813
0	0.0402757	0.0496421	242770	235165	-4.27247
0	-0.0275459	0.0319424	256084	249474	8.38219
0	-0.00251942	0.265846	243502	80551	0.129367
0	-0.0100178	0.223835	264306	165934	0.209391
0	0.0216733	0.178731	247330	199803	-0.175965
0	-0.00438048	0.151017	232978	205721	-0.878023
0	0.018138	0.101716	237336	219449	-3.10901
0	0.0242548	0.0961433	234640	221071	-2.95336
0	-0.0287493	0.0438136	242080	234340	2.93236
0	0.00914403	0.0626661	247090	242337	-0.404316
0	-0.0350836	0.0380919	258724	254386	2.01048
0	-0.0461951	0.268516	262400	96481	0.0179511
0	-0.0381512	0.235994	243358	161468	-0.393074
0	0.0156041	0.21035	259736	204644	1.2377
0	0.0442039	0.175054	251734	211367	-4.22613
0	0.00857075	0.123646	242160	233312	1.42265
0	-0.00518875	0.117109	229198	218650	-5.45954
0	-0.011611	0.044814	237642	230565	-1.41371
0	0.029127	0.0299096	252652	246548	5.02665
0	-0.0447867	0.0191392	251566	248224	-1.9424
0	0.00366342	0.202156	246840	128876	-0.0397115
0	-0.016781	0.251066	258608	167394	-0.392023
0	-0.0442763	0.2238	263174	198137	-0.100625
0	-0.0153082	0.17451	236270	204474	0.867278
0	0.0121975	0.145294	241512	220956	1.00093
0	0.0373955	0.0729751	250134	240333	-2.5418
0	-0.0059902	0.0605632	247176	242283	-1.69551
0	-0.0168714	0.0472647	254372	247609	0.126387
0	0.0144472	0.030072	251626	248642	0.454665
0	0.00468872	0.260754	252342	85296	0.0403986
0	0.0608712	0.225902	260226	172952	0.26583
0	0.00345474	0.191824	239548	189777	0.441401
0	0.00625951	0.168901	241460	206706	-2.1587
0	0.00132005	0.108756	221546	198087	-1.87753
0	0.018323	0.0839079	230648	221347	-6.1033
0	0.0441078	0.065084	223794	216093	-3.89061
0	0.00708887	0.0484077	228836	223323	-4.47131
0	-0.0457019	0.0175128	240116	238152	6.65644
0	-0.01763	0.283486	253506	87780	0.0565135
0	-0.0374499	0.230809	251356	169574	-0.37359
0	0.0170495	0.206181	252152	208933	-0.00085418
0	0.0196463	0.219807	255112	218465	0.14398
0	0.0315955	0.161017	219600	193033	-0.442121
0	-0.00764445	0.110306	252180	238315	-2.75595
0	0.0301178	0.0791312	248504	240008	-2.43674
0	-0.000743404	0.0300763	244162	240839	-0.505953
0	0.000739178	0.0360007	221258	216451	-1.86583
0	-0.0117471	0.259353	259584	29360	0.209824
0	-0.0322561	0.247694	256526	61657	-0.484477
0	-0.0211349	0.22452	257998	95296	3.29693
0	0.0420433	0.240417	261632	115879	-0.414245
0	0.0385149	0.203164	254236	119102	-3.98594
0	-0.0126544	0.210094	257024	121958	-5.77658
0	-0.0123823	0.12322	248034	135563	14.3564
0	0.0256166	0.138554	234678	124987	-5.1824
0	-0.0116178	0.141909	253656	143475	-10.1824
0	0.0305222	0.262775	271562	61955	-0.341705
0	-0.0176201	0.220978	264356	125342	2.70864
0	-0.0221431	0.190723	254278	159778	0.921804
0	-0.0118415	0.19826	256428	171262	1.86966
0	0.0320095	0.16377	244506	172293	-3.3745
0	0.012247	0.143711	237264	172825	-2.4455
0	-0.00109138	0.0917181	232628	176902	-8.86465
0	0.00813542	0.0753202	239146	192898	-2.11028
0	-0.0162412	0.0980069	252004	199064	-2.2099
0	0.0522517	0.237439	265930	89276	-0.434535
0	-0.000987569	0.243616	260074	158108	-2.34111
0	0.0236219	0.192169	248296	187045	-1.4515
0	-0.023857	0.224022	241590	181775	-1.07045
0	-0.0197211	0.155414	241012	201199	4.13308
0	-0.0301392	0.15412	252512	217742	-0.686977
0	0.0093728	0.06142	255108	237889	6.16123
0	0.0139374	0.0732409	252120	233982	-2.51939
0	-0.0309557	0.0347665	255538	240449	7.35463
0	-0.0311455	0.270418	255554	88695	0.22686
0	-0.0279936	0.249618	267176	163975	0.630441
0	0.0161624	0.206051	237970	178391	-1.86368
0	-0.0209237	0.225583	261462	213507	-3.94282
0	0.0294899	0.182221	254758	223395	-3.92
0	-0.00826852	0.132463	242968	223434	-3.25049
0	-0.0272235	0.107551	228390	211221	-5.19965
0	-0.0341033	0.0615775	242048	232877	6.32792
0	-0.0143763	0.0566802	239070	229391	-2.94042
0	-0.0227803	0.249991	251196	102337	-0.317521
0	0.00492168	0.278477	268810	150900	0.0265747
0	-0.0390803	0.226504	269562	217455	1.38045
0	0.0173623	0.144103	243324	221540	-1.0686
0	-0.0261208	0.216876	239638	208364	-0.237638
0	0.0515658	0.0861623	245690	229237	3.70133
0	0.0220085	0.0602062	238698	226238	1.35246
0	0.0416114	0.0870478	246858	231149	3.07308
0	0.00640021	0.0555583	244324	235550	-12.9972
0	9.27867e-06	0.23242	250310	111901	0.060642
0	-0.0512712	0.256561	249286	150706	-0.750608
0	-0.0406572	0.216422	242168	185487	0.22687
0	-0.034848	0.150622	253384	233866	-0.273075
0	-0.000262759	0.117439	262530	245170	0.64855
0	-0.0167255	0.0815343	237276	227102	4.44601
0	-0.00780524	0.0656613	229176	219525	-1.16658
0	-0.00138232	0.0415368	239170	233900	-4.33123
0	-0.0217803	0.0564433	250918	246363	2.94889
0	-0.0195227	0.25166	260952	82689	-0.265598
0	-0.00904963	0.254435	250460	146842	0.925055
0	-0.0350326	0.225546	252558	199858	0.56809
0	-0.00289236	0.183904	248212	221875	1.57789
0	0.0302703	0.131046	244832	232378	-0.835034
0	-0.0378199	0.0740041	258314	251084	2.88207
0	-0.0055922	0.0986892	229234	219787	-0.977956
0	0.010223	0.0352087	253338	246526	-0.464896
0	-0.00266915	0.0320707	242248	236231	2.86995
0	0.020288	0.261555	224328	78952	-0.0698415
0	-0.0120383	0.226133	247420	136018	0.445131
0	0.0492119	0.25912	249466	174670	0.590926
0	0.0197452	0.20439	242780	216952	0.601972
0	0.0742987	0.144215	241402	225259	-0.925496
0	-0.0376582	0.105947	237022	222823	-1.42695
0	-0.0245821	0.0593515	244764	237283	-6.0891
0	-0.00344708	0.0505493	243266	233792	1.31086
0	-0.0168949	0.00788594	258884	257796	2.45072
0	0.0255939	0.255557	263286	96889	-0.511768
0	0.0195898	0.239144	247032	131321	-0.104558
0	0.0519278	0.211716	252164	193500	0.878868
0	0.013017	0.167867	234136	207337	-0.575505
0	-0.0114726	0.140353	240578	224659	1.70593
0	-0.0136225	0.10781	240490	226748	2.97349
0	-0.013563	0.0400257	260176	255338	5.32831
0	-0.0172401	0.0193576	239070	236665	9.74521
0	-0.00258973	0.034913	240494	236580	-2.0202
0	-0.0144541	0.216736	244632	31534	0.466756
0	0.0471006	0.232879	240678	57587	-0.119387
0	0.0358365	0.218826	250096	77455	-1.84122
0	0.0127899	0.202379	256682	95617	-2.41449
0	0.0202819	0.232033	263504	108784	-3.51427
0	0.0392236	0.222899	256340	101766	-1.60513
0	0.0452366	0.18491	247946	110444	-3.05562
0	0.00135108	0.203697	252856	111635	-2.48095
0	-0.0498633	0.166002	248338	133547	4.98863
0	-0.00529386	0.276846	239482	34981	-0.109084
0	-0.00377472	0.234149	260244	102058	-0.6363
0	-0.00933915	0.244416	246638	117880	-7.30072
0	-0.0234677	0.244341	251248	139321	0.275173
0	0.0302096	0.174163	239406	146058	1.35031
0	0.0214468	0.190115	256054	168755	-11.3412
0	0.0318826	0.127501	251348	176282	-14.678
0	0.00748936	0.0906691	249632	180143	-11.184
0	0.0207153	0.0742276	235760	172975	-9.17432
0	0.0378235	0.269543	262674	69199	-0.471161
0	-0.0239739	0.218874	250198	127212	2.32608
0	-0.0175749	0.196928	247430	153814	-4.78129
0	0.0128606	0.177214	234432	168301	0.264407
0	0.0424963	0.12833	248952	200275	-3.06557
0	0.0136635	0.125908	241872	195082	-2.92291
0	-0.0215789	0.0704563	245890	211835	-4.33484
0	0.0173803	0.0574741	248714	219463	-8.13003
0	0.00948344	0.0431242	256814	227008	-15.5625
0	0.00998268	0.230476	246792	70775	-0.0675421
0	-0.0215725	0.252636	266490	125259	-0.824762
0	-0.0132248	0.245614	237786	164953	-2.69002
0	0.00483181	0.195225	265720	217407	0.276135
0	-0.0253505	0.128233	236606	202844	2.19874
0	0.00516481	0.0750972	245946	222148	3.91852
0	-0.0337057	0.0758779	250302	231428	7.09713
0	-0.0174332	0.0950863	233068	212102	-1.7442
0	-0.0210561	0.0725857	241256	226601	-1.09643
0	0.0405828	0.255139	260760	89148	0.030456
0	0.0337431	0.193306	250768	147617	-0.793461
0	-0.0058562	0.191945	254662	200000	-5.65193
0	0.0517821	0.222325	248012	202925	-4.18868
0	0.00355423	0.168343	230780	200888	-2.9459
0	-0.0106376	0.134224	246638	223115	1.74971
0	0.0102113	0.0724537	226860	217625	-8.55544
0	0.0325367	0.0587586	238008	227521	1.9171
0	0.00202377	0.0371536	253604	246900	2.86211
0	-0.0067442	0.213632	246172	93500	0.251195
0	-0.0361031	0.247632	256148	164032	-0.258233
0	-0.000693232	0.208869	240288	187054	-0.159479
0	0.0124437	0.180288	223382	183485	-1.06627
0	0.00292074	0.171405	270326	239873	1.42619
0	-0.034144	0.0854769	248320	237201	5.69426
0	0.00310906	0.0906828	252856	239669	4.57367
0	-0.0195295	0.0633439	256514	249025	-5.57299
0	0.0114838	0.0108462	250342	247239	-4.99692
0	0.0114162	0.277766	257074	84110	0.0793912
0	-0.0143257	0.21861	247214	152680	-0.266457
0	-0.00484842	0.200031	254290	197474	-2.34708
0	-0.00908926	0.203542	236666	199312	-0.560834
0	0.00527539	0.13219	258064	234578	1.71522
0	-0.0405578	0.097405	234552	225267	-1.51553
0	0.0217867	0.0716581	229588	220631	-0.68913
0	-0.0242814	0.0515783	221404	216255	-0.31699
0	0.0130884	0.0326736	251682	249318	3.26354
0	-0.00336486	0.229963	264152	103673	0.0796447
0	0.0398381	0.23967	245754	158655	0.906119
0	0.00906702	0.230109	252832	188260	-0.394175
0	-0.0144036	0.125942	237272	213903	3.38898
0	-0.0383196	0.14644	235832	218269	0.474766
0	0.0174211	0.095099	216494	207807	5.0269
0	0.0527184	0.0374522	232696	227558	-1.14442
0	0.00527413	0.0551123	236292	230583	-2.20121
0	-0.0164213	0.0290544	248484	244549	3.32905
0	-0.0238418	0.210153	242730	78706	0.0481063
0	0.0285665	0.22623	262490	164785	-0.244522
0	0.025498	0.194216	243786	187735	0.459715
0	0.0207208	0.144017	233896	213917	-5.10703
0	0.0335547	0.114823	245578	227758	3.46569
0	0.0283935	0.0916535	249876	243458	-2.58126
0	-0.00152297	0.0512363	239772	235199	0.028224
0	0.0106457	0.052175	258300	252914	0.49931
0	-0.0073457	0.0245761	232884	230390	2.45752
0	-0.0314221	0.255021	247366	27146	-0.266537
0	-0.0304511	0.228024	240362	56846	0.339193
0	-0.00796254	0.198518	256710	69772	0.950275
0	0.0471182	0.213676	244602	69254	2.04558
0	0.0474467	0.219046	252286	80488	-3.05302
0	0.0276313	0.215902	258930	93333	1.22189
0	-0.0122669	0.156767	262414	104558	-4.73513
0	-0.0160775	0.172104	253004	97063	-7.7027
0	-0.0216709	0.120768	234908	108555	-3.55327
0	0.0617672	0.232519	263472	45296	-0.345095
0	0.0136091	0.262951	262000	74856	0.0934569
0	0.0282955	0.245389	258052	116152	-0.272963
0	0.0322965	0.208703	257324	139587	-1.48264
0	0.054326	0.131391	248346	145219	4.75383
0	0.00586832	0.131096	253814	162997	-2.14571
0	-0.00122393	0.132805	249394	159326	0.248931
0	0.0389046	0.0620547	226148	150510	-15.7306
0	-0.0111956	0.0730771	230814	151840	0.336644
0	0.00666639	0.208983	268612	71671	-0.397488
0	0.0281857	0.23308	250442	127282	-0.254631
0	-0.0694079	0.19579	261918	159681	6.51864
0	0.0489608	0.204641	263316	178017	-2.92698
0	-0.0179549	0.157506	255154	171988	6.03862
0	0.0327102	0.0926812	244862	189229	-2.29479
0	-0.0129291	0.080303	252080	198967	-4.34834
0	-0.0373761	0.0938104	248690	185837	7.4124
0	-0.000789761	0.0408811	246768	201847	5.43071
0	-0.0387889	0.256047	264474	72383	0.126531
0	0.0162123	0.237053	256632	147463	-2.38564
0	0.0167721	0.19433	240738	163526	-0.614526
0	0.0164045	0.244591	260792	187972	4.33306
0	0.0242724	0.144698	245208	202827	8.49162
0	0.0343033	0.112011	237296	198633	-14.4611
0	0.0255821	0.0771256	247788	219152	0.444961
0	-0.00109243	0.0707401	255814	230692	6.4536
0	0.0290634	0.0547152	250792	225809	-3.09924
0	0.023518	0.227831	254396	86897	0.57452
0	-0.0273671	0.25667	255638	135813	-0.336556
0	-0.0482811	0.254332	274342	178330	0.353286
0	0.02485	0.18506	251042	201430	3.73388
0	0.00532772	0.138098	249764	212997	4.04326
0	0.0424416	0.158583	240734	204080	-7.10915
0	-0.0153	0.0650911	235194	218651	0.972722
0	0.0161649	0.0533398	244508	229945	3.92196
0	0.0318387	0.0413263	246466	233937	-1.03896
0	0.0297775	0.248444	257762	83784	-0.49236
0	0.0176608	0.230666	259188	169131	-2.04206
0	-0.00543399	0.202669	254158	185144	0.895009
0	0.021505	0.180213	237312	203721	6.81062
0	-0.0118765	0.154128	248192	227477	6.35754
0	0.00913154	0.0884983	249710	238284	1.12372
0	0.0286521	0.0877321	250298	233755	-1.36317
0	-0.00442862	0.0409692	244870	235544	-5.4211
0	0.0204754	0.0490599	252664	244026	0.516397
0	-0.0451556	0.241474	245282	86367	-0.0542383
0	-0.00464162	0.242696	256146	139085	0.946962
0	0.0204546	0.251187	254764	181636	1.60497
0	-0.00338555	0.215603	235430	187396	4.56996
0	0.0278443	0.164582	243364	218041	-3.66637
0	0.00314677	0.100934	233544	220488	1.33879
0	-0.0369019	0.0715847	257374	243971	-3.52443
0	-0.0104315	0.0437323	252146	245362	-0.418448
0	0.00123345	0.0180245	250504	248003	-2.10754
0	0.0155808	0.240611	246988	73592	-0.116267
0	0.0198287	0.238229	254130	151821	-0.170772
0	0.037233	0.238036	269074	206861	-2.28589
0	-0.0181832	0.137937	251850	221121	0.328216
0	0.00939396	0.0935919	243982	225984	-1.29518
0	-0.032443	0.0870545	237274	222837	2.16287
0	-0.0489322	0.0399476	248332	240842	-0.308615
0	0.0369323	0.0285209	240766	237421	-0.942007
0	-0.0107723	0.0311613	250914	246499	1.17221
0	0.00437277	0.242112	258992	81696	-0.246163
0	-0.016871	0.240584	254430	158163	-0.423579
0	0.0621559	0.23596	244114	184719	-1.51909
0	0.00878006	0.158778	257196	232255	2.93998
0	0.0384693	0.133733	241438	222714	-5.40277
0	0.050805	0.0846887	235286	221769	-3.11267
0	0.0400624	0.0550025	257584	245864	-4.33302
0	0.00137901	0.043037	229498	221615	5.35206
0	0.0240991	0.0397458	247580	241563	2.8771
0	0.0150096	0.236267	270456	18707	0.104476
0	0.0159581	0.246979	250592	30900	-0.337391
0	-0.0178714	0.209535	253314	55261	-5.44901e-05
0	-0.000826239	0.226791	251456	75640	-1.39227
0	-0.0185516	0.229707	261676	66888	-0.209887
0	0.025295	0.24395	242782	69586	-1.24978
0	0.0249692	0.151743	252530	96047	-3.02213
0	0.0290437	0.256593	263128	72338	-6.42397
0	0.0292721	0.197982	253530	79359	9.24498
0	0.000912423	0.266295	260026	26040	-0.221243
0	-0.00678749	0.229994	261740	66652	1.68756
0	-0.0389521	0.225115	251876	73834	-0.939303
0	0.0194705	0.236243	247274	113752	-0.796105
0	-0.034909	0.200756	251268	113303	-0.506176
0	0.0206479	0.213622	254228	131741	-7.84491
0	0.00759583	0.180252	237884	126295	4.49094
0	-0.000677514	0.127344	240796	141931	-6.13331
0	-0.00915506	0.101437	240438	133224	-8.7079
0	-0.00536372	0.245132	252314	59765	-0.130551
0	0.026806	0.249618	269372	106917	3.33416
0	0.0278351	0.242686	251804	124638	-3.85584
0	0.020125	0.226304	250912	125931	6.64979
0	0.016666	0.119556	253530	182903	-6.06604
0	-0.028589	0.162806	246636	171601	-1.92651
0	-0.00249702	0.136887	248342	175390	-6.95259
0	0.0194439	0.112372	251386	182824	9.18582
0	-0.0244602	0.0515017	249674	189539	3.11941
0	0.0305953	0.227762	257724	55363	-0.0227704
0	-0.00953757	0.228327	254556	104185	0.754479
0	-0.00834338	0.206886	272830	158345	-2.01317
0	-0.0208214	0.208975	261636	171851	-6.26475
0	-0.0246178	0.14432	247988	186244	6.59068
0	0.0364482	0.0941229	253598	204021	-1.43166
0	0.0322562	0.0880021	239794	197644	-8.7606
0	-0.0028825	0.100044	250022	208950	-4.08334
0	0.0376973	0.0203555	249598	218168	3.4199
0	-0.0120202	0.284084	252944	63584	-0.00049486
0	0.0122482	0.259565	261108	130525	-2.45353
0	0.018952	0.23044	252296	166460	-3.35811
0	-0.00812147	0.185149	244382	194101	-0.682007
0	0.0194696	0.168476	240122	197953	-5.17718
0	0.0103938	0.0828569	246386	215035	0.874522
0	0.0350351	0.060336	238958	218814	-3.39935
0	0.00235803	0.0555451	251132	226565	1.16591
0	0.011836	0.0505402	253642	236066	7.60348
0	0.0112289	0.229385	257592	81679	0.0957509
0	0.0260227	0.24775	242772	142213	0.265429
0	-0.0638292	0.197248	263868	197764	-0.386479
0	0.0422824	0.151069	255548	210918	-3.58204
0	-0.000812702	0.118303	237338	211019	-0.869618
0	-0.000861778	0.0845799	260532	234486	8.9701
0	-0.0637317	0.0674652	248544	235900	-3.35876
0	-0.0480147	0.0479742	239672	227766	-0.988645
0	0.00500482	0.0528549	256760	243470	-0.237119
0	0.0185375	0.219162	260804	96312	0.0840317
0	0.0112926	0.258331	267002	144145	-0.0798263
0	-0.0378617	0.185401	249512	189537	2.14826
0	-0.0205591	0.190603	228652	190145	2.28386
0	-0.00656085	0.139706	243460	211573	-1.54994
0	-0.0200627	0.138952	253390	227189	1.57188
0	0.00640603	0.0898656	259864	241510	-3.58191
0	0.00892104	0.0489551	243610	231876	-0.523028
0	-0.0111725	0.0346833	233368	228295	2.02556
0	-0.0249872	0.242713	247266	79420	-0.233154
0	0.00736343	0.239855	264924	155007	-1.01053
0	0.0614714	0.25602	255112	187676	1.13387
0	-0.0265113	0.202746	265404	210247	3.74032
0	-0.00146746	0.136148	244194	220033	4.32155
0	0.0435959	0.0665682	247224	234396	3.74987
0	-0.00494479	0.0440197	251478	245264	0.965437
0	0.0516766	0.0512368	267460	261120	3.48447
0	-0.0585293	0.007096	251724	249726	-4.81463
0	0.0473157	0.230132	260546	88552	-0.10378
0	-0.0250228	0.256712	256958	146790	0.187412
0	0.0153023	0.234947	240172	183799	1.61103
0	0.0219105	0.160225	247582	217069	-0.894218
0	0.0286923	0.148428	238360	214907	3.35344
0	0.0300567	0.099097	235692	223103	1.08943
0	0.0203771	0.0289403	237238	230436	-2.64113
0	0.0242316	0.028018	244542	240230	1.50312
0	-0.00205699	0.0306845	252840	247511	3.35106
0	-0.0179694	0.245762	262554	21634	0.0183813
0	0.0224204	0.231927	250392	37509	-0.366632
0	0.0604175	0.270107	242914	41408	-1.06327
0	0.0501733	0.207377	262340	79280	0.275165
0	0.00145418	0.199975	270994	72738	1.16979
0	-0.0417412	0.252697	252180	57108	-3.83097
0	-0.0176673	0.210603	250920	71779	2.46392
0	-0.00327163	0.221446	249012	68519	4.2366
0	0.0396683	0.170131	253562	86456	-4.83145
0	0.0334525	0.252873	268510	39354	-0.183777
0	0.043939	0.238973	275290	78003	0.181612
0	0.0456738	0.230904	251078	80537	0.200258
0	-0.0220491	0.241457	261508	95632	2.1971
0	-0.0285281	0.203247	264948	125097	7.12591
0	-0.00223441	0.211072	253806	113769	6.51006
0	0.00900033	0.158296	268860	142917	-5.92269
0	-0.0285334	0.10719	241046	137918	9.94833
0	-0.0338092	0.102862	249364	138596	1.90685
0	-0.00482744	0.304626	264454	45251	-0.17945
0	0.0218628	0.248151	261150	82107	-1.53991
0	-0.016453	0.229507	264672	116846	0.753374
0	0.0307721	0.206107	256550	133191	-0.771624
0	0.0214617	0.20638	257228	148209	2.28964
0	0.0363891	0.196958	249982	151159	-2.60534
0	0.0182003	0.144147	262944	167895	-2.64036
0	-0.0204763	0.109454	263048	183328	-1.85332
0	-0.00730184	0.0590094	261168	182477	-20.0224
0	-0.0285541	0.254259	270118	59225	0.509876
0	-0.03663	0.266904	267158	114962	0.214774
0	0.0318575	0.258505	255662	125795	-1.39099
0	0.0249874	0.223078	240376	142075	3.58244
0	0.0235519	0.161329	251062	165253	3.95187
0	-0.0417337	0.158509	242686	177072	3.51954
0	0.0046827	0.0914064	255896	201560	-5.22748
0	0.0258916	0.0506641	243960	202486	0.257108
0	0.0160954	0.0437651	244012	204091	2.23307
0	-0.0270376	0.277338	258074	72710	-0.134712
0	0.0250149	0.223826	253646	123240	-0.353519
0	0.0191455	0.248132	262894	150979	1.73905
0	-0.00983763	0.158939	258886	194379	0.496439
0	0.0792742	0.157613	243244	194628	-3.05282
0	0.00527013	0.125209	247280	206132	-1.08485
0	0.0505583	0.0956882	257576	225083	-4.4759
0	0.0204191	0.059682	244412	218412	-9.39292
0	-0.00717728	0.0243994	246692	223977	3.29565
0	-0.000124597	0.228344	245054	97550	-0.168797
0	0.0196139	0.205557	258672	134701	0.397713
0	0.0147901	0.221871	251810	168594	-0.928862
0	-0.00168372	0.191647	248316	186386	3.13629
0	0.00611066	0.141436	251980	217389	-2.49432
0	0.0246825	0.11147	237396	212498	0.488646
0	-0.0139532	0.0656173	249848	226999	-5.69993
0	0.00446985	0.0692689	259000	240393	8.07105
0	0.0151343	0.0452662	251170	237851	-1.135
0	0.0200939	0.236604	257454	83750	0.0406739
0	0.0060098	0.255143	245590	124793	0.109449
0	-0.0416107	0.237339	266844	191926	1.835
0	0.0038802	0.193878	252522	214049	1.80702
0	0.0135656	0.16842	259924	226187	-2.91713
0	0.0250221	0.106769	242978	219499	-7.21549
0	0.0112851	0.103376	229866	209548	-4.0056
0	-0.0133345	0.0343563	243536	231171	1.47886
0	-0.00596964	0.0679705	250006	236126	6.36549
0	0.0248007	0.249012	264594	75709	0.086162
0	0.00390523	0.259771	244210	141602	-0.0293141
0	-0.00670543	0.192483	268610	209561	4.20906
0	-0.0139673	0.213577	247896	204969	1.85279
0	0.0132483	0.126295	242880	223809	-4.83314
0	-0.0131818	0.0895811	255260	239403	1.12947
0	0.031334	0.0894362	247698	231675	-0.237134
0	-0.0301388	0.0403942	254686	249485	2.06915
0	-0.0281077	0.0244679	262236	255369	2.85089
0	-0.00267452	0.258798	245886	83854	0.0965444
0	-0.0296207	0.21424	245936	149573	-0.153424
0	0.00896913	0.263664	262808	187139	-1.80946
0	0.00909487	0.153481	245036	202352	-0.0338591
0	0.00480038	0.140482	248102	224324	1.64425
0	0.0385871	0.143201	265448	245194	4.80279
0	-0.00785561	0.0604335	253162	242515	1.93537
0	0.0090303	0.0688916	251538	242122	4.66696
0	0.0478684	0.0223844	249410	244685	-2.99143
0	-0.0425965	0.276711	248924	15115	0.0226609
0	0.0260883	0.223207	257564	27858	0.0306621
0	0.0350888	0.237063	247944	41152	0.0644693
0	-0.0263674	0.213747	250756	49311	0.252799
0	0.0103944	0.245894	239190	52441	-2.1775
0	-0.0102538	0.252665	272414	62913	1.43182
0	-0.0297242	0.18734	252270	62848	0.126888
0	-0.017847	0.188309	261714	81487	-1.63347
0	-0.00753106	0.207099	264076	78037	6.75609
0	-0.010732	0.270039	263230	33627	-0.707506
0	0.040346	0.262412	261698	53263	-1.29029
0	0.0102777	0.264741	256030	72492	0.182208
0	-0.0176649	0.191733	268520	99736	3.10394
0	-0.0219198	0.191902	266890	109380	2.60227
0	0.0165714	0.209349	258818	115516	-2.5309
0	-0.0538732	0.166361	255774	126679	-11.5317
0	-0.0137475	0.106245	255396	124382	1.88404
0	-0.00156663	0.153798	257306	122523	-2.23901
0	-0.0228525	0.254402	265826	42519	0.395397
0	0.0104992	0.263836	263246	71835	0.900829
0	-0.0247475	0.192716	254462	122755	-1.8301
0	0.0219372	0.193961	251124	123637	-3.21608
0	-0.0165791	0.216971	247198	122137	-7.09099
0	-0.0352678	0.151936	254408	164203	9.54981
0	-0.00469622	0.139655	263088	169160	3.47354
0	-0.00835965	0.0822057	247258	163827	7.06883
0	-0.0138105	0.0469653	258306	174370	-7.27488
0	0.0011126	0.258021	258120	43747	0.402359
0	0.00900463	0.213774	253246	109923	-0.972704
0	0.0232855	0.244032	252520	122236	-1.383
0	0.015425	0.174837	258492	164072	1.27252
0	-0.0545615	0.144986	262302	178690	4.2435
0	0.038579	0.182282	251494	182086	6.33003
0	-0.00111385	0.0677932	253998	193108	-2.9911
0	0.00679516	0.066908	254156	199243	4.76056
0	0.0161812	0.0365953	252118	203699	-7.04496
0	0.0107097	0.254438	271250	79441	-0.176516
0	0.0017391	0.230569	255058	107251	-0.491471
0	0.0393493	0.271511	255564	120839	-0.223647
0	-0.00561463	0.222637	249036	169355	1.25652
0	-0.0880604	0.21008	246090	170759	2.10291
0	-0.0223022	0.0831439	246174	204840	-9.71138
0	-0.0274579	0.108823	252994	210833	-5.03517
0	-0.00114496	0.0662048	261812	221558	-4.81449
0	0.0302184	0.0333273	246448	214523	0.888122
0	0.00636155	0.234721	266080	58412	0.131642
0	-0.0711468	0.234312	245686	113154	1.58214
0	0.0234768	0.216759	261504	184249	-0.601439
0	-0.032225	0.206999	241958	166284	1.31034
0	-0.00769989	0.114463	260518	221756	-3.99533
0	0.0635324	0.132643	249362	203382	-3.23335
0	-0.0205342	0.0766619	250074	225788	-7.3031
0	-0.0102008	0.0495069	249996	225313	-4.47783
0	0.0259258	0.0272325	245702	227480	-4.3807
0	0.00588467	0.217832	265324	83175	-0.116539
0	0.0125202	0.259976	254076	122034	1.07963
0	-0.00122994	0.241023	270966	178704	-1.35772
0	-0.00579517	0.198279	259274	201140	-0.535959
0	-0.0215572	0.126659	249606	208315	-1.31925
0	-0.0055664	0.0902259	254874	231088	-2.24664
0	-0.054862	0.0646054	263550	242229	5.31895
0	-0.0130011	0.0661437	255420	232717	-2.9576
0	0.0326912	0.0709377	242420	229597	-4.35797
0	-0.0246539	0.276584	256260	60599	0.155888
0	8.30247e-05	0.261625	263186	128524	-0.310229
0	0.0693405	0.233789	242742	166729	0.868284
0	-0.0253386	0.220124	269220	204656	1.16819
0	-0.0378415	0.173716	252492	215166	-2.52885
0	0.0147506	0.10596	254832	235500	1.1096
0	-0.0222543	0.0648411	242604	224825	1.3594
0	-0.0299261	0.0491847	257756	245319	2.589
0	0.0478114	0.0192865	234978	230502	-2.60702
0	-0.0126775	0.241928	253912	68902	-0.158139
0	0.046404	0.223951	245524	133416	0.325683
0	-0.0258361	0.217588	260730	180450	-1.22688
0	0.0363378	0.195945	247722	193310	-0.333581
0	0.00431698	0.0943606	237654	219427	-4.24871
0	0.0296108	0.1575	248112	221488	-6.32353
0	0.000199934	0.0724622	256914	243274	2.20563
0	-0.031004	0.0192875	242266	238851	4.26327
0	0.00592331	0.0529139	241326	235219	-0.823405
0	-0.0174	0.260433	249234	14089	0.1052
0	-0.0520289	0.267554	265544	23511	-0.26096
0	0.019696	0.27138	260986	34893	-0.733024
0	-0.00685972	0.238193	261932	37829	-1.36037
0	-0.0491535	0.268252	261222	60198	2.28612
0	0.0133184	0.218712	267728	49817	1.68811
0	-0.0804379	0.207833	276792	63858	-3.21314
0	-0.0537301	0.18892	227798	51695	-0.484339
0	-0.0057379	0.162256	254680	66662	3.06101
0	-0.000236024	0.217475	255418	25243	-0.226365
0	0.00856165	0.248954	259514	50317	0.131008
0	0.0419678	0.2528	266186	67515	-0.548313
0	0.0051972	0.258897	277498	81831	-0.615741
0	0.0109696	0.201302	263814	88355	-2.47867
0	-0.00670485	0.180531	264784	97024	3.50165
0	0.00337824	0.187822	252872	115106	9.15773
0	0.0135801	0.133767	248480	114368	-7.80118
0	0.0128413	0.0944482	261312	129959	-4.54146
0	0.0383009	0.254971	253758	43556	0.0162096
0	-0.0103975	0.209812	270248	73702	0.374143
0	0.0329554	0.256021	259042	78237	1.40228
0	-0.0468307	0.203214	257124	128766	3.43754
0	-0.0025283	0.15285	255530	132460	-5.05318
0	-0.0186227	0.166498	257312	143241	6.49692
0	0.00339436	0.131469	240920	140678	-0.490762
0	-0.0207033	0.131086	254956	144043	-2.28407
0	0.00633622	0.0452365	252450	159836	-2.62493
0	-0.00490122	0.259992	257250	45007	0.539444
0	-0.0040567	0.245655	272488	95503	1.59055
0	-0.00615054	0.206254	266128	118485	-1.78423
0	-0.00745255	0.234388	248252	145511	-3.56422
0	-0.026002	0.221825	258302	155375	2.59209
0	-0.0365521	0.144407	250722	166957	-0.788505
0	0.00380247	0.153353	249332	170118	-4.36445
0	-0.0201537	0.0907942	254694	183168	-3.1641
0	0.0333358	0.0495112	265136	200360	-7.95027
0	0.0450843	0.230177	256718	52391	-0.147207
0	0.000672538	0.236366	252596	97451	-0.180573
0	0.0369437	0.224523	259478	141301	-2.46106
0	-0.0040698	0.240998	248252	146523	3.82842
0	-0.0126542	0.189177	243086	153884	-0.239155
0	0.0233088	0.189971	239740	170623	-10.4845
0	-0.00602496	0.125242	248948	192163	-4.20669
0	0.0300221	0.0596709	248724	205269	0.517863
0	0.00603428	0.0232239	260644	220010	7.21641
0	-0.0379504	0.269	253556	58456	0.432696
0	0.0152858	0.255229	268284	116142	-1.40488
0	-0.00335515	0.252655	267292	148589	-2.75932
0	0.00680358	0.207026	267640	185089	-0.789643
0	-0.00320113	0.194684	247092	187940	2.87654
0	-0.0129947	0.0737925	261312	227529	1.15651
0	-0.032191	0.119992	238678	193884	-9.59858
0	-0.0200037	0.0272253	264602	235408	1.52489
0	-0.00661432	0.0393412	240666	219614	2.01241
0	0.0343064	0.263449	261756	72511	-0.270709
0	-0.0185259	0.237103	269850	125719	-1.37955
0	-0.0485858	0.263393	245266	150376	0.21601
0	0.00277011	0.166041	245808	183015	4.77872
0	-0.014024	0.178497	255382	210386	-5.96137
0	-0.0248288	0.106428	244232	211963	3.01802
0	-0.0519512	0.0808127	253868	228543	-1.20831
0	0.00346116	0.0466222	241220	222068	4.567
0	0.0516901	0.00966622	251252	238064	-0.525839
0	-0.0148123	0.215043	253054	64921	-0.0969965
0	0.012561	0.236696	256612	145170	-1.24795
0	0.00726143	0.204396	258630	162335	-5.25175
0	0.0440948	0.15125	248880	201806	3.95038
0	0.0104179	0.132805	236434	198749	0.295403
0	0.047188	0.103227	247510	218158	-4.62328
0	0.00462265	0.0878683	252564	231751	1.38681
0	-0.00240182	0.0572218	250046	235368	-3.90702
0	-0.0110658	0.0371957	258446	248111	0.355094
0	0.0177906	0.261226	232998	70811	0.475341
0	0.0127274	0.282611	248102	105315	-0.0316793
0	0.0215233	0.223828	257886	180250	-1.65467
0	-0.0408057	0.189059	277428	213236	-0.0111705
0	0.0462815	0.109473	263058	241613	-1.93296
0	-0.00180929	0.150761	255782	230261	4.47057
0	0.0263546	0.0821408	247174	226485	-4.48213
0	0.038265	0.0412089	259816	250890	-2.65976
0	0.0119943	0.0325321	248952	243002	3.9778
