0	-0.0403454	0.249852	243204	72563	0.32746
0	0.0148851	0.211064	245484	155454	3.20672
0	-0.0301849	0.155207	248656	199654	2.5499
0	0.0135941	0.0832263	225226	202129	1.4379
0	0.0651805	0.102805	240966	220069	2.3187
0	0.0112	0.0927633	246790	237118	-1.51731
0	-0.0282772	0.0732202	252940	245252	-0.173594
0	-0.0106085	0.051784	245000	241311	-2.4039
0	-0.0450673	0.0185793	256104	253265	4.26785
0	-0.0230592	0.286902	240740	64497	-0.0474597
0	-0.00599921	0.259099	235030	142234	-1.73208
0	-0.0161941	0.159295	252378	200242	0.305359
0	0.0553784	0.12688	240116	216267	1.01433
0	0.0373162	0.146982	248394	232418	-3.15712
0	0.053325	0.105249	247826	229003	0.499042
0	0.00472428	0.0863675	256180	245778	2.09696
0	-0.0107001	0.0412247	234362	230312	0.752656
0	-0.00704842	0.0543767	241616	239105	-2.36804
0	0.0112555	0.238036	236048	81635	0.292027
0	-0.00548352	0.207345	254680	147502	0.474118
0	-0.00824885	0.215595	243238	188369	-1.1683
0	-0.0200024	0.143166	229874	197952	-2.75495
0	-0.0326108	0.105157	235826	221497	4.43282
0	-0.032882	0.0880442	250440	239247	4.22014
0	0.015482	0.069124	240334	230018	5.04993
0	0.00394345	0.0177741	262068	260198	2.6216
0	0.00143122	0.0476964	257598	254471	2.10599
0	-0.0147757	0.230771	253534	94847	-0.210741
0	-0.0254933	0.264473	241230	141182	-0.150794
0	-0.00701585	0.197321	234820	183965	0.663259
0	-0.0405775	0.127753	226168	205842	0.867968
0	-0.00282445	0.0357149	237596	228530	-0.831355
0	-0.0102419	0.0541383	244144	233233	1.44502
0	0.0545739	0.0525384	232678	225790	-0.639002
0	-0.010704	0.04034	243770	240082	-1.2127
0	0.0109893	0.0207258	256088	254165	0.665112
0	0.0202358	0.265736	252050	78799	0.377062
0	0.0141369	0.208299	247240	143063	-2.43733
0	0.00793489	0.221421	248684	192563	-1.81466
0	-0.0151983	0.153562	241682	204847	-0.455068
0	0.0345785	0.112116	230116	210307	3.42668
0	0.0302496	0.0765111	234034	225115	2.60594
0	-0.0260791	0.0635314	251196	245516	-2.23997
0	0.0220594	0.0634812	224628	220248	-0.477988
0	0.00272786	0.000358949	255510	255001	4.3988
0	0.0127956	0.295488	224392	68747	0.0140544
0	0.0310311	0.228934	234344	139464	0.338272
0	-0.00049163	0.208518	242908	190902	4.98805
0	0.00347259	0.148177	236750	207785	0.241645
0	-0.0405293	0.131756	250654	231224	7.66038
0	0.0366094	0.10587	246820	239900	1.52685
0	-0.00845531	0.073269	238024	228525	1.6218
0	-0.0361739	0.0229337	251376	247367	6.3967
0	-0.00700035	0.0233789	248422	245284	-0.125326
0	-0.00444418	0.257508	258840	78055	-0.214061
0	0.0229389	0.25631	239616	133846	-1.96493
0	-0.0102049	0.212709	240278	171105	1.99407
0	0.0514319	0.124985	239230	212414	0.856891
0	0.0415407	0.0871218	242752	226563	-4.09218
0	-0.025353	0.100663	236324	226706	0.584154
0	0.0198961	0.0623867	250836	242647	-1.63396
0	0.0362652	0.0657758	242838	235178	-3.26535
0	0.0123239	0.038714	245450	242024	-0.0818481
0	0.0322213	0.253942	236256	70021	-0.164968
0	-0.0186076	0.204419	232300	128172	0.422629
0	-0.00461495	0.195814	242452	185623	0.203872
0	-0.00112504	0.160864	243634	208259	-0.948471
0	0.0025761	0.0860808	257506	236088	-4.48469
0	0.058004	0.0765918	236458	224920	-0.38519
0	0.0472904	0.0691417	264642	257295	2.12711
0	-0.0876662	0.0675682	231616	223829	3.26558
0	-0.00494465	0.0121314	241914	240836	0.485539
0	0.0035766	0.256109	246890	82388	0.489499
0	-0.0340668	0.208089	246198	141485	1.52077
0	0.0247248	0.246657	247516	188301	-0.860416
0	0.00699388	0.14101	237740	208566	2.47837
0	-0.0675595	0.0644005	252210	242407	0.509645
0	0.0286883	0.0615596	252368	242689	-1.46021
0	-0.0318809	0.084978	249548	239381	6.32297
0	0.0170895	0.0441371	241506	237885	-4.74297
0	-0.0134202	0.0224566	250730	248818	-4.43211
0	0.0457218	0.235118	242386	71040	-0.633371
0	0.025693	0.238976	226490	138024	-0.1275
0	0.0424032	0.186223	258158	205347	-3.82426
0	0.0183224	0.150393	250068	222126	-2.06356
0	-0.0458278	0.112689	223728	206266	-1.76695
0	0.0535827	0.0613011	235174	227020	-12.5053
0	0.00370788	0.0547278	239206	230852	-1.72587
0	-0.000426192	0.0329165	231598	227770	-5.75648
0	0.040237	0.02854	253252	249673	3.41414
0	0.0291666	0.240932	227252	80867	-0.176611
0	0.0631386	0.23686	239780	153711	-2.90211
0	-0.0433958	0.172214	235274	190705	-2.48331
0	-0.0210866	0.154966	247588	213307	4.37458
0	0.0583231	0.119792	246038	228884	0.288009
0	0.0115603	0.048325	234254	225333	-1.12414
0	-0.0171642	0.0374307	237024	231701	3.08085
0	0.0230658	0.0566794	253272	249160	-0.454733
0	0.0426859	0.0241791	236352	233282	3.61132
0	-0.000444884	0.226948	232188	74344	-0.409476
0	-0.00169866	0.251781	254630	152652	0.432016
0	-0.0134131	0.197495	252920	196673	0.623532
0	-0.0254726	0.107048	258562	229268	2.0958
0	0.0273977	0.143032	241360	221247	0.657937
0	-0.00549551	0.163101	243340	224436	3.03159
0	-0.0757647	0.0354518	256192	249220	6.59168
0	0.00759528	0.0302003	237964	233376	-1.23664
0	-0.0681851	0.0447192	236638	233093	0.0103592
0	-0.00748266	0.28075	233332	60347	0.0557169
0	-0.0106403	0.249297	227814	122239	-1.0284
0	-0.006637	0.197356	242930	189734	0.616788
0	0.0123882	0.129205	228742	205987	0.87873
0	0.0444074	0.116147	238874	220175	5.25434
0	-0.0428922	0.0572033	250058	241434	3.10823
0	0.00253996	0.0456923	245448	239003	3.20016
0	0.0253881	0.019209	246484	243561	0.193802
0	-0.0178641	0.01685	242750	240015	5.47765
0	-0.00339127	0.265552	238502	67892	0.390924
0	-0.0145869	0.216778	239642	146763	1.58012
0	0.0203935	0.156402	246760	195987	0.208
0	-0.0116539	0.113576	226698	203301	1.304
0	0.014088	0.0961431	231010	215222	-1.89401
0	0.00324694	0.0537635	240544	232274	3.34898
0	-0.0229815	0.0380241	256100	248981	1.20203
0	0.0207906	0.0359297	244886	242234	-3.89829
0	-0.0401851	0.0504905	242550	238598	3.54092
0	-0.0481258	0.268132	252336	76935	0.597155
0	-0.0335262	0.225253	244180	153885	-1.78059
0	0.0146155	0.162325	229578	182541	1.53429
0	0.0310902	0.163693	249108	214276	-0.292016
0	0.0314288	0.101406	254010	244299	-5.43475
0	-0.0280914	0.11242	236106	224175	1.41124
0	-0.0193817	0.0259183	256858	252608	0.917495
0	0.032948	0.0275444	252842	247103	3.88035
0	-0.0741325	0.0208841	247728	245841	6.86135
0	0.00385752	0.202263	238938	82899	-0.0979419
0	-0.0200318	0.245645	246922	145325	0.583222
0	-0.0457942	0.215939	239104	180548	0.354737
0	-0.00764672	0.141456	238920	214041	-1.43118
0	0.0349555	0.112011	252224	233827	-5.82646
0	0.0186466	0.0637458	252794	242540	3.08287
0	-0.00604237	0.0608416	250998	245471	-1.67986
0	-0.0155917	0.0538898	242292	237180	-0.257531
0	0.0112542	0.0324625	248696	246670	1.41257
0	0.00436633	0.259416	244254	74970	0.137117
0	0.0598107	0.218489	234018	136923	0.583977
0	0.00120588	0.183675	244632	188955	1.11606
0	0.0004053	0.12336	229022	191641	-0.402441
0	0.00361153	0.0974148	250162	228851	-2.56498
0	0.0107618	0.0862738	244762	233964	-3.83494
0	0.0278568	0.0755285	259136	251697	0.984718
0	-0.0142918	0.037227	244834	241642	1.94288
0	-0.0437886	0.0234994	241894	239328	6.08246
0	-0.0169272	0.283237	232778	64595	-0.154343
0	-0.0433623	0.218812	248768	157853	1.40013
0	0.0183484	0.18867	234182	182523	-0.390521
0	0.0139974	0.153481	234468	206623	1.83865
0	0.0177352	0.124807	247530	225962	3.71597
0	-0.0246551	0.115959	244548	231559	2.34726
0	0.0182038	0.0772939	239420	232303	1.13745
0	-0.00647491	0.0450603	242844	240907	1.2135
0	-0.007207	0.0357559	251842	246864	0.518021
0	-0.0115736	0.259578	240158	62854	0.157765
0	-0.0339021	0.238999	238686	135573	0.00931717
0	-0.00771477	0.180053	242332	187216	-0.729099
0	0.0386565	0.174689	231414	199042	0.601803
0	0.0167568	0.11515	217216	202657	2.54149
0	-0.0224782	0.090316	236966	221341	-2.82945
0	0.0342824	0.0395607	237052	232191	0.356994
0	0.0297207	0.0303352	248364	244679	-6.41366
0	-0.0318014	0.0195004	242820	241578	-4.1273
0	0.0283059	0.26068	246806	63831	0.323202
0	-0.00655208	0.217878	246590	139626	-0.611773
0	-0.022508	0.146104	244262	186761	1.03129
0	0.0066722	0.157305	237410	198026	-3.68445
0	0.0234343	0.0962752	243862	223662	-0.801933
0	0.00735844	0.0783598	214880	200551	-0.978926
0	-0.00569778	0.0373358	245880	239399	-7.48273
0	0.0343158	0.0412	253376	249854	-9.96439
0	-0.0142945	0.0137153	256664	254816	-2.79392
0	0.052028	0.236745	240804	75585	-0.367429
0	-0.00677311	0.234645	230818	140975	-0.605447
0	0.020566	0.179597	239036	196896	-0.534734
0	-0.0382086	0.152311	261814	227423	3.23502
0	-0.00801431	0.111096	219120	195780	0.621028
0	-0.0234577	0.0961317	228278	214434	-2.69141
0	0.0238748	0.0370468	242762	236921	1.81063
0	0.0281978	0.0635635	255132	248576	-6.7975
0	-0.0194164	0.0173379	242618	240354	3.89284
0	-0.031881	0.27026	247706	78405	0.447522
0	-0.0235964	0.240733	245262	143832	-0.688724
0	0.00499059	0.180952	245282	187517	1.48787
0	-0.0320374	0.200284	239418	202371	-0.608713
0	0.0232293	0.146565	248224	230676	-2.0418
0	-0.00744196	0.107875	233848	223641	-3.49846
0	-0.0406428	0.0542087	253952	246995	-1.17383
0	-0.00358475	0.0215757	242036	240375	-2.82766
0	-0.0191864	0.0227716	225820	222777	-1.4974
0	-0.0246866	0.250552	236998	70835	0.254376
0	0.00344996	0.276592	223620	126542	0.468092
0	-0.0588076	0.197312	249548	196317	7.29863
0	0.00950591	0.119167	235384	214507	1.28833
0	-0.0274692	0.191679	248224	224193	0.166881
0	0.0408841	0.053895	232350	224571	6.90584
0	0.015929	0.0470382	253892	247044	3.17629
0	0.0598982	0.0691801	244448	234224	-2.41296
0	-0.0541568	0.0452233	236816	232495	5.16989
0	9.17168e-05	0.231098	243398	80160	0.0359106
0	-0.0497296	0.245339	235736	131029	-1.21308
0	-0.0493373	0.188953	248480	201720	2.8309
0	-0.0325352	0.128878	252994	225524	-0.966921
0	-7.71085e-05	0.10685	245994	226346	0.592855
0	-0.0188355	0.0632943	236536	226694	5.07903
0	-0.00578023	0.0579661	241192	233350	-1.77408
0	-0.00209984	0.0170123	252120	249958	-4.11597
0	-0.0151995	0.0255299	242174	240278	0.97467
0	-0.0210273	0.251681	237766	62302	0.185793
0	-0.00674057	0.23513	237632	150944	0.232337
0	-0.0370703	0.207874	236906	183760	1.17942
0	0.00207524	0.161861	246798	211133	0.0876071
0	0.0212706	0.102902	245162	231435	1.86488
0	-0.0269577	0.0741678	234442	222584	-0.376589
0	-0.0140245	0.0807986	239530	225768	1.55172
0	0.0173236	0.0245296	244646	241301	-2.59507
0	0.00704849	0.0155814	248678	246097	-0.0453431
0	0.0208105	0.261974	233930	79439	-0.226582
0	-0.00793564	0.219765	229440	127528	-0.785667
0	0.0439572	0.237913	254554	187201	2.16733
0	0.0245161	0.16045	235312	212327	-0.829278
0	0.0759665	0.130452	247094	228476	-1.42584
0	-0.0344501	0.0882543	245262	228005	-2.38938
0	-0.0411853	0.0547204	241316	234683	-1.10814
0	0.0112265	0.0437667	250682	244372	-3.09121
0	-0.0180268	0.0125963	254154	253855	2.79029
0	0.0252331	0.255018	222528	67048	-0.403553
0	0.0197835	0.22823	243222	129715	-0.162654
0	0.065295	0.177508	241236	187824	-3.13129
0	0.000538554	0.148815	249726	219415	3.16802
0	-0.00786551	0.101088	216036	202266	0.623804
0	-0.00264609	0.100185	224182	214673	-0.319441
0	0.0197497	0.0227825	247644	244494	-4.66551
0	0.0145096	0.0308614	240480	237148	0.2203
0	-0.00593547	0.0231799	244682	243127	-1.01648
0	-0.0139774	0.215931	243644	78825	0.323726
0	0.0454447	0.207349	263552	166423	0.377383
0	0.0367596	0.167259	226712	176352	-2.11817
0	0.00442827	0.126281	244880	218216	0.0939994
0	0.0125493	0.156261	249928	226214	-1.19451
0	0.0305018	0.0706887	250298	238446	1.0114
0	0.0249091	0.0636215	246154	241497	3.04262
0	-0.00171183	0.0599644	249426	246168	-1.56208
0	-0.0218259	0.0412177	231540	228703	-3.42261
0	-0.0056783	0.276886	246404	66935	0.00625064
0	-0.00637707	0.213389	246730	147655	0.144406
0	-0.0300202	0.190705	247516	192519	-1.09641
0	-0.0166253	0.205116	231548	188008	-1.77754
0	0.0221191	0.0786469	246278	233301	3.77745
0	-0.0144688	0.0978451	242566	231559	-0.5665
0	-0.0174033	0.0615547	236090	226762	0.107769
0	-0.0158284	0.0260597	249778	247708	-4.18863
0	0.00181687	0.0141576	244990	242316	-3.50479
0	0.035456	0.269805	243998	74661	0.239083
0	-0.0181771	0.205761	242802	151109	0.587051
0	-0.0359072	0.161151	255610	212154	0.718409
0	0.00841755	0.0954568	231540	210888	1.59732
0	0.0353184	0.0676073	236664	227533	-0.912227
0	0.0168034	0.0627913	241976	230895	-3.86491
0	-0.0273657	0.0276916	238910	234965	-2.59878
0	0.00192057	0.0237735	246750	243923	-3.49211
0	-0.0374834	0.0282973	244532	241602	-1.47248
0	0.00918282	0.230737	241816	69738	0.172416
0	-0.0245801	0.230051	257420	164444	0.0775255
0	-0.0150951	0.191634	230700	174041	-2.12895
0	-0.00412395	0.153424	240136	204596	2.96286
0	-0.0148911	0.112658	247424	223688	-0.939097
0	0.0367286	0.0559879	246136	236920	-5.55063
0	-0.0153133	0.0245447	255390	251695	1.57943
0	-0.0122463	0.0828917	245846	238595	-3.30027
0	-0.00781869	0.0238865	247008	243992	-5.06765
0	0.0403433	0.25521	228946	70250	0.102279
0	0.0340451	0.188746	240028	143429	-0.884045
0	-0.0277384	0.158067	227894	174130	0.912723
0	0.0411462	0.187534	245204	209088	-0.997901
0	-0.0106137	0.123941	230580	216081	1.30449
0	-0.0185632	0.125364	241518	218893	4.12738
0	-0.0143274	0.0434013	264878	260280	-1.19382
0	0.0510073	0.0387887	246848	242936	-3.62406
0	-0.000196589	0.0364184	246482	245507	3.52821
0	-0.00585925	0.21228	232976	74607	-0.0142904
0	-0.0365956	0.234755	242412	161524	-0.110476
0	-0.00274415	0.185314	239058	181377	0.455797
0	0.00169363	0.12795	244518	211677	2.15875
0	0.0140965	0.126433	246946	225430	-1.92655
0	-0.0342674	0.0659429	250168	237602	5.73127
0	0.0336961	0.0433224	256738	251697	-4.60245
0	-0.033817	0.0656283	253806	248887	-1.28676
0	0.012844	0.0133321	238388	237072	-5.405
0	0.0119878	0.277862	236014	64562	-0.0920813
0	-0.021926	0.202954	246548	150485	2.01361
0	-0.00568847	0.198312	233288	184492	-2.09507
0	-0.0106165	0.153589	241202	212188	-0.102671
0	0.00836215	0.131612	244362	221071	0.789191
0	-0.0471664	0.0900634	233468	222941	0.467068
0	0.031366	0.0561082	246004	240050	-3.56292
0	-0.0232351	0.0470302	256928	254026	-0.630874
0	0.0216767	0.023127	246654	243796	0.687064
0	-0.00300027	0.229281	250160	79350	-0.0297334
0	0.0414967	0.228206	231608	146748	0.408543
0	0.00530409	0.201242	244862	187934	0.734706
0	-0.00204453	0.117907	245078	215459	-0.318747
0	-0.0378871	0.137322	255884	238252	0.345
0	0.0333843	0.0686649	251930	244665	0.23795
0	0.0436635	0.0370121	256666	251821	1.57206
0	0.00878457	0.0305364	247834	244058	-3.25434
0	-0.00943401	0.0277133	240532	236896	1.23285
0	-0.0237562	0.209815	252824	70132	0.0224365
0	0.0274188	0.22327	239870	142616	0.0997889
0	0.0289957	0.168161	243990	189368	-0.589597
0	0.00401155	0.0907987	230608	213287	-0.0942498
0	0.0453786	0.0827746	231656	217463	-0.0814751
0	0.0205347	0.073697	240134	234045	-0.223615
0	-0.00278376	0.0241824	236648	236095	0.406459
0	-0.000585814	0.0540024	242804	238407	3.86876
0	0.00709577	0.012349	246590	246245	-1.87492
0	-0.0324616	0.254469	243814	80355	0.0453025
0	-0.0230101	0.210786	219650	142346	-1.89309
0	-0.00315084	0.170829	229796	182739	-0.493236
0	0.0481855	0.113941	242250	212864	1.72539
0	0.0334169	0.114528	240028	224460	1.15592
0	0.0269865	0.0750446	256740	249657	1.41534
0	-0.0339239	0.0444138	238166	232587	1.76197
0	-0.0285295	0.0340607	225886	220606	-3.9671
0	-0.0377374	0.0182106	247252	245340	1.26668
0	0.0601854	0.231948	239878	80525	0.129469
0	0.0100734	0.247076	247380	153646	1.15415
0	0.0186039	0.219206	241828	199001	2.63453
0	0.0202593	0.153908	250330	214922	2.12853
0	0.0728389	0.0649692	247540	232595	-0.800039
0	0.0120802	0.0508661	246306	235403	-4.00927
0	0.0239641	0.0425925	248656	243057	-7.30748
0	-0.000160313	0.0204821	236316	235027	-4.01114
0	-0.0312366	0.0183527	245002	243044	6.34894
0	0.00704649	0.209409	238522	71218	-0.511519
0	0.0249888	0.210432	233532	143925	0.704435
0	-0.0444829	0.187223	230432	165494	-0.958855
0	0.0310053	0.158827	230806	204769	2.45965
0	-0.0284323	0.0954059	256910	245479	9.18185
0	0.0277949	0.0570058	235350	223115	-0.820218
0	-0.029925	0.0555006	237656	228630	0.750431
0	-0.0119852	0.0249697	240364	236751	-0.204877
0	0.0100593	0.011775	252792	251336	2.17599
0	-0.0388331	0.254305	255812	75441	0.139781
0	0.00798207	0.225003	238226	155268	0.0834292
0	0.0186698	0.155716	253370	199920	-1.18384
0	0.0306849	0.152055	237402	205427	0.0489342
0	0.0547451	0.113894	247222	227382	-0.650188
0	0.00252004	0.0700337	243078	232149	-4.92614
0	0.0129076	0.0585307	240574	233326	4.24729
0	0.00769327	0.0484624	239584	234475	3.81789
0	0.018223	0.0322721	231874	229352	0.152869
0	0.0239499	0.227569	226732	71022	0.444947
0	-0.0329946	0.251612	249678	143933	1.35168
0	-0.0545741	0.243537	242394	178169	2.24117
0	0.0316148	0.139852	241046	208723	1.70444
0	0.0215242	0.131687	246836	227811	-0.815683
0	0.0217124	0.112808	246000	230816	-0.890393
0	-0.0127384	0.0235275	251874	248857	0.204246
0	0.031963	0.0391424	239464	234652	-0.817456
0	0.0294976	0.0374991	240464	239310	-0.336625
0	0.0298322	0.248219	230874	61966	-0.508787
0	0.00975477	0.212324	232826	151027	0.329749
0	-0.00576768	0.180373	246866	194890	0.995114
0	0.0361973	0.157085	237796	211276	2.40294
0	-0.0113553	0.10791	249294	235180	6.2012
0	0.0162658	0.0715969	236864	228928	-1.01656
0	0.0297501	0.081888	256188	246463	-1.69255
0	-0.0272952	0.0267093	239288	236300	1.43886
0	0.0258199	0.0308665	242508	238408	-1.08696
0	-0.0462615	0.239349	239660	73725	0.277554
0	0.000593175	0.234521	244810	132741	-0.623476
0	0.0221992	0.229294	244228	190390	1.08159
0	0.0135706	0.17056	220606	182849	-0.516882
0	0.0160947	0.131985	242564	224964	-0.14151
0	0.0245902	0.0874113	245792	230833	-5.09423
0	-0.0550386	0.0566646	243464	237216	1.91657
0	-0.00826201	0.0481564	245904	241025	-1.06928
0	0.00717127	0.0122385	257632	256617	-3.88889
0	0.0154859	0.239506	239376	76078	-0.0878013
0	0.0139896	0.221096	223102	137645	1.58097
0	0.0299347	0.231539	228650	170355	-0.0963869
0	-0.0123406	0.117586	242134	216555	-1.42455
0	-0.0028877	0.072462	254988	236542	2.38932
0	-0.026466	0.061761	241252	231694	0.369767
0	-0.0384174	0.0394968	260064	252618	-3.46304
0	0.0485241	0.044221	239104	235064	-4.41955
0	-0.00796109	0.0230829	249376	246475	0.328842
0	0.00508757	0.241167	243942	84811	-0.460602
0	-0.0149915	0.227425	250084	145498	-0.987442
0	0.0642953	0.224725	239116	186884	-2.16091
0	0.0200991	0.14901	239038	205650	-0.45573
0	0.0434123	0.121954	249688	227801	-6.88567
0	0.0278281	0.0694512	240784	229641	3.78038
0	0.0210139	0.0428934	241088	232524	1.38154
0	0.00211413	0.0333001	235708	230698	5.13153
0	0.0382398	0.0352253	252430	249189	-1.36509
0	0.0166906	0.233545	250860	71447	-0.399843
0	0.0196368	0.226409	235308	148423	-1.44101
0	-0.0228994	0.141907	230292	190788	1.50835
0	-0.0141088	0.0956959	245780	224919	2.59249
0	-0.00353919	0.128947	242620	220080	-4.71362
0	0.0169267	0.0923998	257942	244735	1.26072
0	0.0407536	0.0250922	257942	254958	-7.75743
0	0.0141479	0.0557846	239910	234743	-1.95523
0	0.05018	0.0376889	254158	252924	2.97261
0	0.000350134	0.265975	252254	68279	-0.0525565
0	0.00194674	0.22225	240652	145491	-0.932712
0	-0.0481579	0.154761	249350	198895	1.82244
0	0.0176534	0.153228	239636	202833	-0.250996
0	-0.0296448	0.0733963	251876	239731	-2.08545
0	0.00302405	0.0971381	244268	233566	-2.55776
0	0.0217408	0.0728482	242332	238286	0.247454
0	-0.0263729	0.0766903	249254	239300	1.57529
0	-0.0397158	0.0149524	226472	223322	0.46031
0	-0.00687203	0.243742	241230	70625	0.321942
0	0.037866	0.237535	250296	142661	0.0161591
0	0.00322138	0.220603	234878	171260	3.52828
0	0.0394782	0.178454	255416	220291	0.843828
0	0.00334982	0.040139	236654	226326	-2.07119
0	-0.0422762	0.124939	239908	227755	2.17965
0	-0.0439402	0.0619086	254802	245641	5.48036
0	0.0486163	0.0591988	245324	241571	0.434103
0	-0.0296564	0.0174441	245274	243189	4.67826
0	0.0321041	0.22749	238436	72335	-0.475396
0	-0.00972942	0.218203	237074	142912	0.812035
0	-0.0169647	0.188491	238706	183629	0.573244
0	-0.0347885	0.161274	259050	220366	-2.0746
0	0.00186912	0.114566	238460	220778	-1.35539
0	0.0500387	0.0549657	248596	240476	-5.50881
0	0.0226621	0.0540202	235966	228548	-5.88236
0	-0.0215527	0.0310735	254162	248989	1.51773
0	0.0465284	0.00523227	242106	240660	0.770579
0	-0.00995025	0.284494	237952	64520	-0.62147
0	0.00824459	0.249135	239252	127175	-1.25246
0	0.00737606	0.212022	241020	187411	0.114685
0	-0.0152901	0.152441	256088	228874	1.46857
0	0.00264621	0.111591	239662	224191	-0.130173
0	0.0265101	0.0519672	258984	253008	-3.96037
0	0.0266956	0.043653	244732	237792	-0.897513
0	0.0124952	0.0532465	257480	251932	-1.87525
0	0.0264403	0.0303436	229972	225595	3.22218
0	0.0122849	0.226525	239360	85160	-0.221047
0	0.0275289	0.22374	242992	147345	-0.186434
0	-0.0747501	0.156597	239654	189141	2.88978
0	0.0304015	0.105661	221554	202912	-0.017772
0	-0.00440184	0.102715	223498	210169	0.207125
0	0.00937717	0.0758276	246284	232690	5.89841
0	-0.069056	0.0451546	244936	239695	-1.76149
0	-0.0393223	0.0406857	244978	239791	-3.59636
0	0.00764418	0.0519774	250892	247592	-1.02893
0	0.0172457	0.219389	259092	85989	0.471558
0	0.0126254	0.245823	250188	147860	-0.479657
0	-0.0276549	0.15718	242720	199917	-0.913787
0	-0.0280918	0.121036	236216	209491	4.54366
0	-0.0106669	0.0988437	240720	220283	-0.31813
0	-0.0252481	0.0934677	236656	225175	3.1275
0	0.0203253	0.0564512	235200	229341	-7.75771
0	0.0172382	0.0468157	249920	245819	-3.01819
0	-0.0105152	0.0364703	250602	246392	1.82837
0	-0.0258262	0.241182	234482	68290	0.0185412
0	0.0042389	0.227656	243200	139458	-0.0731685
0	0.0678863	0.245696	244534	195736	-0.790596
0	-0.0167368	0.14335	228260	200065	0.807969
0	0.0105367	0.107488	232658	210732	0.72031
0	0.0487052	0.0706356	253748	243059	2.21706
0	-0.00695863	0.0440577	242132	235148	1.56959
0	0.051211	0.0259888	248536	245531	3.62413
0	-0.0668695	0.00648348	234512	233567	-2.31259
0	0.0466877	0.230095	234188	64039	0.0846174
0	-0.0206466	0.239597	259804	164776	-1.12545
0	0.0152156	0.177805	248330	198843	1.63706
0	0.0189415	0.128815	252574	222244	-0.00353518
0	0.0448774	0.123698	231374	210798	-1.50209
0	0.0159994	0.0966105	233408	219785	5.30661
0	0.0255076	0.0309762	240190	232346	-4.18029
0	0.0397582	0.0199248	238708	234775	-3.15486
0	0.0084554	0.0261303	234226	230317	0.197346
0	-0.0173859	0.246266	230686	68604	-0.156674
0	0.0238724	0.214527	235346	146333	-0.802234
0	0.0534835	0.220979	228698	174708	1.01693
0	0.0502897	0.129796	249812	222206	0.240231
0	0.00119379	0.0800788	250454	234728	1.24791
0	-0.0549648	0.0845408	245818	237124	0.136129
0	-0.0178782	0.0693107	242244	233483	2.52718
0	0.0198481	0.0666421	247424	240148	-2.69934
0	0.0612536	0.0147072	251292	249421	-11.307
0	0.0330873	0.251427	242906	81669	-0.0742244
0	0.0376708	0.223835	240300	141879	2.06209
0	0.0462898	0.175174	238572	187384	0.0154345
0	-0.0283574	0.126977	245172	219380	4.0896
0	-0.00493188	0.108937	233556	213577	0.0470453
0	0.0106355	0.0826237	231190	221207	2.64909
0	-0.0118167	0.0985752	249748	240112	0.322403
0	0.0113768	0.0401925	240582	237536	-2.02475
0	-0.0164442	0.0239961	257514	254672	-3.30262
0	-0.00566911	0.304089	262068	71911	0.0730503
0	0.0172423	0.235208	238374	144947	-0.153764
0	-0.0137659	0.185859	248224	201351	-0.0527788
0	0.0330898	0.136751	223168	197723	-1.46695
0	0.0430287	0.112061	251488	234597	-4.18044
0	0.0350738	0.108439	247600	233135	-2.21072
0	0.000199043	0.0834289	240882	228355	2.76001
0	-0.0349405	0.0304909	240812	237451	2.48596
0	-0.0787804	0.0342093	240136	238158	1.42115
0	-0.0259996	0.254316	247280	75653	-0.256468
0	-0.0319417	0.247095	248142	159206	-1.19172
0	0.0327012	0.190901	247818	196247	-1.6441
0	0.0267594	0.1402	244566	219388	3.05084
0	0.0380144	0.112152	216006	195005	-0.38687
0	-0.00181816	0.0667472	249262	241270	-8.45513
0	-0.0210208	0.067031	261236	252128	2.48358
0	0.035165	0.0393386	219744	214705	-2.52491
0	0.0268093	0.032482	247094	243818	-0.981084
0	-0.0269301	0.276467	246890	70491	-0.166951
0	0.0251819	0.220325	234994	129884	-0.403595
0	0.0274544	0.218912	232126	171116	-0.753607
0	-0.013293	0.0992853	240622	216961	1.53306
0	0.0736803	0.0889803	248982	236036	-1.37463
0	-0.00721681	0.0823757	219786	204365	2.66123
0	0.0305189	0.0709633	240678	235690	1.53593
0	-0.0190462	0.0526366	250710	246641	2.44667
0	0.00197672	0.0113293	247840	247339	0.549447
0	-0.00191613	0.22697	236912	72470	0.368662
0	0.0198342	0.179115	252228	154557	0.331627
0	0.00350146	0.188585	249950	192878	2.45773
0	0.0260128	0.144293	251706	216704	-5.17266
0	-0.000194353	0.0933156	236914	220740	-0.602817
0	0.0121865	0.0852158	237114	228179	4.23746
0	-0.0473007	0.04175	246060	242480	4.30431
0	0.0359436	0.0669304	259222	250706	-1.37106
0	0.00973236	0.0322423	244148	242929	0.485584
0	0.0196952	0.234667	236264	76853	0.160266
0	0.00598049	0.244825	237632	140208	0.118241
0	-0.0389374	0.1934	249862	205039	1.033
0	0.0102017	0.151403	237088	207750	-0.0894404
0	0.0147867	0.161352	232424	214470	-3.28345
0	0.00394312	0.088465	237808	228165	-0.891779
0	-0.00100986	0.0823309	247496	240407	-0.317112
0	-0.0189238	0.0289855	244800	240180	3.15566
0	-0.0016711	0.0586413	238072	230738	5.07593
0	0.0239185	0.249291	253436	61080	0.350816
0	-0.00129367	0.252606	231546	140782	1.53036
0	0.00942974	0.182497	226392	178403	-0.631489
0	-0.0101456	0.190792	246090	216655	0.706256
0	0.0103045	0.0911465	249762	232959	-3.95
0	-0.00653318	0.0668989	249562	243604	-0.865105
0	0.0453004	0.060318	239816	231290	-4.42705
0	-0.0242204	0.0378237	245608	241788	0.293643
0	-0.0134641	0.0133397	262920	260998	-1.54219
0	-0.00273013	0.259017	252332	69442	0.113228
0	-0.0288057	0.216221	239838	139406	-0.397911
0	0.00181315	0.23309	247154	192589	0.337336
0	0.0270995	0.102836	248082	211825	-5.43525
0	-0.0101052	0.0991091	252752	238706	6.11592
0	0.0618235	0.121121	241998	224097	-2.16812
0	-0.0053077	0.0617557	238686	231758	1.17099
0	0.0174685	0.0593122	254482	247632	2.1355
0	0.0353816	0.0150487	246452	243724	0.754608
0	-0.0433324	0.27739	229124	68086	0.24341
0	0.0338632	0.195806	231240	149055	-2.30181
0	0.028829	0.178362	241792	189206	1.9424
0	-0.00923713	0.141488	243678	214937	-4.88629
0	0.000283621	0.108033	239712	220302	0.855744
0	-0.0188918	0.0900137	246294	231819	4.02321
0	-0.0211425	0.0415047	240554	234578	-2.44761
0	-0.0346852	0.0496665	245342	240144	3.41798
0	-0.00362474	0.0365516	253244	251926	5.58419
0	-0.010679	0.268398	234928	75505	-0.723391
0	0.0339626	0.252964	230994	139228	0.624738
0	0.0106124	0.20431	239076	184662	0.0817939
0	-0.0247619	0.12277	247488	226413	5.23304
0	-0.0218205	0.0584828	237110	227976	2.57248
0	-0.00432609	0.0998928	224582	211058	3.73834
0	-0.0857064	0.0767058	252444	244583	-1.98173
0	-0.0214488	0.0391528	238592	233929	4.19442
0	-0.0383812	0.0281774	234694	231124	8.80536
0	-0.020548	0.253449	244800	77921	-0.295954
0	0.0189927	0.244442	238734	138860	-1.6472
0	-0.0288758	0.131725	246090	196665	-0.591623
0	0.0121032	0.109716	230162	205821	-0.265863
0	-0.0407086	0.147164	235720	216853	0.147834
0	-0.0103011	0.0650576	240490	229768	2.05982
0	0.0182347	0.0577955	238568	232141	-3.40573
0	0.0203346	0.0348375	252942	249559	-1.53945
0	-0.0278139	0.0131254	244840	244137	-3.07385
0	0.000534935	0.257896	244766	66712	0.57566
0	0.0050191	0.181816	249286	155183	0.222953
0	0.0236019	0.185838	236210	177831	-1.4779
0	0.0212294	0.120306	254194	231028	-0.468817
0	-0.0417773	0.0797248	255052	235007	0.408248
0	0.0451076	0.0968431	256630	242846	4.37144
0	-0.0264854	0.03862	256578	250516	4.62035
0	0.0172434	0.0403618	260640	255211	1.62609
0	-0.00713843	0.016881	247722	245722	-0.0490558
0	0.0099981	0.253095	256112	90004	0.0369771
0	-0.00175385	0.220137	242088	128430	0.556413
0	0.0350539	0.227126	234658	163523	1.06496
0	-0.0139696	0.189896	238306	196208	3.76302
0	-0.0810041	0.140137	234792	215898	-0.0139623
0	-0.0544406	0.0814144	233290	222563	-0.0698791
0	-0.053637	0.0894543	235840	228300	2.81855
0	-0.0162425	0.0449437	245982	241231	-0.285229
0	0.0458642	0.0130678	242596	241711	-3.80563
0	0.00586699	0.233738	246458	73418	0.280009
0	-0.0680348	0.224956	242592	131580	0.648568
0	0.0297117	0.147484	242004	201847	-2.47192
0	-0.0336109	0.144115	241174	215569	1.72609
0	-0.0192985	0.100388	242436	227060	-0.51574
0	0.0526825	0.0993972	240138	221677	0.0216106
0	-0.0141642	0.069738	252552	243765	-9.21409
0	-0.0238619	0.0437934	231516	227195	-0.379508
0	0.0187152	0.0148361	239404	237518	-2.2175
0	0.00757479	0.217575	235690	65917	-0.623575
0	0.0150299	0.257636	233444	132244	0.326702
0	0.00153398	0.192169	245026	181605	-2.1869
0	-0.0106462	0.17606	238050	206568	0.919341
0	-0.039747	0.115291	232434	210069	4.13769
0	-0.00151077	0.0852567	237652	229513	-3.46333
0	-0.0463537	0.042549	238062	231989	2.76645
0	-0.0485268	0.0300127	259836	256539	7.7001
0	0.0240205	0.0567225	255266	250330	-1.75676
0	-0.0254851	0.276802	238544	62909	0.40525
0	0.00311941	0.250249	261480	155441	-1.22114
0	0.0783701	0.20652	247062	189744	-1.84061
0	-0.0113128	0.121636	228382	205078	-3.03956
0	-0.0411314	0.116155	213868	199074	-1.54188
0	0.0306946	0.0930459	249202	236372	-3.67361
0	-0.0222926	0.0403727	237666	229510	1.37088
0	-0.031039	0.0366734	225226	221299	2.92286
0	0.0443636	0.0270746	231514	231253	-1.57268
0	-0.0138973	0.240992	245368	65963	0.207781
0	0.0460089	0.210642	233004	141046	0.444226
0	-0.0410704	0.160483	227518	178789	3.3434
0	0.0341035	0.111578	255326	225582	0.336713
0	-0.0230629	0.0758617	244130	229829	3.96525
0	0.0124726	0.146812	250674	231877	-1.18208
0	-0.00179113	0.0618502	238558	232021	2.80295
0	-0.0101248	0.0020618	244548	244041	-2.00051
0	-0.00428518	0.0386924	245706	242137	2.23914
0	-0.0157508	0.259597	258346	71873	-0.389568
0	-0.0511577	0.258714	241056	134917	-0.522321
0	0.0316981	0.212418	225898	181088	-4.33367
0	-0.00414445	0.120108	239000	216940	-2.17495
0	-0.0410387	0.112774	253036	239906	-0.148305
0	0.0385895	0.114944	245540	227228	-5.89321
0	-0.0698746	0.0470634	249550	244946	-6.38213
0	-0.0507093	0.0243406	246482	243220	-1.39056
0	-0.00695821	0.0146117	261574	259675	3.4271
0	-0.000896275	0.216432	233034	80345	-0.0282892
0	0.0133548	0.234742	241132	132994	-1.30694
0	0.0435226	0.227935	231500	176376	-1.01476
0	0.0132348	0.162201	243068	211249	-3.02702
0	-0.00118895	0.0985905	247300	229141	1.1689
0	-0.00323569	0.0752173	238698	228255	2.4609
0	0.0480238	0.0880822	254472	247287	-4.23593
0	-0.00241467	0.0352337	221014	215920	-3.00275
0	-0.0152568	0.0144251	245778	245505	3.88797
0	0.0386196	0.253725	255212	90850	-0.0793867
0	-0.00617781	0.198091	243684	149809	-0.891754
0	0.037519	0.207445	234262	172079	0.0331846
0	-0.034661	0.137596	245918	226084	-0.213361
0	-0.0177956	0.0640948	265418	248129	-0.472999
0	-0.0135233	0.0683435	257268	250750	4.96711
0	-0.0139286	0.0796723	227364	217341	4.70614
0	-0.0168728	0.0432618	244774	241157	-3.43323
0	0.015937	0.005448	260876	259771	-5.50517
0	-0.00307627	0.259609	246492	64476	-0.00804153
0	-0.00407548	0.234022	235080	139111	1.59618
0	-0.0145263	0.130596	243610	196498	0.728484
0	-0.00734067	0.169698	244774	213418	-3.59778
0	-0.0189654	0.139916	237152	221831	0.481113
0	-0.0320733	0.0852409	245034	234086	-2.13215
0	0.00185819	0.0698356	239588	231184	-3.78116
0	-0.0468378	0.0466152	257828	252999	4.84114
0	0.00844185	0.0331731	259044	254844	-0.482079
0	0.0458774	0.230116	244602	73693	-0.385162
0	-0.00243056	0.231362	234916	136545	0.750357
0	0.0312287	0.191662	245948	194222	-0.746578
0	-0.00655508	0.178012	232730	203799	4.574
0	-0.021513	0.12615	244824	224891	2.4185
0	-0.0145624	0.114759	231708	218415	0.876854
0	-0.0174744	0.0602273	243026	233516	-0.771862
0	0.0412926	0.0282438	260180	256733	-2.8633
0	0.0408721	0.0138999	249626	248398	-3.23494
0	-0.0360343	0.268709	258294	81509	-0.142135
0	0.0111056	0.24668	250938	131566	-0.150821
0	-0.00770758	0.195361	253696	202085	-1.45359
0	-0.00626251	0.181531	248322	206822	3.13018
0	0.00012056	0.143727	237246	220498	1.88003
0	-0.0186506	0.0507207	247170	238692	2.85329
0	-0.056173	0.101955	232466	222157	-2.40398
0	-0.0106084	0.0181358	252300	248242	-1.2937
0	-0.00346077	0.0153241	252202	249767	1.06634
0	0.0327515	0.262165	251964	85790	0.195776
0	-0.0193616	0.217179	229186	138558	-1.12885
0	-0.0445094	0.239782	247210	183432	-1.00688
0	0.0265171	0.122548	248540	217600	-2.34538
0	-0.0438313	0.133579	238498	214612	2.98083
0	-0.0136748	0.0825295	255784	242386	-0.328192
0	-0.0388788	0.0616226	233388	226059	-5.13003
0	0.0132395	0.0500091	227292	218534	1.63351
0	0.0615826	0.0129163	246752	246561	-3.49359
0	-0.0145809	0.215271	227794	71323	-0.166394
0	0.00971742	0.227599	228464	143771	-0.394882
0	-0.0156918	0.170955	234796	174096	1.63422
0	0.070356	0.119073	239678	209157	-3.928
0	0.0135439	0.0813968	243486	228343	-0.642374
0	0.0230761	0.0886955	224200	210300	2.61026
0	0.0106943	0.0633234	247816	241506	-0.434676
0	-0.0055305	0.0275939	255118	252416	-2.96841
0	-0.00601203	0.0346543	246954	243323	-1.16105
0	0.0177044	0.260843	256046	79591	0.501207
0	0.0176504	0.27632	248230	121009	-1.50858
0	0.012193	0.20603	249100	200087	1.14442
0	-0.0376796	0.159042	240566	204932	-0.949004
0	0.0459263	0.081791	241576	222673	-1.8264
0	0.0345962	0.110993	256634	243168	-6.45107
0	0.0194127	0.0665027	236340	228299	-2.39957
0	0.0301185	0.0413611	253200	247014	-0.215801
0	0.0198027	0.0339074	244608	243132	1.63528
