0	-0.0388005	0.249795	245072	74117	-0.136031
0	0.0254286	0.22265	255736	154395	0.0436483
0	-0.0127122	0.181401	249794	177669	-2.69192
0	0.0168773	0.136851	243174	196634	0.452918
0	0.0736964	0.139556	219580	178013	-0.236064
0	-0.0222973	0.124146	236188	201121	8.53187
0	-0.0226479	0.0989084	250144	219739	-1.86237
0	-0.0177122	0.0976681	240952	211678	-0.272787
0	-0.017177	0.0754777	239102	214002	-4.09924
0	-0.0233935	0.286306	244476	71465	0.0528421
0	-0.00595741	0.259135	236352	146614	-1.74462
0	-0.0171961	0.180588	244894	194236	0.605952
0	0.0613473	0.147816	244388	214368	-0.776331
0	0.01654	0.161308	245756	228755	3.07573
0	0.0528006	0.114701	256820	238242	0.656338
0	0.0186684	0.143522	245694	228544	-2.08629
0	-0.0162915	0.103083	232866	224162	2.43008
0	-0.0017933	0.0848068	253870	247037	-3.94458
0	0.0110979	0.237674	237844	81696	0.339298
0	-0.00308375	0.217454	220262	131101	-0.245815
0	-0.00654775	0.219438	235614	185988	-1.67863
0	-0.0195951	0.130933	246244	218133	-2.87715
0	-0.0246307	0.1396	219748	199233	2.0388
0	-0.0324221	0.129024	237434	218733	4.08217
0	0.0132307	0.0738828	230990	218911	5.72529
0	0.0295807	0.0363014	247246	240267	-5.06959
0	-0.00138929	0.0576221	232932	227507	2.95214
0	-0.0151108	0.232189	246698	100980	-0.110207
0	-0.0249841	0.261083	224040	130231	-0.303545
0	-0.00980487	0.201771	237094	191375	1.49997
0	-0.0236115	0.134673	243816	222725	-4.22183
0	-0.00648316	0.0924563	225508	211494	0.266257
0	0.00757718	0.0706577	239282	226401	-3.9007
0	0.0309701	0.0718951	239692	231532	6.44216
0	-0.0145277	0.0419696	242022	237403	-0.0655958
0	0.0104927	0.04899	245414	237020	0.814091
0	0.0205511	0.265844	244486	84094	0.282481
0	0.00649938	0.204607	235866	151508	-0.146067
0	0.00756187	0.222335	226448	169730	-1.70275
0	-0.0177737	0.140889	248886	208836	0.317547
0	0.0429819	0.116562	224358	204400	0.905663
0	0.0198268	0.0866997	251172	239360	5.73277
0	-0.00377872	0.0816979	246484	234475	-8.93009
0	0.00520421	0.0759837	254738	245478	4.57857
0	0.0128827	0.0233194	252168	249644	1.35236
0	0.0118862	0.295303	247148	74624	0.286876
0	0.0330696	0.234197	235678	137210	-0.273268
0	0.0107005	0.209932	237620	188881	1.6304
0	0.00881426	0.143228	251320	227503	-1.36085
0	-0.0170292	0.137883	263600	245371	0.610334
0	0.0300583	0.127751	238962	225581	3.49219
0	-0.00312322	0.0735651	250874	239476	0.0221745
0	-0.0211414	0.0329698	239872	233827	1.88696
0	-0.0142652	0.0223912	242600	239346	2.05413
0	-0.00444959	0.25728	245558	76200	-0.21244
0	0.024603	0.253227	232950	133716	-2.46415
0	-0.00164633	0.21058	245092	182578	-0.573494
0	0.0494587	0.120011	244400	217013	1.44885
0	0.0378784	0.0960063	246980	231310	-2.9935
0	-0.0243242	0.0756438	256728	244836	0.27553
0	0.00620271	0.0630944	239944	231919	2.47405
0	0.0166449	0.0587923	244890	236748	2.62075
0	0.0141862	0.0440752	239966	235045	-0.640547
0	0.033222	0.255044	233816	73337	-0.465197
0	-0.017951	0.204142	243602	145660	0.225639
0	-0.00702823	0.237853	234958	176852	0.927856
0	0.010221	0.174088	234276	205651	-4.35228
0	-0.000356526	0.130766	233478	211822	-3.6049
0	0.0633004	0.0808904	211512	200930	-1.97411
0	0.0582103	0.0674491	246334	235841	-1.14887
0	-0.0683731	0.0686851	230506	224193	-2.52235
0	-0.0122861	0.0129023	236994	235130	2.68798
0	0.00358914	0.255694	246168	83756	0.485736
0	-0.0331274	0.209652	235272	148581	1.23893
0	0.0184384	0.256297	239678	177261	1.02552
0	0.0179628	0.176148	238834	208477	-0.812308
0	-0.0582192	0.0610544	245332	235875	-2.29243
0	0.0124477	0.0703056	243798	234457	3.41197
0	-0.0241798	0.0821095	249146	241025	4.01263
0	-0.00839935	0.0364079	245512	242901	2.90369
0	-0.0201392	0.00934585	243658	242577	-2.41638
0	0.0445796	0.238203	226780	36930	-0.290709
0	0.0161787	0.255156	243132	85960	2.72676
0	0.024053	0.235015	260272	119194	1.6808
0	-0.00573174	0.221744	229118	112257	5.15268
0	-0.0267996	0.164815	230542	131598	-7.47539
0	0.00401796	0.10006	237220	152835	2.36408
0	-0.0069015	0.104869	250098	156687	1.45694
0	-0.0209801	0.0958419	239742	158776	0.40969
0	0.0131698	0.0649636	245514	166037	11.5343
0	0.0282713	0.242248	223682	64234	0.0919797
0	0.0626175	0.243724	233498	125737	-2.74577
0	-0.0536335	0.163957	249232	186750	0.588
0	-0.00587027	0.176588	239236	187368	-0.190321
0	0.0540436	0.158096	252334	207737	1.57187
0	-0.00810182	0.0858747	231122	206008	4.77448
0	-0.0306828	0.0846291	242730	216933	7.13644
0	0.0291276	0.0910333	241368	216362	-2.27327
0	0.0135626	0.0852994	230582	206402	12.3483
0	-0.00128022	0.22749	229454	76759	-0.158876
0	-0.00167622	0.257084	252548	147254	0.425283
0	-0.00677546	0.201335	248524	197960	-1.36777
0	-0.0104202	0.134807	233488	200478	-2.41992
0	-0.000249075	0.167036	226442	202918	8.95198
0	0.00610302	0.175386	222522	199182	-0.447968
0	-0.0246614	0.051431	245110	231893	-8.7393
0	-0.000729349	0.050284	248892	241275	1.26075
0	-0.0310076	0.0682526	234936	227120	-11.1429
0	-0.00794349	0.280537	260722	75409	0.193966
0	-0.0112866	0.247659	251624	151382	-0.834488
0	-0.00158758	0.194312	235034	182295	-0.898037
0	-0.00193217	0.162007	234718	209256	5.17485
0	0.0338334	0.128762	238606	218826	8.42655
0	-0.0228927	0.079293	235776	222091	-2.89164
0	0.00795047	0.0650813	257656	246504	1.57701
0	0.0281946	0.0748982	237330	227831	-0.64815
0	-0.0350645	0.0302423	224740	219054	10.6378
0	-0.00234881	0.266017	238872	76018	0.0781864
0	-0.0109443	0.2225	245160	146041	0.487342
0	0.0219138	0.171979	241176	183984	-0.248106
0	-0.0170163	0.0924597	236308	216939	2.91272
0	0.00834238	0.106575	230350	214316	-0.170317
0	0.00710848	0.0759468	242380	231406	2.19052
0	-0.0186961	0.0415046	256854	247855	-0.0835857
0	0.0143552	0.0618352	258632	253418	-1.96768
0	-0.040597	0.0360583	233370	229504	3.66449
0	-0.0468993	0.26803	249104	84045	0.229223
0	-0.0409166	0.226543	232818	155452	0.436551
0	0.0144778	0.185603	231794	182178	1.57561
0	0.0277819	0.151341	229330	195511	0.700481
0	-0.000610773	0.112379	261992	245111	4.17711
0	0.000389582	0.118512	248410	236955	-7.13304
0	-0.0157901	0.0347059	242508	237500	-0.159974
0	0.0146168	0.0439914	246542	238543	9.3797
0	-0.0433925	0.0187671	252736	249624	-2.36067
0	0.00402178	0.201769	239810	97255	-0.147218
0	-0.0218491	0.24056	259168	166041	1.12841
0	-0.0445384	0.194968	244532	184905	-0.0219921
0	-0.0238775	0.152459	234894	213355	3.43804
0	0.0109381	0.126447	252454	234012	1.37875
0	0.0246735	0.0692219	251766	240751	1.27479
0	-0.0144724	0.0547594	255662	249744	0.84915
0	-0.0186431	0.0533119	244960	240303	0.657888
0	0.0111983	0.025932	252488	250561	1.42934
0	0.00508914	0.261218	254240	86822	-0.0797256
0	0.0600967	0.21445	227010	150792	0.4982
0	0.00715696	0.18181	239978	192073	-0.669267
0	0.00143911	0.134093	243252	210611	-0.712584
0	-0.00211874	0.0887364	229554	214521	-0.845896
0	0.00710595	0.0650678	245150	232707	-2.73819
0	0.0432481	0.0624034	245060	236429	-3.6327
0	0.00173673	0.0397181	240072	235759	-2.86567
0	-0.0420936	0.0192078	225198	223466	5.57396
0	-0.0173161	0.282778	236438	70938	-0.0376665
0	-0.0410136	0.221893	248980	169877	0.695532
0	0.0145935	0.197698	251280	206556	0.735928
0	0.0251791	0.177798	222330	194060	-1.51586
0	0.0271123	0.138475	222068	197229	0.902841
0	-0.0134999	0.11532	241566	230105	-0.999308
0	0.0240079	0.0712363	229564	221361	-0.603773
0	-0.00259491	0.0292977	249244	246061	0.0494997
0	0.00778017	0.0288401	252976	248413	-3.97813
0	-0.0144284	0.259079	252618	35883	1.01421
0	-0.0242273	0.25248	232636	50306	-2.89313
0	-0.00441436	0.215666	237554	91559	-1.71922
0	0.0744261	0.216924	230714	86849	-10.1291
0	-0.00746087	0.186433	226464	90344	9.8068
0	-0.00995094	0.138449	233148	111492	-6.58762
0	0.0208425	0.0855255	238362	123206	4.38896
0	0.007991	0.0790343	244234	124063	0.105265
0	-0.00453012	0.123189	235174	123338	-12.3087
0	0.0296764	0.261228	247850	53518	-0.0879477
0	-0.00327916	0.215154	249104	107720	-1.59365
0	-0.0289886	0.191497	228112	136134	2.97544
0	-0.014684	0.205226	237512	152940	2.7224
0	0.0182662	0.133779	224540	158981	0.748487
0	0.00229923	0.112323	238598	177877	0.538839
0	-0.0242234	0.0782721	235532	176642	-1.92504
0	-0.00574631	0.0616466	242744	193929	2.05423
0	-0.0263124	0.0411773	245196	197035	0.811472
0	0.0523361	0.237185	239196	60588	-0.459835
0	0.00733054	0.233406	255570	145927	-4.83654
0	0.0117619	0.187721	242470	176586	2.1065
0	-0.012072	0.21087	245808	183552	-4.60596
0	-0.00027882	0.119424	249584	216513	-1.69962
0	-0.0232948	0.111295	238066	204144	-2.74029
0	0.0176302	0.0505772	237030	217991	3.68403
0	0.0260305	0.0928159	242998	219009	-6.1473
0	-0.0190631	0.0434908	242684	225107	3.78684
0	-0.0317658	0.269537	247236	82977	0.412944
0	-0.0341857	0.246963	240792	145527	2.48804
0	0.00459697	0.170664	259542	206159	1.60596
0	-0.0382491	0.184625	244276	200909	1.25481
0	0.0398375	0.164657	229890	200926	-7.02427
0	-0.00744786	0.117335	243062	222064	-3.49669
0	-0.00978199	0.106575	238980	224297	-10.4321
0	-0.0439696	0.055127	245372	233753	9.28779
0	-0.0154368	0.0534603	245712	235711	-2.62228
0	-0.0235178	0.250344	248050	84157	-0.0962491
0	0.0043671	0.275466	252370	152534	0.19295
0	-0.0308417	0.218782	231134	184416	-1.09114
0	0.01266	0.104459	248334	224845	0.342116
0	-0.0246939	0.213173	236140	203790	-0.665707
0	0.0462079	0.0785259	259094	242121	5.3087
0	0.0293113	0.0659447	254496	241305	-0.838396
0	0.0399424	0.0736827	257560	244693	3.57379
0	-0.0132873	0.0558647	248954	239598	-7.09094
0	0.000541986	0.232035	232428	86999	-0.0991702
0	-0.050036	0.252361	241860	147304	-1.12116
0	-0.0414412	0.196275	231584	182905	0.462062
0	-0.0350191	0.142345	223234	202256	-0.221739
0	-0.00618743	0.120165	247638	226128	2.42595
0	0.00368844	0.0821274	223514	212186	-1.67816
0	-0.0158742	0.0563547	252122	242738	1.2541
0	-0.0151023	0.0269705	251090	246566	-0.215221
0	-0.0135996	0.0410879	259352	257035	0.494685
0	-0.020112	0.251624	243584	65870	-0.0888093
0	-0.00879497	0.245793	251428	155597	0.848656
0	-0.0283134	0.190595	231900	188014	-1.44765
0	-0.0049501	0.14367	232488	205816	2.19521
0	0.0115587	0.0824747	245682	235423	4.77845
0	-0.0328283	0.070931	222332	215495	1.38459
0	-0.0119696	0.0940279	229592	219089	0.935278
0	0.00607092	0.0180387	255246	252780	0.780724
0	-0.00658144	0.0268967	252970	248143	4.04364
0	0.0199191	0.262398	250054	85594	0.0408381
0	-0.0161103	0.220207	256886	149468	1.66672
0	0.0427974	0.213753	262924	201577	2.51528
0	0.0223662	0.165955	237836	213727	-0.184307
0	0.0739536	0.129964	258682	238885	-0.821953
0	-0.0287698	0.0846651	236608	220538	-4.09347
0	-0.0328303	0.0600643	245138	237295	-3.61463
0	-0.0101313	0.0457103	263262	254783	3.31613
0	-0.0179219	0.0110664	257490	255748	2.75882
0	0.0251988	0.25501	247500	78065	-0.393239
0	0.0193612	0.235278	249804	135960	-0.0359702
0	0.0506894	0.197647	246490	190796	1.25041
0	0.0149576	0.150069	233816	206542	-1.15771
0	-0.0152475	0.1118	233084	218655	2.83839
0	-0.0100501	0.100351	253328	246247	1.90176
0	-0.00251802	0.0248441	248086	244719	2.01481
0	-0.00146432	0.0159284	243258	240255	5.01249
0	-0.00169791	0.027297	241564	237853	-2.28774
0	-0.0157458	0.215108	225334	21935	0.854269
0	0.0452527	0.233076	245732	55425	0.434967
0	0.0191152	0.208644	235760	66015	3.17517
0	0.0201067	0.185468	245348	81475	-4.60955
0	-0.000276402	0.21314	246234	91207	2.65321
0	0.0551676	0.176386	237212	92077	-6.38835
0	0.0503543	0.131828	213732	88784	-4.59093
0	0.0194028	0.103343	250340	114271	-7.89648
0	-0.017462	0.0892571	234958	103649	-4.73177
0	-0.00393118	0.275982	225890	40300	-0.517887
0	-0.0201121	0.236107	262206	99749	4.26491
0	-0.0364528	0.222927	240986	115365	0.833383
0	-0.00391695	0.223994	211202	107505	-5.59006
0	0.0167936	0.144341	221568	136655	5.37513
0	-0.00402274	0.144673	250208	165568	-3.70032
0	-0.0182774	0.101228	225486	148585	0.369992
0	-0.0114406	0.055132	248108	175695	-5.50496
0	-0.0118176	0.0509376	239014	165405	0.58556
0	0.0343809	0.271229	234878	58409	0.561612
0	-0.0233501	0.217405	225750	120262	2.13896
0	-0.0334802	0.18229	240392	153054	-0.0096869
0	0.0132772	0.147266	233628	166999	0.139427
0	0.0288891	0.109646	254066	201610	1.01657
0	0.0119689	0.109011	242792	190568	-2.41453
0	-0.0320925	0.0436083	246046	207927	-1.18074
0	0.00150973	0.0349969	257846	217397	-3.36886
0	-0.0301505	0.0376174	252060	218853	-3.67234
0	0.0110851	0.230137	239910	75349	-0.398254
0	-0.029516	0.242305	260774	141597	1.55829
0	-0.022348	0.220935	244500	169336	0.0469279
0	0.00923384	0.153071	238934	187288	-1.04447
0	-0.0460607	0.107079	233252	197216	8.41179
0	-0.00552741	0.0750927	235526	212632	7.12619
0	-0.0439779	0.0576267	249168	228832	10.1788
0	-0.0229435	0.101853	231668	205899	-0.091095
0	-0.019168	0.0434168	243924	226390	-1.66286
0	0.0403065	0.255379	253482	83273	0.11332
0	0.0409446	0.177189	231896	140064	-2.9539
0	-0.0183531	0.159937	248872	190818	-1.90286
0	0.0437293	0.202724	252498	211016	-1.77285
0	-0.0123991	0.146188	245634	212888	1.84009
0	0.00621702	0.123215	238554	212956	-3.30668
0	0.0137455	0.0570915	240952	229054	-9.6157
0	0.0462416	0.0442258	243940	233877	-2.19437
0	0.0364246	0.0514935	226282	217017	-7.45816
0	-0.00692085	0.211918	235248	83423	0.304191
0	-0.0416712	0.242504	227408	147143	1.4122
0	-0.000387358	0.165504	254452	205061	-0.251242
0	-0.00535735	0.130311	244684	213577	4.27404
0	0.0120767	0.119256	228126	205457	-1.32061
0	-0.00862026	0.0769254	245078	232918	-1.96287
0	0.00951877	0.0769526	241986	228566	2.65076
0	-0.0294359	0.0767825	251966	241641	-2.60108
0	-0.00354578	0.0104564	245508	242207	-0.488061
0	0.0124189	0.277349	247060	73075	-0.221416
0	-0.0151302	0.20748	243968	148920	-0.025123
0	0.000669824	0.195714	235424	184318	-4.00255
0	-0.00832341	0.17141	235824	205493	-0.790589
0	0.0209066	0.110761	218056	200684	-2.97414
0	-0.0477894	0.0745339	234602	224373	0.65396
0	0.0109097	0.0597019	238740	229396	2.57397
0	-0.0148641	0.0565028	244558	237575	-3.14216
0	0.0287266	0.0370938	250376	246214	-1.4279
0	-0.00282409	0.229841	248378	88115	-0.0825868
0	0.0364498	0.233601	239722	157383	1.92262
0	0.00924852	0.193735	226306	167268	-0.448624
0	-0.0258644	0.113258	239770	214065	6.8272
0	-0.0454219	0.129609	248264	231565	2.60543
0	0.0175414	0.0631205	247192	239418	4.99081
0	0.0486525	0.0419391	246240	238855	0.0753451
0	0.00449706	0.0456443	250646	244906	-1.96809
0	-0.0202237	0.0334363	245122	241165	4.46975
0	-0.0245765	0.209028	230204	71876	0.268544
0	0.0287724	0.222741	232156	140406	-0.306283
0	0.0305781	0.179409	245640	195137	-1.06431
0	0.00473627	0.0999766	251942	233963	-0.311665
0	0.0509238	0.0987181	256400	237284	-1.74504
0	0.0230673	0.0719333	243858	236609	-0.983378
0	-0.00978723	0.0355346	245184	240465	2.5075
0	0.0189708	0.0469635	251362	245961	-1.99823
0	-0.00384032	0.0181168	244422	241316	1.4059
0	-0.0324455	0.255468	253660	23522	0.0404753
0	-0.0367691	0.22787	248402	45287	2.23459
0	0.00790656	0.198125	225726	50293	-3.81046
0	0.0354118	0.207259	247678	65484	5.55749
0	0.0531054	0.18249	237134	72321	-4.75064
0	0.041857	0.195353	226472	77090	-3.04581
0	-0.00152097	0.129304	247424	92756	-7.95892
0	-0.0320753	0.121159	237834	86895	-2.90334
0	-0.00115922	0.0904181	232662	91747	-9.70678
0	0.0621237	0.231421	256492	45507	-0.452049
0	0.0112572	0.262558	221540	67038	0.799021
0	0.010138	0.231939	250962	111386	5.17429
0	-0.00041712	0.199797	246314	121999	8.33145
0	0.084701	0.103869	229592	123676	-4.35865
0	-0.000524257	0.1138	237178	132018	-0.227934
0	-0.0305501	0.083519	231174	139552	9.04677
0	-0.012746	0.0464126	249610	154388	-0.235441
0	-0.0119442	0.0804419	236214	146001	0.561227
0	0.0113333	0.208988	253644	58206	-1.79755
0	0.0284392	0.230155	249104	119079	-0.330673
0	-0.0198687	0.188803	244050	145720	-8.3431
0	0.0438564	0.164197	237162	151436	-1.39567
0	0.011845	0.115073	256556	181692	-2.90135
0	0.0216768	0.0782481	258914	193067	1.01521
0	0.0257049	0.0797602	235228	174746	-15.9385
0	-0.0147637	0.078763	257046	192001	0.628691
0	-0.0182168	0.0337864	235664	189529	10.6588
0	-0.037155	0.255575	234884	54990	-0.363631
0	0.0082714	0.235843	246176	131432	-0.00337039
0	0.0301293	0.167291	245840	172817	-4.62168
0	0.0182341	0.201403	257502	191423	3.78418
0	0.0624819	0.102263	250146	198961	-2.97123
0	-0.00671567	0.107261	238376	194767	-2.15542
0	0.0118614	0.0898182	241908	203466	4.56116
0	-0.0206472	0.0910147	246524	210229	12.32
0	0.00515937	0.0419715	258658	229196	4.07196
0	0.0266037	0.226795	241790	72149	-0.351186
0	-0.021008	0.251321	247798	125591	-2.24429
0	-0.062338	0.24762	259588	167999	4.57034
0	0.0296601	0.153293	236582	189706	2.29086
0	0.00477176	0.133844	234306	200422	4.21004
0	0.0189631	0.123747	241576	207998	-0.0656173
0	-0.00104912	0.0512383	231114	213475	-3.30255
0	0.0204324	0.0551635	236720	219273	2.64172
0	0.00143108	0.0351346	255214	241609	8.08332
0	0.0289491	0.247636	241772	80186	-0.243848
0	0.0116458	0.216991	239334	154320	-0.237555
0	-0.0158083	0.180566	240754	180439	4.0073
0	0.0495763	0.155	230540	193748	-1.61076
0	-0.0118955	0.120545	234364	209136	6.36326
0	-0.0148583	0.0841518	238724	225076	8.32067
0	0.0194201	0.0696303	255822	239199	1.40643
0	-0.00952402	0.0391094	260080	249548	-3.89248
0	0.0306151	0.0503874	242638	231527	-2.5255
0	-0.0460359	0.240397	247870	94329	0.209868
0	-0.00388803	0.236584	238926	130028	0.720887
0	0.0187144	0.219309	237658	176530	2.12702
0	0.0136781	0.170021	243582	207235	-0.549138
0	0.00497364	0.147358	245060	221382	3.19481
0	0.0032854	0.0896357	232262	215521	1.2972
0	-0.0559005	0.0754702	240798	225460	2.17513
0	-0.00662454	0.038732	253586	245974	-1.56052
0	0.015055	0.017288	234474	230585	-6.254
0	0.0154468	0.24048	238316	72455	-0.0760857
0	0.0137613	0.232226	239584	155018	1.64945
0	0.0350945	0.22442	234040	179768	-1.64432
0	-0.0151787	0.115402	246660	221235	-0.573118
0	-0.00211514	0.077098	256208	237469	2.15755
0	-0.0346206	0.067868	249600	236972	2.81616
0	-0.0387326	0.0335099	254668	246375	-3.36848
0	0.0488841	0.038934	245764	242333	-4.52756
0	-0.0251838	0.0251227	255272	250253	5.49565
0	0.00390325	0.242319	241044	77387	-0.105306
0	-0.0183451	0.237222	249758	154061	0.0186414
0	0.0585786	0.214605	247952	192039	-0.445901
0	0.0273049	0.140305	234950	204618	-2.61747
0	0.0487592	0.117297	252020	232948	-8.48975
0	0.0398504	0.0815711	252014	238376	0.173688
0	0.0331213	0.0417964	243156	234014	-2.25067
0	0.0039856	0.0363856	254412	247465	4.57009
0	0.0208334	0.0333411	243886	238173	3.85681
0	0.0158455	0.235879	253248	20495	-0.146318
0	0.015882	0.245384	248008	32032	-0.314559
0	-0.0162264	0.205455	242540	49824	-0.493556
0	0.000444932	0.216297	251286	59978	-1.77362
0	-0.0158598	0.221729	248108	62291	-1.01744
0	0.00460641	0.215617	249066	84201	4.9568
0	0.0358236	0.114481	250666	88426	-6.27843
0	0.021742	0.179871	245602	75677	-4.23345
0	0.0806097	0.11441	243944	86405	-6.15629
0	0.000182272	0.265056	247530	29465	-0.00219807
0	0.00074848	0.226965	252988	67277	-0.573234
0	-0.0460253	0.213869	229060	76357	1.18265
0	0.00415545	0.210329	239322	95445	3.7984
0	-0.0181641	0.15412	257718	126403	-5.52964
0	0.00222497	0.163579	220852	114701	-2.31803
0	0.0158387	0.145953	239876	121030	2.01808
0	-0.0518476	0.104939	240682	131173	9.2177
0	-0.0825051	0.0842195	242704	130337	13.2971
0	-0.00618912	0.244784	249496	53384	0.117069
0	0.0347576	0.246865	242790	93143	0.94867
0	0.0036705	0.241056	239842	128754	3.39355
0	-0.00069484	0.176993	255912	140201	12.8957
0	-0.0265822	0.0720821	243058	159653	6.90841
0	-0.0441577	0.148057	248440	167646	2.7441
0	-0.0517516	0.111254	251820	172938	7.82377
0	0.00120099	0.083957	230824	157879	14.6587
0	-0.0134105	0.0406969	256876	182738	-0.195508
0	0.031207	0.225252	230214	54646	-0.206274
0	-0.0143384	0.222082	247976	118272	2.19474
0	-0.0274612	0.188178	239326	150667	3.72217
0	-0.0560133	0.201137	248272	157250	4.29283
0	0.0448303	0.116811	240140	177869	-14.2438
0	0.00670199	0.067875	231092	181095	7.49219
0	0.00293671	0.0768181	238882	191031	0.0352406
0	-0.0225385	0.0708807	244048	194989	1.81345
0	0.0285527	0.0174443	244106	206280	6.16327
0	-0.012237	0.283097	257900	60849	0.0645675
0	0.00489018	0.24909	260670	123064	-0.246135
0	0.00252525	0.186208	222922	158547	1.56993
0	-0.0203045	0.170285	259408	198367	2.97291
0	0.00537313	0.134227	239380	195322	-0.948251
0	0.0252783	0.0654751	234752	201671	-3.59085
0	0.0394501	0.0421525	233658	208633	-4.72384
0	0.0510329	0.0607935	233806	206078	-13.4365
0	0.0110844	0.0496075	254220	230072	7.82895
0	0.0119055	0.227549	254366	83715	-0.107226
0	0.0369398	0.240193	231856	128891	-3.00971
0	-0.0734874	0.177635	250106	193107	2.51098
0	0.0153181	0.129039	234024	189642	4.50725
0	-0.00171632	0.0978965	249598	221829	-0.598531
0	0.00911676	0.0722559	243488	219976	5.97654
0	-0.0531815	0.0373031	249532	230241	-6.52385
0	-0.029696	0.040095	245092	228368	-6.48424
0	-0.017226	0.065121	247062	230603	6.43212
0	0.0180868	0.219241	239038	78996	0.219218
0	0.0175461	0.253192	250108	138321	-1.95586
0	-0.0326246	0.161286	237760	186869	0.577123
0	-0.0220329	0.141225	243282	205499	2.726
0	-0.0126071	0.109329	233404	203626	0.263948
0	-0.0212394	0.109448	241010	221707	1.92489
0	-0.00756134	0.0805678	235032	220187	0.608303
0	0.000188498	0.0478365	247058	237351	2.09673
0	-0.0048501	0.0362435	235306	227963	0.128831
0	-0.0250838	0.241987	247198	81940	-0.204171
0	0.00771618	0.225579	251824	148222	-1.11635
0	0.0798783	0.226244	259098	195646	-4.3882
0	-0.0102228	0.171175	225994	186536	-1.14625
0	0.00305068	0.116299	241382	218940	2.96611
0	0.0504565	0.0789813	225246	214582	1.69168
0	-0.0036401	0.0434018	240580	233042	0.57403
0	0.0515559	0.0330319	232764	227009	3.52067
0	-0.062992	0.0191773	250736	246960	-3.47583
0	0.047283	0.229944	248478	79635	-0.0939512
0	-0.0267627	0.250214	247566	153160	0.70939
0	0.023545	0.184593	242516	191772	-0.861759
0	0.0157427	0.127298	243860	215786	0.956127
0	0.03018	0.115941	230684	208571	2.90714
0	0.0156403	0.0869577	255500	237299	5.41434
0	0.0150774	0.0311129	235376	227372	-1.05122
0	0.0190179	0.0224203	259144	253489	3.06722
0	-0.00517197	0.026649	244660	239735	4.28556
0	-0.0180498	0.247266	248272	16849	0.0425069
0	0.0187968	0.231167	242906	34654	0.720442
0	0.063037	0.264403	240248	47864	-1.84912
0	0.0771849	0.208815	237126	54175	-7.82832
0	0.00139882	0.169617	245794	61947	1.1864
0	-0.0548651	0.199291	242592	62314	0.106196
0	-0.0182017	0.153785	232774	62393	2.62423
0	-0.0111673	0.131964	248422	75776	6.60529
0	0.0285164	0.122728	240702	74278	-1.48588
0	0.0362704	0.253154	251224	31889	-1.02914
0	0.0411223	0.234464	256466	77864	1.02665
0	0.0511972	0.220947	235972	82082	-1.45678
0	-0.0497106	0.188534	244398	99157	10.4956
0	-0.0404294	0.162512	248466	108766	10.6963
0	0.00830886	0.182517	228056	96904	3.34707
0	-0.0528473	0.131356	254696	135289	12.6316
0	0.00633517	0.0706392	247736	131796	-0.512251
0	-0.0565123	0.0593348	245570	122685	8.71779
0	-0.00722253	0.306547	251554	40587	0.539076
0	0.0171767	0.243959	245636	76014	-0.134103
0	-0.0232513	0.229906	248910	108569	2.79285
0	-0.00191122	0.181176	238962	121517	9.03336
0	0.0186179	0.154149	247522	144853	3.14278
0	0.0646899	0.136911	247312	147394	-11.0956
0	0.00851523	0.120124	233238	142955	0.265157
0	-0.00965098	0.0925086	249768	155443	-5.1009
0	-0.0170449	0.0559959	253098	164750	-17.0995
0	-0.0269991	0.254091	254002	53101	0.0433656
0	-0.0286442	0.261713	249776	112841	-2.18096
0	0.0348353	0.240856	235216	123940	-2.28433
0	0.0510761	0.176242	234902	139051	-4.24415
0	-0.00720093	0.135014	255186	176934	13.1777
0	-0.0182808	0.122471	245642	176059	-3.51636
0	-0.0191091	0.0762492	252772	193049	1.91004
0	0.0144981	0.0366404	239750	189214	3.67515
0	0.000975395	0.0366629	239612	187097	6.76908
0	-0.0291867	0.276163	246658	63460	0.510047
0	0.0214026	0.223807	238678	100659	0.730177
0	0.025393	0.239994	257300	162050	-0.135203
0	0.00864381	0.109744	230666	185857	-5.04799
0	0.0744659	0.126355	244622	188636	-1.61032
0	-0.00131376	0.101893	232248	188009	0.890315
0	0.0451761	0.107063	238350	200802	-2.86121
0	0.0109075	0.0544558	244412	206861	-6.53944
0	0.00275214	0.0266631	240798	210552	0.316821
0	-0.00198858	0.227132	233266	77566	0.390399
0	0.0100535	0.196992	233516	119848	3.26583
0	-0.00528052	0.205618	231572	150343	5.09232
0	-0.0153315	0.15435	248388	186279	7.23063
0	-0.0122681	0.105384	246846	211437	3.0193
0	0.0104818	0.0760547	254588	221300	4.74886
0	-0.0437303	0.0653104	252628	224657	3.2332
0	-0.0118455	0.0842216	257294	223366	12.9657
0	0.034896	0.0310917	255854	236917	-7.0635
0	0.0209864	0.235466	250724	80538	-0.227099
0	-0.00110569	0.244595	240760	129631	2.24409
0	-0.0167016	0.214483	239484	171408	-5.63773
0	-0.0269784	0.156877	240362	205922	11.0646
0	-0.000162763	0.128226	236420	207914	1.20139
0	-0.0136143	0.0728094	250902	228904	4.37544
0	0.0259462	0.0912588	258862	237791	-8.40393
0	-0.0398015	0.0201958	240780	227659	9.41898
0	-0.0174209	0.0681582	238298	221072	9.80087
0	0.0262528	0.247288	247962	70147	-0.349477
0	0.00734274	0.255562	247146	122486	-1.06057
0	0.00124392	0.17188	238326	189313	1.82426
0	-0.00556478	0.186391	221054	187602	-0.667977
0	0.0272896	0.0945188	229668	209140	-9.04552
0	0.000972576	0.0746221	241880	227445	-3.11683
0	0.0275821	0.0498222	239624	224826	0.888455
0	-0.0199111	0.0294393	255338	246450	-0.999162
0	-0.0244717	0.0262581	254816	247334	1.76009
0	-0.00185775	0.258621	241284	70915	-0.148487
0	-0.0330697	0.204564	231784	145162	0.881282
0	0.00311762	0.204619	253372	189901	-0.0540054
0	0.00874869	0.114422	251642	213977	0.0699934
0	0.00462598	0.117884	240290	215077	1.69657
0	0.0505604	0.115145	265300	245450	1.21082
0	-0.0111875	0.0456308	250002	240957	2.93493
0	0.0143468	0.0775337	242154	233543	3.07202
0	0.0475093	0.0170351	224666	219585	-2.8837
0	-0.0421192	0.276893	243406	16308	-0.120542
0	0.028307	0.221485	258546	28300	-0.634951
0	0.0320433	0.241497	235504	35510	0.978112
0	-0.0311753	0.209878	248894	53851	1.69517
0	0.0288371	0.21662	240034	49279	-7.71031
0	-0.00744531	0.228687	246224	57612	0.589272
0	-0.0217964	0.121827	244780	62847	-2.25143
0	-0.00500535	0.154945	246782	59229	-5.48597
0	0.00979239	0.142135	238222	68075	1.55906
0	-0.0113945	0.270629	256296	30020	-0.508756
0	0.0360928	0.266613	250742	41964	-0.0143201
0	0.0102578	0.253121	247046	72411	0.188173
0	0.0220907	0.172879	243306	90875	-8.82272
0	-0.0475566	0.11693	254168	106429	10.2933
0	0.0106824	0.166583	240532	106748	-0.764225
0	-0.0440115	0.138934	240780	109896	-14.4902
0	0.0428046	0.0817354	246488	113911	-15.0816
0	-0.0437617	0.108651	240182	110096	10.4195
0	-0.0200911	0.254659	247782	33552	-0.433016
0	0.0142555	0.259325	252988	82187	-0.226044
0	-0.036276	0.184804	231898	99403	1.62845
0	0.0200973	0.153154	235026	125787	-2.6641
0	-0.0435485	0.175261	250168	128100	0.999828
0	0.0164765	0.0924452	257872	146514	-5.97346
0	0.0155731	0.0945475	240180	143838	-2.60725
0	0.0322963	0.0442437	251824	158014	-5.12795
0	-0.0456535	0.0377375	257738	160597	2.27804
0	0.00211127	0.258242	239092	34768	0.102758
0	0.0119316	0.214623	248938	106409	-1.85079
0	0.0257872	0.23197	248062	118530	-2.13351
0	-0.0140816	0.122448	242610	153047	10.1245
0	-0.0940469	0.121518	254852	168191	16.0891
0	0.0279038	0.11701	246910	169579	9.5326
0	-0.0177668	0.052047	253634	183105	2.00477
0	0.040799	0.0567004	239904	175589	-5.44059
0	-0.0307858	0.0342413	245642	184276	7.04515
0	0.0106208	0.253713	255086	74435	-0.14983
0	-0.0086042	0.228848	245260	103777	2.61152
0	0.0369459	0.253235	256218	127714	0.497364
0	0.0220385	0.2208	241366	162567	-7.03942
0	-0.104585	0.161328	250190	176175	7.06015
0	-0.0202835	0.0821221	246544	194349	-10.317
0	-0.0239247	0.0987878	247284	191266	-6.09515
0	0.00738106	0.0586416	250886	201869	-7.3723
0	0.0251655	0.0151667	248458	205120	2.40399
0	0.00569617	0.235142	258728	62288	0.331255
0	-0.0639727	0.231512	250498	121352	-0.570069
0	0.0237378	0.175227	248904	179065	-0.679742
0	-0.0391561	0.178409	238150	176219	3.38967
0	0.00834205	0.0841893	245738	204877	-8.80792
0	0.0433311	0.11133	237796	193913	2.82703
0	-0.0348541	0.0676745	235186	202744	-3.00712
0	-0.00968707	0.0375971	253918	223903	-4.63195
0	1.91369e-05	0.0188306	242560	218403	3.39132
0	0.00787143	0.217298	236368	59205	-0.712566
0	0.0131892	0.261903	240850	110064	0.878939
0	-0.00892032	0.219071	243014	160755	0.949392
0	-0.00481361	0.192273	252118	190226	-0.830427
0	-0.0256166	0.131942	239270	193968	-0.101415
0	-0.000360327	0.0785677	238290	212075	-3.80846
0	-0.0317955	0.0577626	241032	217169	-1.601
0	-0.0261981	0.0448186	246252	224217	1.00149
0	0.0304262	0.0470582	251084	231332	-3.67847
0	-0.0226694	0.275976	242130	60197	-0.439451
0	0.00300365	0.252666	254580	135534	-1.18642
0	0.0967247	0.166462	255110	197148	-7.34697
0	0.015014	0.125762	248780	206525	-10.9376
0	-0.0622545	0.151015	238506	205586	4.79503
0	-0.00227809	0.0908285	243404	216333	6.21821
0	-0.0367416	0.062602	235006	215819	5.7056
0	-0.045864	0.0339372	248344	235294	7.37037
0	0.0371884	0.0163483	246588	235565	0.579878
0	-0.0130055	0.241718	241950	65297	-0.0597573
0	0.0466885	0.218359	247190	139096	0.240334
0	-0.033973	0.204656	235962	168519	1.2142
0	0.036103	0.149858	249060	208032	-0.26315
0	-0.0083639	0.0906442	230076	209491	-0.444448
0	0.00956114	0.138086	259806	233030	-0.308637
0	0.00723711	0.059932	246454	233229	0.094474
0	-0.0286667	0.0167329	244844	238947	3.56208
0	0.0155804	0.0441104	239522	231369	-3.72054
0	-0.0171373	0.26054	246666	6598	0.02638
0	-0.0516919	0.267185	261898	20840	-0.362066
0	0.0146111	0.27451	242372	29174	0.792426
0	-0.0329726	0.225683	245912	36309	6.47348
0	-0.0363364	0.245711	233498	60538	-1.55899
0	0.0170142	0.185209	238604	45404	0.579352
0	-0.0887715	0.169795	247576	50158	-0.713048
0	-0.0224379	0.136482	252788	61446	-9.872
0	-0.0173409	0.0833456	241940	58384	6.5419
0	-0.000936159	0.217495	253348	27907	-0.0163241
0	0.00619378	0.24766	250888	41583	0.841368
0	0.042636	0.244928	249940	58543	-0.748769
0	0.00805357	0.235242	253222	85394	-1.47265
0	0.0158416	0.154083	233478	85549	-3.94026
0	0.00936685	0.130015	249218	103305	-1.31986
0	0.0432795	0.107821	238740	104632	-2.81267
0	0.0291542	0.0773688	241936	105032	-12.4734
0	-0.00542014	0.0518122	258950	109859	0.936972
0	0.0370717	0.255307	240592	42355	0.384973
0	0.000514646	0.207763	249818	68655	-2.89949
0	0.0430497	0.251761	244332	75072	-1.62602
0	-0.0388204	0.167228	242554	112708	1.03446
0	-0.0222136	0.098812	250286	124420	0.852419
0	-0.0589729	0.125841	248538	133447	18.602
0	-0.0282057	0.0862883	241946	131773	8.98925
0	-0.0747424	0.0774968	251322	141652	13.9277
0	-0.0534161	0.0168405	240716	143413	15.3008
0	-0.0021774	0.26009	256216	49075	-0.277701
0	-0.00180295	0.243769	254340	95621	0.914419
0	-0.00188323	0.1932	247886	125108	-3.06442
0	-0.000138858	0.21212	240566	130971	-5.75832
0	-0.0335823	0.161014	237416	140996	4.86616
0	-0.0166931	0.0967676	233564	147313	-6.74619
0	-0.011139	0.128314	240174	154908	0.118007
0	-0.0312357	0.0656137	261498	183846	0.16052
0	-0.0339967	0.0396084	253346	177538	12.2495
0	0.0435668	0.229147	243134	57054	0.308033
0	0.00625076	0.236919	249434	109659	-1.85404
0	-0.000413036	0.213671	253968	138811	8.74596
0	-0.0182591	0.203182	232402	138521	8.08522
0	-0.0106711	0.167428	246216	161967	-0.834091
0	-0.0300684	0.128361	237566	171225	5.52867
0	0.00561748	0.0985167	222106	165568	-7.69943
0	0.0314791	0.0502721	217854	169334	0.0807542
0	0.029652	0.0172138	246970	197719	0.131093
0	-0.0373352	0.268431	246360	57409	0.248134
0	0.0102997	0.249618	236428	97182	0.090958
0	-0.00876641	0.223632	254968	146621	-1.13594
0	-0.01823	0.166011	255040	182333	6.72043
0	-0.00670189	0.152952	259532	197054	3.92677
0	-0.00384797	0.0496913	248114	206583	-1.58751
0	-0.0707594	0.0994072	244284	198398	1.97193
0	-0.0200251	0.0319922	250784	215390	1.53132
0	0.0171604	0.0247469	246538	214867	-5.12001
0	0.0329638	0.263635	256136	74448	0.132062
0	-0.026431	0.2366	249858	114836	0.991972
0	-0.0476657	0.249529	262536	170544	-0.0599928
0	0.0285228	0.154712	245772	188644	-2.94709
0	0.0624278	0.139124	241906	193709	-28.8969
0	-0.0342076	0.0828293	245406	210001	5.83163
0	-0.0491318	0.0470259	242274	217005	-2.05411
0	0.0185763	0.0335518	234128	212130	0.0324596
0	0.0614711	0.0123702	241082	222235	-3.46013
0	-0.0141319	0.214965	246388	65703	-0.301098
0	0.0189515	0.232444	253248	145469	-3.16509
0	-0.0110682	0.18398	249614	166613	0.247149
0	0.0550638	0.138801	232410	189375	0.659662
0	0.0233799	0.0998353	253646	214920	-3.59319
0	0.00872786	0.0906997	237820	209045	6.91475
0	0.0212738	0.0792132	233924	209065	-3.60855
0	-0.00817714	0.0498267	253200	230408	-2.17442
0	-0.00757494	0.0200946	234170	221328	-0.692178
0	0.0179028	0.260646	241716	81997	0.441689
0	0.0130613	0.284232	245688	105270	-0.131835
0	0.0212033	0.216823	249268	184162	-1.55866
0	-0.0334241	0.178591	246788	197024	-2.22565
0	0.0312072	0.0929883	250616	226215	2.58933
0	0.0042504	0.139209	238036	210903	2.65266
0	0.0310234	0.0530254	237718	221862	-5.88279
0	0.027462	0.0340179	243130	230082	0.581141
0	0.0102067	0.0262579	238692	228032	4.51407
