0	-0.0392286	0.250287	274284	32013	-0.00759662
0	0.0238915	0.23534	274290	91960	0.504778
0	-0.0223941	0.200921	270296	147981	0.212671
0	0.0182519	0.19463	280272	177927	0.0405327
0	0.0755069	0.206844	270328	182037	-0.779223
0	0.00953558	0.192469	290238	225989	-1.01798
0	-0.0294284	0.197268	272262	229989	0.171767
0	-0.020438	0.165223	270262	242041	0.544958
0	-0.0283701	0.0968325	280278	268118	-0.741293
0	-0.0232157	0.287528	284240	37994	-0.000488804
0	-0.0125371	0.267548	284238	85937	0.22928
0	-0.0128018	0.221009	272270	119945	-0.712337
0	0.0581625	0.208064	284250	179909	0.179085
0	0.0272306	0.236772	276296	179954	-0.131451
0	0.0486263	0.200959	278290	200042	1.90864
0	0.0189608	0.199575	272288	235960	-2.17401
0	-0.0114679	0.171177	288216	261974	0.983
0	-0.0149547	0.147198	272274	254095	0.00385543
0	0.0121235	0.237683	270314	41986	0.0316079
0	-0.0047727	0.228482	282248	75989	0.260871
0	-0.0112077	0.249212	286270	135914	-0.280628
0	-0.0296868	0.202746	276328	156022	0.150382
0	-0.0195793	0.23413	274248	177937	0.523384
0	-0.0218877	0.211198	280266	225958	0.921831
0	0.0284399	0.16786	268310	234069	1.16255
0	0.00741598	0.11385	286226	274017	1.57984
0	0.00515081	0.124615	276278	264141	0.990112
0	-0.0155304	0.232881	276234	40013	0.0156638
0	-0.0264322	0.277344	278282	72028	0.130877
0	-0.00493976	0.257679	284242	114014	0.0404328
0	-0.0377715	0.224302	278248	169949	0.0261831
0	-0.0110899	0.189692	276256	197959	1.64827
0	-0.00621941	0.158588	284260	218071	0.238274
0	0.0525711	0.152645	280266	244058	-0.0381414
0	-0.0141152	0.160449	266322	242118	-0.189343
0	0.00951871	0.135823	280284	262105	1.10628
0	0.0211845	0.26701	278266	55931	0.0924739
0	0.00605606	0.223277	272282	64036	-0.013072
0	0.00237985	0.267705	264332	123970	-0.148144
0	-0.0154632	0.22975	280232	161923	-0.375612
0	0.0469883	0.199203	270290	172070	-0.296255
0	0.0383772	0.192863	270304	192144	0.167669
0	-0.0271213	0.157241	280276	240056	-1.92732
0	0.0200859	0.167524	264306	238070	0.114056
0	0.0154652	0.103145	276292	256169	0.577608
0	0.0127015	0.29736	280284	39953	0.0422671
0	0.0321619	0.242749	278268	73991	-0.000952934
0	0.0154933	0.265227	280240	114007	0.192557
0	0.00221166	0.214661	278256	161957	0.619925
0	-0.0212588	0.226038	270314	179974	1.87923
0	0.037279	0.219284	288236	229938	1.32599
0	-0.000939875	0.194128	282266	245994	-0.632828
0	-0.0164354	0.13512	280224	244085	0.475155
0	-0.00148557	0.0967258	276274	268114	-1.77976
0	-0.00502611	0.258292	288218	24049	-0.0394829
0	0.0175803	0.268562	274302	64004	-0.357335
0	-0.00493739	0.256983	288222	131934	0.413825
0	0.0544597	0.204196	286236	165976	-0.0514312
0	0.0306079	0.209132	272300	195989	-0.812352
0	-0.0250907	0.201956	270282	206042	0.505491
0	0.0192701	0.151007	286228	250028	-1.44617
0	0.0289558	0.184215	288236	252031	-1.07252
0	0.0180271	0.131013	278258	254142	-1.79283
0	0.0321431	0.25656	286224	32017	-0.141511
0	-0.0175517	0.221528	274284	58069	0.105859
0	-0.00271412	0.283648	278276	117947	-0.36638
0	-0.00537912	0.274661	262346	141937	0.327753
0	-0.0128371	0.209721	278268	185975	0.139272
0	0.0592488	0.196336	272280	204006	-0.758642
0	0.0521544	0.170247	262350	238060	0.667899
0	-0.0737941	0.172534	270334	242065	-0.896061
0	-0.00300537	0.110164	286226	264117	-0.0962433
0	0.00495795	0.256706	284230	39990	0.0750939
0	-0.0306082	0.222958	272300	82004	0.483175
0	0.0192698	0.288524	278274	113925	0.776081
0	0.0140994	0.239287	280252	155941	0.346716
0	-0.0617436	0.180216	286226	184043	-1.23513
0	0.0200464	0.194846	286250	218005	1.13235
0	-0.0168398	0.200765	280234	222032	1.81065
0	0.00452465	0.161865	280244	255986	-0.973512
0	-0.0290167	0.0945813	284214	278064	0.246855
0	0.0439386	0.2378	278284	33998	-0.0984135
0	0.0249341	0.254324	278230	95919	0.100147
0	0.0302084	0.256963	278274	131886	-0.165822
0	0.00874109	0.246999	272300	157905	0.810835
0	-0.0537772	0.221899	270284	187981	0.617883
0	0.0167636	0.183628	278270	217992	-1.45961
0	0.0100059	0.165818	270320	232063	-3.61529
0	-0.0162847	0.180802	276264	238050	-0.998916
0	0.0475822	0.114538	286222	270029	1.21056
0	0.0284421	0.242648	276240	43981	0.040746
0	0.0531996	0.249069	276276	87948	0.0795985
0	-0.0488548	0.207757	282230	153876	-0.845603
0	-0.00841424	0.236622	288264	153995	0.572871
0	0.0592025	0.228616	278252	195947	0.024203
0	0.0107908	0.14924	288212	220022	-0.893308
0	-0.0124293	0.168726	280236	232049	1.66037
0	0.0211112	0.141568	276304	252090	0.131624
0	0.0589355	0.140497	272272	258095	-1.26356
0	-0.00182218	0.228806	276276	51964	0.00371321
0	0.000498407	0.270747	290206	73966	-0.227104
0	-0.0124553	0.23802	278220	123898	0.336186
0	-0.017724	0.216214	276244	157989	-0.228787
0	0.0285557	0.240699	288172	193905	0.310565
0	0.00544917	0.231524	276262	215979	-0.251813
0	-0.0618257	0.145197	274306	234067	2.40999
0	0.00997645	0.108437	266330	254127	-1.95099
0	-0.0703932	0.14907	280262	258106	0.672795
0	-0.00759172	0.281175	284250	35987	0.0884344
0	-0.0137816	0.260379	284256	73992	-0.0860033
0	-0.00536679	0.233205	280276	139933	0.235726
0	0.0143118	0.216597	284276	185961	0.301649
0	0.059622	0.220563	284264	178017	0.689937
0	-0.0292226	0.171348	278276	230006	-0.992662
0	0.0157603	0.187244	276260	228061	-0.765932
0	0.0274406	0.149856	282246	258065	-0.421941
0	-0.0043398	0.104584	284240	266099	1.42036
0	-0.00224936	0.266523	264304	32013	0.0483503
0	-0.01033	0.234774	268302	79998	0.303065
0	0.0217352	0.205292	270264	104026	-0.19453
0	-0.00969365	0.226852	284260	161966	0.715928
0	0.00720186	0.1996	270294	187970	0.171837
0	0.016418	0.197886	264308	196068	-0.602336
0	-0.0179453	0.171294	284274	234022	-0.308845
0	0.00934779	0.126687	282244	262069	-0.465445
0	-0.0342988	0.137078	272302	256118	1.77502
0	-0.0465899	0.269554	290216	51956	0.136382
0	-0.039195	0.243872	286246	95960	-0.0799456
0	0.0190965	0.242998	272284	123925	0.189977
0	0.0306899	0.228858	282246	155970	-0.171934
0	0.0129447	0.222087	270304	199962	0.110477
0	-0.0242902	0.210763	270278	204001	0.270896
0	-0.0134569	0.137881	276286	238123	-0.859936
0	0.0414089	0.13348	270304	240124	1.34209
0	-0.0563553	0.121774	282254	264076	1.52817
0	0.00322185	0.203601	280268	58000	0.0927594
0	-0.0186063	0.260672	278248	97907	0.155567
0	-0.0441194	0.251986	262344	135883	-0.147702
0	-0.0144341	0.230603	262322	149980	0.605038
0	0.0185544	0.21527	274292	200006	-0.906148
0	0.0284483	0.178654	278266	215998	0.14236
0	-0.00936206	0.163339	282274	242027	-0.683948
0	-0.0133988	0.153309	280234	256031	-0.91539
0	0.0174956	0.103045	292200	270095	-0.459857
0	0.0049479	0.261945	282248	47989	-0.0373541
0	0.0623528	0.232679	286222	97903	-0.178634
0	0.0050794	0.22831	280264	141951	-0.0459974
0	-0.00346692	0.212085	276280	144016	0.759224
0	-0.000768536	0.180415	282232	200017	-1.25096
0	-0.00264523	0.171775	284236	212037	0.187169
0	0.0327009	0.171583	274288	244014	-0.46852
0	-0.00473047	0.139179	268300	250072	-0.925508
0	-0.0195901	0.113251	266326	254147	-1.17711
0	-0.0176013	0.284216	280284	35997	0.0478882
0	-0.0397445	0.236413	272304	89955	0.314791
0	0.0163852	0.244998	266282	125993	0.198421
0	0.0194465	0.276735	276290	139979	0.203937
0	0.0255583	0.24129	278276	191902	1.36904
0	-0.0207682	0.200827	272274	221947	1.18117
0	0.0193381	0.195048	268290	224024	0.797169
0	-0.00257563	0.122834	276266	262073	0.0437141
0	-0.00440716	0.119148	276226	258096	-0.32193
0	-0.0111789	0.259512	280262	36017	0.0393584
0	-0.0332483	0.250198	276262	66031	-0.186812
0	-0.011254	0.219075	274284	129953	0.332659
0	0.0427987	0.24836	266322	140055	-0.640849
0	0.0241547	0.204188	276290	164109	0.322142
0	-0.0278232	0.188326	282208	219993	-1.22595
0	0.0354636	0.131835	282260	252075	0.00261461
0	0.0108479	0.146919	272246	248044	-0.751815
0	-0.0402376	0.0999476	284252	272111	-1.59642
0	0.0291647	0.261613	272306	29999	0.0655656
0	-0.00931632	0.225277	278270	76070	0.217497
0	-0.0177648	0.219386	260338	116019	-0.391683
0	-0.00569697	0.233176	278256	144012	0.0263032
0	0.021821	0.195948	274298	182083	-0.31795
0	0.00570112	0.1782	266286	218032	-0.481728
0	-0.0249067	0.136825	280212	236056	-1.72004
0	0.00465153	0.144718	282212	252021	-1.06512
0	-0.0227595	0.126342	290200	270056	-0.254416
0	0.0507427	0.237524	282250	47945	0.01817
0	-0.00935386	0.249322	282242	95926	0.168777
0	0.0175128	0.233514	282230	145918	0.38124
0	-0.0262834	0.257523	286228	177815	-0.342534
0	-0.00592807	0.226594	288214	179982	-0.00484386
0	-0.036998	0.204324	274296	206026	1.37068
0	0.0282174	0.13815	272274	234104	0.507839
0	0.00835648	0.149966	282242	260041	-0.845106
0	-0.00708962	0.0933448	274264	260149	0.194793
0	-0.0304085	0.270098	280242	41979	0.005776
0	-0.0260364	0.255547	274288	77996	0.0432718
0	0.0103351	0.218905	288246	110017	-0.115486
0	-0.0333881	0.274329	252374	132032	-0.203485
0	0.0161482	0.236818	266268	175957	0.0825084
0	-0.0164327	0.200279	286242	235914	-0.801246
0	-0.0480304	0.204985	258336	218075	1.04243
0	-0.0169775	0.118232	290244	262110	1.19015
0	-0.0171334	0.136914	288190	260075	-2.11329
0	-0.0237394	0.250873	284238	55934	-0.0297832
0	0.00496712	0.282742	274270	77953	0.0129427
0	-0.0353701	0.241679	282260	145920	0.267376
0	0.0154386	0.198329	286164	171883	-0.491473
0	-0.0291803	0.292889	278306	177922	0.68023
0	0.0647334	0.17104	272306	215998	-0.248945
0	0.024418	0.156288	284266	244033	0.629606
0	0.0606028	0.159809	278272	240093	-2.62434
0	-0.0367581	0.115032	280244	262079	-0.0497076
0	-5.38843e-05	0.232467	282262	44016	0.0795909
0	-0.0534507	0.259632	270308	68000	-0.0967499
0	-0.0388942	0.236441	276290	123983	-0.302021
0	-0.0359992	0.214709	286222	163987	0.072277
0	0.00108395	0.217752	284184	185925	0.244537
0	-0.0048662	0.186633	280264	206071	0.888228
0	-0.0150814	0.188348	274264	224048	1.01626
0	-0.0128719	0.175489	278266	242035	-0.884367
0	-0.0161487	0.142887	278250	250094	1.25942
0	-0.0200182	0.252082	274262	41985	-0.116937
0	-0.0062024	0.260877	284230	83944	0.070887
0	-0.0329404	0.2738	272282	108032	-0.0595547
0	0.00259243	0.229817	280248	156018	-0.0675519
0	0.0307874	0.235448	280254	187963	-0.990161
0	-0.0253442	0.17044	268286	210014	-0.860644
0	-0.01093	0.221898	274306	216011	0.623392
0	0.00530582	0.0990315	274284	258108	1.01025
0	0.0148989	0.129484	270318	246157	-2.40048
0	0.0202656	0.262582	280256	42001	-0.0631215
0	-0.0105804	0.230877	282220	81975	0.00775922
0	0.0500358	0.271797	278232	99986	0.343749
0	0.0212562	0.247281	274322	157946	0.148687
0	0.0710002	0.222808	272294	192016	0.0640448
0	-0.0416103	0.171895	286218	215958	-0.241299
0	-0.033137	0.182155	288212	238041	-3.52262
0	0.00140002	0.133631	284264	254065	-0.143274
0	-0.00710597	0.0958737	278246	264109	-0.48597
0	0.0243189	0.255586	282250	43984	-0.129269
0	0.0199779	0.247164	276280	62001	-0.220986
0	0.053117	0.242931	274280	125941	0.52212
0	0.00996263	0.21572	280240	155984	0.340795
0	-0.00480938	0.231136	272278	181974	-0.293037
0	-0.00418806	0.19749	286208	207963	0.14315
0	0.00157709	0.193843	280228	241953	0.786278
0	0.0148977	0.14737	282236	254017	0.103878
0	-0.00604681	0.175942	272286	250067	-0.983073
0	-0.0132197	0.217086	282252	34030	0.096439
0	0.0469559	0.231354	264300	86022	-0.0759735
0	0.0320061	0.220446	284226	131986	-0.692097
0	0.00316406	0.210227	274292	163999	0.47326
0	0.00439618	0.217951	276260	197947	1.25144
0	0.0338078	0.207642	276274	206021	0.0196039
0	0.0315093	0.161255	290242	248020	1.06257
0	-0.0021142	0.149171	266302	252067	-1.44136
0	-0.0319684	0.120002	282242	262124	-0.379836
0	-0.00571433	0.277208	282276	43945	0.0170572
0	-0.00624377	0.233389	264288	80008	0.104416
0	-0.0328506	0.250546	280280	120015	-0.24727
0	-0.0212544	0.255439	280266	148045	-0.388828
0	0.0362845	0.207338	280280	178048	-0.472158
0	-0.0135691	0.215275	288210	213953	-0.83641
0	-0.0140965	0.14719	268312	230090	-0.884255
0	-0.0220304	0.122643	284258	268034	-2.32801
0	-0.0169483	0.109033	276294	262118	2.12478
0	0.0361332	0.270318	282258	41984	0.0359318
0	-0.0169434	0.221574	272286	91971	0.216929
0	-0.0336011	0.230522	282254	129962	0.0265835
0	0.0100734	0.216326	266282	165879	1.10056
0	0.034139	0.180264	276288	209983	-0.558408
0	0.00524516	0.185675	280256	210038	-0.397423
0	-0.0376604	0.138019	280234	242020	0.489616
0	-0.00683773	0.13989	274294	240125	-0.864617
0	-0.0398267	0.0984619	282226	276049	-0.769475
0	0.00963814	0.23155	274302	40015	0.0358218
0	-0.0242097	0.255222	282230	83966	-0.0336027
0	-0.0227483	0.260022	282264	125956	0.167018
0	0.00729623	0.234441	280258	163929	-0.46319
0	-0.0164971	0.201044	272300	207909	-0.457285
0	0.0190923	0.162025	282222	214049	-0.259721
0	-0.0126003	0.173183	270314	224095	0.765506
0	-0.019295	0.164401	270312	242099	-1.18565
0	-0.0226051	0.148139	266306	246107	-0.631712
0	0.040811	0.256332	290214	36013	-0.0380206
0	0.0316425	0.201737	270304	101999	-0.163272
0	-0.0246757	0.232186	284264	133965	-0.00606404
0	0.0374238	0.274145	278258	143968	0.118816
0	-0.00822488	0.216132	272270	195919	0.58783
0	-0.00705676	0.199456	276278	206018	0.675456
0	-0.0197069	0.155526	274296	244061	0.420018
0	0.0358363	0.136391	278264	250110	0.927241
0	0.00605556	0.109602	276274	270128	1.65257
0	-0.00602343	0.213119	282246	40016	0.0349635
0	-0.036054	0.251913	270300	80012	-0.272966
0	-0.00166347	0.23322	290192	135930	0.131591
0	0.00947757	0.223335	280248	159901	-0.176431
0	0.0054646	0.230693	280250	171989	0.663029
0	-0.0168756	0.196989	276266	214002	0.513726
0	0.0190958	0.193347	274282	228023	-0.222364
0	-0.0299753	0.165652	280264	256052	-2.43926
0	-0.00198811	0.0954593	278258	262157	-0.955363
0	0.0116997	0.278162	282230	39990	-0.00565654
0	-0.0162988	0.224519	264334	87982	0.325463
0	-0.0133893	0.228842	262298	120019	0.215176
0	-0.0113966	0.241123	276258	155887	0.131374
0	0.0081039	0.216513	282268	198004	0.866669
0	-0.0437088	0.217111	274292	199999	-0.570221
0	0.0203395	0.158178	274272	236065	-0.254973
0	-0.0278224	0.178368	272318	244054	0.745329
0	0.022792	0.0848601	276290	270145	0.352469
0	-0.00286223	0.229976	278272	49969	-0.0711439
0	0.0432555	0.246062	282266	82001	-0.119116
0	0.00629259	0.254167	282232	116001	0.438156
0	-0.00319567	0.195005	282242	152038	0.0265967
0	-0.0400696	0.232029	262324	182010	0.999769
0	0.0308796	0.180521	272310	218069	0.989374
0	0.0499901	0.13834	274290	238090	-0.325925
0	-0.00290056	0.133888	282256	258086	0.251196
0	-0.0109921	0.118926	278256	258125	1.70029
0	-0.0237511	0.210693	264318	32018	0.0209105
0	0.0275536	0.232206	276246	85985	0.0593341
0	0.0278333	0.222521	270300	102017	-0.24089
0	0.00408616	0.221805	274278	171936	-0.116633
0	0.0416811	0.183762	272314	196014	1.02777
0	0.0203507	0.212102	282260	221925	-0.168409
0	-0.00499786	0.143428	278294	256047	1.07069
0	0.0107804	0.150895	276268	250030	0.458904
0	-0.00364698	0.121448	282278	270104	1.3479
0	-0.0326025	0.255227	276240	49965	0.0875652
0	-0.029641	0.227105	280250	82010	0.0961593
0	-0.00407875	0.202818	272288	130009	-0.214863
0	0.0540127	0.21522	268282	161959	-0.022755
0	0.0332755	0.208747	278258	185934	1.19834
0	0.0257356	0.201276	274258	215964	1.79061
0	-0.0326894	0.149647	274256	242049	1.3916
0	-0.0402173	0.124071	272278	234182	-0.460773
0	-0.0347742	0.110796	286248	268118	0.377727
0	0.0602087	0.233039	282240	41983	0.122457
0	0.0132874	0.261957	274296	81992	0.189961
0	0.0258692	0.257358	286246	129959	0.45494
0	0.0291561	0.231491	280252	163937	-0.540528
0	0.0740349	0.159716	284234	207978	-1.15883
0	0.00135474	0.158515	274286	220094	-0.791633
0	0.00414263	0.146995	282284	246072	-1.36104
0	-0.00640923	0.0968649	280252	268087	-2.13646
0	-0.016543	0.12497	284208	260056	1.94087
0	0.00547689	0.210132	288234	34009	-0.0406399
0	0.0273536	0.238484	272238	93932	-0.00499333
0	-0.0488136	0.226326	280280	128031	0.340349
0	0.0373095	0.231484	278268	163982	0.568404
0	-6.95573e-05	0.209961	266330	180012	0.673035
0	0.0243398	0.157939	272258	202024	0.216321
0	-0.0254093	0.141384	286232	254051	-0.604278
0	-0.0157384	0.155915	268286	234090	0.921082
0	0.0222771	0.0981425	290238	280128	-1.48934
0	-0.038162	0.25564	272282	30033	-0.0615354
0	0.00778299	0.245782	278276	76000	0.143152
0	0.0147905	0.212131	286226	135941	-0.0200352
0	0.0290648	0.274349	270284	129975	0.534969
0	0.0570635	0.208517	286198	217875	-1.34571
0	-0.0104624	0.196459	278268	211978	-1.03141
0	0.026779	0.155127	290194	236020	0.085883
0	0.0157575	0.166872	292198	256024	1.39863
0	0.0137114	0.122766	280270	270081	1.50636
0	0.0252573	0.22748	276220	49950	0.0527346
0	-0.0278429	0.261556	278300	87941	-0.193832
0	-0.0484047	0.275486	282220	117918	0.390347
0	0.0340736	0.223301	268294	147965	0.966793
0	0.022301	0.199285	268318	170086	-1.04873
0	0.020668	0.252131	268326	197986	-0.577089
0	-0.00675611	0.122614	290228	246065	-1.59045
0	0.0319732	0.135345	274286	250084	-0.820543
0	0.0277337	0.12143	266310	250165	0.192528
0	0.0284699	0.248876	282240	51953	-0.100093
0	0.0116231	0.241788	276258	107912	-0.230751
0	-0.00280332	0.22766	282234	119914	0.105809
0	0.0450935	0.238076	294172	179882	-0.265912
0	0.00729225	0.245588	280260	193905	0.606923
0	0.0131687	0.203615	274246	205964	-0.087433
0	0.0293106	0.171441	280252	234003	-1.56072
0	-0.026665	0.120736	274296	248146	1.24982
0	0.0210289	0.136783	284242	260090	0.350342
0	-0.045708	0.241625	278294	40024	0.11149
0	-0.00188447	0.246767	288238	79986	0.119817
0	0.0261586	0.266226	276288	137918	-0.106236
0	0.0116611	0.246992	286228	157947	0.0559577
0	0.0185247	0.249354	278260	183947	-0.870496
0	0.00826309	0.196688	274292	202001	-0.196106
0	-0.0439108	0.144373	286218	252027	-1.42176
0	-0.0089158	0.159156	282188	246019	-0.873146
0	-0.000962999	0.115442	286242	274095	-1.44861
0	0.0154556	0.241613	274236	47967	-0.0787083
0	0.0177104	0.243529	274272	84004	0.464722
0	0.0293756	0.263512	274294	131918	0.0713364
0	-0.0189414	0.199427	274272	144059	0.555694
0	0.00496968	0.17352	278256	198030	0.0321057
0	-0.0303715	0.181684	280218	229949	1.54144
0	-0.0448709	0.129381	288216	242051	-1.52699
0	0.0345538	0.16367	276264	244040	-0.228458
0	-0.00681655	0.104988	274284	254172	-0.0145226
0	0.00390594	0.242467	272298	30028	-0.106112
0	-0.0179539	0.247355	282262	81955	-0.0987041
0	0.0588266	0.257757	276236	103979	-0.5203
0	0.0191008	0.214118	278280	163933	-0.156243
0	0.0235102	0.205101	280284	195994	-0.915049
0	0.042952	0.167717	290234	223986	-0.756777
0	0.0311819	0.147535	276284	236062	-1.66888
0	0.0198726	0.147213	288232	258035	-0.196018
0	0.0275621	0.114195	274240	260071	1.83822
0	0.0149823	0.234822	282260	33992	0.112658
0	0.0161842	0.244278	280254	103961	-0.405222
0	-0.0181099	0.203916	278272	120020	0.0715231
0	-0.00826345	0.216696	276296	169944	0.83889
0	-0.0206033	0.227647	270286	170032	0.40562
0	0.0279059	0.213319	288208	217994	-2.03304
0	0.0170741	0.147986	286206	250031	-0.653592
0	0.0130471	0.202124	272268	240009	-1.62498
0	0.059408	0.131218	284254	262080	0.204229
0	3.72294e-05	0.266637	282226	41965	0.0413148
0	-0.00129145	0.232109	264342	81992	0.0387452
0	-0.0418364	0.228079	284232	115929	-0.0740075
0	0.0147428	0.247099	278242	153967	0.622195
0	-0.0395573	0.203484	274290	166049	0.888303
0	-0.0049168	0.197368	280238	231975	-0.1755
0	0.0183831	0.194355	262336	230018	1.25476
0	-0.0186848	0.133468	284272	264115	-0.731119
0	-0.0432402	0.127801	280268	262073	1.51765
0	-0.00610727	0.245177	274296	49972	0.0925141
0	0.0388127	0.252208	284278	83944	-0.267856
0	0.013493	0.256444	274266	129890	0.446793
0	0.0406894	0.246736	264320	118063	0.480462
0	-0.00148854	0.15405	286274	188111	-0.619685
0	-0.0395325	0.210753	272306	210007	1.35653
0	-0.030502	0.183635	284220	236022	1.4489
0	0.0463632	0.177795	282236	257977	1.11004
0	-0.0166979	0.113697	288236	270102	0.790707
0	0.0309721	0.227809	262342	40011	-0.135811
0	-0.00608968	0.235639	278284	81991	-0.279887
0	-0.0145696	0.2182	276228	115977	-0.145289
0	-0.0443412	0.231198	270308	153952	0.7912
0	0.00170743	0.190986	290188	199941	-1.30688
0	0.0345844	0.168702	282272	224015	-0.872541
0	0.0044162	0.154828	280238	236066	-0.408606
0	-0.0162214	0.154394	258338	236127	-0.0816738
0	0.0486022	0.0971725	274252	262113	0.148426
0	-0.0117316	0.28496	272302	28018	-0.0870541
0	0.00361519	0.259424	276266	91893	0.136362
0	0.0088886	0.247713	278266	145832	-0.339079
0	-0.0146806	0.231444	282250	171931	1.28573
0	0.00466123	0.219648	282248	177969	-0.734681
0	0.0137883	0.191672	282226	200039	-0.143846
0	0.0225326	0.151253	268286	232052	0.351409
0	0.00271444	0.154114	280250	244065	1.05899
0	0.037131	0.120501	286218	262096	0.014979
0	0.0115787	0.227734	266340	63947	-0.00919277
0	0.026909	0.251752	282256	81988	-0.000466222
0	-0.0671184	0.223667	278210	122003	0.600264
0	0.0337362	0.212477	274298	167922	-1.01818
0	-0.00128587	0.182268	280286	207906	-0.727667
0	0.0259974	0.151907	276266	226075	0.912348
0	-0.0757769	0.133731	276292	234091	0.254793
0	-0.0494083	0.153916	274298	242106	-0.570566
0	0.00295839	0.141427	286254	258087	0.376812
0	0.0187196	0.219448	286236	55978	0.0293882
0	0.0114839	0.260924	272304	69992	-0.137208
0	-0.0303337	0.213227	274292	126007	-0.110148
0	-0.0139424	0.220236	284228	177889	0.29884
0	-0.0117251	0.184666	278278	186048	-0.000673356
0	-0.0154176	0.204696	286246	213992	0.178355
0	-0.00512121	0.189663	272294	224054	-0.123739
0	0.0103039	0.123501	284218	262058	-0.937884
0	-0.00952948	0.124334	284224	266098	1.53264
0	-0.0259521	0.242624	274286	44013	0.0563163
0	0.0036624	0.240857	272316	79987	0.0997816
0	0.0662712	0.282613	274300	131910	-0.306067
0	-0.0137346	0.25064	270286	131991	-0.0926882
0	0.0113469	0.220395	278260	183994	0.477255
0	0.0512194	0.181883	276296	227981	1.4628
0	-0.000257279	0.148639	284290	238059	-0.440817
0	0.0616844	0.18192	282238	232076	0.482124
0	-0.0683186	0.0842212	282234	276085	-1.87786
0	0.0468461	0.231203	276262	36015	0.037111
0	-0.0240829	0.258996	286250	76020	-0.0945779
0	0.0183819	0.2454	280248	129939	0.687156
0	0.017692	0.217406	274294	167937	0.371331
0	0.0378881	0.211167	274288	193983	0.594685
0	0.030092	0.193687	280290	218029	1.07884
0	0.0138726	0.154701	288202	251946	-0.689791
0	0.0336464	0.135814	284246	258058	-1.32134
0	0.0122723	0.114526	282240	266099	-0.947739
0	-0.0177696	0.246802	278248	41996	-0.0415747
0	0.0208281	0.232615	282266	89979	0.111063
0	0.0575074	0.263478	276320	121988	-0.19024
0	0.0504437	0.203877	290218	169958	0.194052
0	0.00555126	0.179365	266272	184035	-0.0593274
0	-0.0503063	0.20606	284248	216011	-1.26143
0	-0.0114318	0.157261	274270	234073	0.59325
0	0.00602598	0.15313	284252	258018	1.44731
0	0.0334328	0.0986842	290210	272043	-2.9608
0	0.0326395	0.252801	276290	43959	0.0601322
0	0.0436617	0.23615	280268	81945	0.264812
0	0.0467381	0.231226	284242	139934	-0.119051
0	-0.0189769	0.243924	276228	149956	1.27544
0	-0.00423561	0.205514	282266	194025	-0.161835
0	0.015815	0.226233	282264	207949	1.09522
0	-0.0124512	0.179859	280218	241954	0.512769
0	0.00745546	0.15006	284222	254020	-0.848338
0	-0.0286877	0.128941	286238	264134	0.370419
0	-0.00569518	0.305185	278290	39964	0.080873
0	0.015865	0.24905	284236	80000	0.259413
0	-0.015252	0.2345	282210	129941	0.39305
0	0.0276463	0.222093	286200	147942	0.166092
0	0.0340784	0.218878	270292	195932	-1.49536
0	0.0349798	0.221824	282252	215975	-2.18255
0	0.0113793	0.193561	278264	230007	-0.594058
0	-0.0334566	0.18598	276274	242069	2.04077
0	-0.0725315	0.120965	284252	268109	-0.453519
0	-0.0267469	0.254614	276274	45954	-0.0322969
0	-0.0349498	0.267127	266312	103902	-0.289285
0	0.0283464	0.257894	282228	115984	-0.337648
0	0.0344273	0.246856	270278	151963	0.750475
0	0.0420115	0.208311	266310	179979	-1.586
0	-0.0301407	0.224217	284256	215926	0.0416165
0	-0.0212028	0.158052	286212	240000	2.53817
0	0.0326304	0.115349	284232	260097	-1.76454
0	0.0292995	0.105676	284250	268106	-1.72816
0	-0.0276772	0.27717	274282	51952	0.0571771
0	0.0228879	0.228805	282202	87978	0.284583
0	0.0274161	0.263663	284230	111994	-0.742117
0	-0.00711364	0.208385	278268	173953	-0.320758
0	0.0754014	0.220266	276270	189974	-1.89096
0	0.0010242	0.177171	270300	218003	0.188926
0	0.033905	0.197131	278262	236012	0.520092
0	-0.00976654	0.151725	276250	240110	-0.337223
0	0.00749599	0.094239	278244	262134	-1.10633
0	-0.000516436	0.228626	276276	47981	-0.0512456
0	0.0196012	0.204313	280260	74067	0.401537
0	0.0100882	0.238182	270270	109979	0.481705
0	0.00915198	0.221733	276262	142003	-0.114415
0	-0.00150992	0.199559	276276	193990	-0.208148
0	0.0247289	0.196065	272286	207997	0.474733
0	-0.0396914	0.156342	270256	214086	2.02154
0	0.0307871	0.175946	272308	238081	0.175866
0	0.00560965	0.148663	278246	264086	1.7224
0	0.020537	0.235805	278284	53950	-0.0922642
0	0.00554572	0.255546	274282	91925	0.248674
0	-0.0357632	0.251926	276254	125969	0.0807513
0	0.00818297	0.231	278260	157910	0.516186
0	0.00523034	0.247345	288224	199906	-0.416537
0	0.00373176	0.211021	278268	204016	-0.828371
0	-0.0036856	0.193663	282246	239976	0.48561
0	-0.014885	0.12286	260340	240152	1.94403
0	0.0111815	0.142549	262306	236199	1.22016
0	0.0250564	0.249986	270274	43960	0.00944129
0	0.00567268	0.262699	264334	72005	-0.559548
0	0.00555662	0.211227	276272	118014	0.530447
0	-0.00794321	0.263504	268278	155952	0.0455531
0	-0.00272328	0.198657	274258	189965	-0.0416686
0	-0.00672633	0.193647	270314	210071	-0.80716
0	0.030532	0.171919	288220	249946	0.00348512
0	-0.0221905	0.148409	282256	242080	-0.315352
0	-0.0197615	0.121997	284268	268094	0.347049
0	-0.00253427	0.258866	288206	34006	0.0544685
0	-0.0308967	0.219207	270320	80006	0.229386
0	0.00341114	0.278871	272272	103983	-0.142059
0	0.00929551	0.196309	286258	159967	-0.0940511
0	0.0114163	0.202373	268316	191941	-0.34053
0	0.0543738	0.232167	284266	215964	0.0667816
0	-0.00763862	0.172729	284224	243973	1.87027
0	0.0226241	0.188913	284226	236057	0.588817
0	0.0398799	0.128431	272272	256121	-0.594861
0	-0.0426518	0.276957	270278	28030	0.0392301
0	0.0265661	0.221371	286206	83988	-0.11269
0	0.0339926	0.235188	270278	137943	0.393317
0	-0.0256177	0.209959	270298	165970	0.027896
0	-0.000564327	0.221931	264344	178032	1.11013
0	-0.00689825	0.216913	272278	200012	0.425155
0	-0.0282184	0.133483	274234	242063	-0.324828
0	-0.0197125	0.142773	270292	252044	-1.07381
0	0.0144761	0.137437	288242	268085	0.15394
0	-0.0126805	0.269599	274226	55937	-0.12294
0	0.0360417	0.26546	290212	73993	0.00101546
0	0.0111684	0.267871	260352	105998	-0.0850184
0	-0.00785352	0.202227	276282	154003	0.160542
0	-0.0112194	0.192094	268254	183968	-0.607854
0	0.00773569	0.207363	282246	215972	0.119804
0	-0.092363	0.174774	282236	240063	0.0152491
0	-0.00842137	0.128723	276262	260069	0.286196
0	-0.014235	0.140275	270270	252098	1.56151
0	-0.0214316	0.254508	276300	40031	-0.0308732
0	0.0135816	0.260773	264332	71950	-0.0238938
0	-0.0320141	0.204124	272268	120032	0.349883
0	0.00990888	0.208932	272284	163983	0.392434
0	-0.0443373	0.235223	292200	187969	1.23646
0	-0.00205425	0.177109	286250	212060	-0.414239
0	0.00815712	0.191023	274254	231993	-0.382457
0	0.0160003	0.128023	280274	248122	-0.23915
0	-0.0357861	0.118043	288232	266061	-0.682178
0	0.00237309	0.257578	280234	26020	0.0242124
0	0.00665604	0.21232	284286	93963	-0.26813
0	0.0204518	0.248569	274326	115962	-0.532881
0	0.0202786	0.204203	272280	163955	-0.183568
0	-0.0368793	0.200292	276296	186042	-1.06116
0	0.0595888	0.235257	286248	203971	0.0270877
0	-0.0181662	0.123346	282246	240062	2.1246
0	0.0246326	0.127738	264326	246159	-0.590668
0	-0.011229	0.129899	270290	250120	1.17812
0	0.0103365	0.254247	274292	53920	-0.0645337
0	-0.000672157	0.231581	282236	85944	0.231906
0	0.0395583	0.271019	286228	101977	-0.286372
0	0.00177845	0.273854	276254	143999	-0.961405
0	-0.0846148	0.237025	270304	174029	1.06923
0	-0.0563084	0.169027	282254	231985	0.490472
0	-0.0435324	0.191381	292234	242006	-0.21282
0	-0.0141215	0.121405	268298	236162	-0.921515
0	0.0387104	0.0894196	288220	276078	-1.65947
0	0.00663792	0.235619	272304	31991	0.0487302
0	-0.0648666	0.234671	282236	74038	-0.30191
0	0.0204517	0.232665	270302	119946	0.306082
0	-0.0308438	0.237617	276270	153961	0.895976
0	-0.0254347	0.190694	274268	211974	1.32511
0	0.0516908	0.216344	278278	204037	0.319133
0	-0.0403021	0.147801	272330	240079	-1.37271
0	-0.0201955	0.136482	288234	260076	-1.47942
0	0.0140254	0.118232	282234	262059	-0.810576
0	0.00556683	0.218349	278254	40008	-0.0211878
0	0.0159666	0.264252	268296	89910	0.0456957
0	-0.005997	0.255635	272302	125984	0.0723945
0	-0.00952094	0.238163	272252	130048	0.581773
0	-0.0271237	0.213101	276308	189947	0.350709
0	-0.0116495	0.165686	270304	214054	-0.421707
0	-0.0384357	0.178646	260336	220049	0.391053
0	-0.0202029	0.155507	274296	258049	-0.797082
0	0.0185563	0.155765	268296	248141	-0.117502
0	-0.0241658	0.277047	278250	34009	0.0094736
0	-0.000789644	0.26283	272314	69994	-0.0484283
0	0.0717854	0.248058	284252	102033	0.134819
0	-0.018433	0.239325	290226	171879	-0.903491
0	-0.0481672	0.223759	280262	203942	0.568866
0	0.0168664	0.185649	282286	218005	0.474858
0	-0.0205797	0.15906	280240	240051	0.857013
0	-0.0220577	0.1621	284266	262015	0.228477
0	0.0462057	0.12857	278274	252155	-2.12533
0	-0.0129776	0.24224	272312	45969	-0.068113
0	0.0464758	0.225721	270272	78018	0.304155
0	-0.0292059	0.229576	280272	102074	-0.215944
0	0.0361623	0.232346	272284	159971	-0.280916
0	-0.0106152	0.162795	276248	190015	0.230947
0	0.0095177	0.23622	260328	197999	-0.295607
0	0.0091748	0.16688	274262	238078	-0.486832
0	-0.017368	0.127971	284262	260066	0.172456
0	0.0021536	0.156687	286250	262069	0.307508
0	-0.0168268	0.260433	270298	35994	-0.0667539
0	-0.0523533	0.264247	280250	75976	-0.163647
0	0.0185536	0.263684	272280	133921	-0.390306
0	-0.0119502	0.223427	278224	157920	0.166765
0	-0.0417249	0.236777	280250	178049	0.0575413
0	0.0247008	0.178563	284282	214054	-1.72661
0	-0.0932725	0.157263	272292	242058	0.637224
0	-0.0555312	0.143222	266296	240110	0.0560039
0	0.000255516	0.0961042	284248	272092	1.26298
0	-0.00081797	0.217024	268318	34042	-0.0517807
0	0.00978748	0.247794	272288	81956	-0.236743
0	0.0414234	0.251589	268342	123979	-0.384991
0	0.00519341	0.264867	288210	171910	-0.614603
0	0.00392453	0.202551	276262	179947	-0.365148
0	0.00521495	0.169715	270286	208058	-0.0742951
0	0.0359778	0.194209	266294	226046	-0.622152
0	-0.0131475	0.156931	258338	228130	0.217096
0	-0.00419344	0.108236	280254	260140	0.568962
0	0.0383643	0.255211	270320	51947	-0.00278973
0	-0.00879319	0.212095	284254	93939	-0.107138
0	0.0354208	0.253733	274290	98012	0.662633
0	-0.0365131	0.216987	284222	161967	0.342246
0	-0.0236016	0.163823	280274	186037	1.26882
0	0.00484129	0.214382	286216	215922	-0.542266
0	-0.000154192	0.177835	278228	239961	0.573802
0	-0.0300053	0.163661	290234	254037	0.50654
0	-0.000810542	0.103617	278242	258112	-0.480906
0	-0.00330222	0.260377	268298	33988	0.0597432
0	0.000534433	0.246236	276294	85955	0.213205
0	-0.0128924	0.222263	272294	102042	0.238328
0	-0.0182898	0.269531	280296	173923	-0.313051
0	-0.0150157	0.254169	276266	172002	-0.703815
0	-0.0356407	0.168003	286242	222001	-1.06193
0	-0.00601369	0.188034	278226	227994	-1.4196
0	-0.0335076	0.161184	288234	246073	0.842078
0	0.00626542	0.110107	274264	262129	0.170848
0	0.0443949	0.231161	274260	32030	0.0595932
0	-0.00102573	0.241687	272286	83957	0.328907
0	0.0268617	0.241163	286208	112017	0.56354
0	0.00495543	0.253153	278274	163895	1.12085
0	-0.0123354	0.237756	276276	179970	-0.334801
0	-0.0136996	0.23995	276278	192013	0.618011
0	-0.0171027	0.173138	284248	236063	-0.883383
0	0.0257184	0.134654	288214	256048	1.80897
0	0.0316597	0.107655	262314	246174	-0.471218
0	-0.0365187	0.269535	282234	37975	0.00317257
0	0.0106036	0.257907	280254	79996	-0.000224794
0	-0.0130833	0.256604	266294	119910	0.159134
0	0.00201277	0.249017	274284	149966	0.647601
0	0.00336004	0.257188	276274	185938	0.908186
0	-0.0124432	0.166483	282244	223949	0.991051
0	-0.0612207	0.189183	278248	243974	-0.889686
0	-0.0183669	0.123695	278280	258089	1.03385
0	-0.00149745	0.0989154	284264	274141	0.477348
0	0.0331649	0.263835	276268	37998	0.0717446
0	-0.0217449	0.241019	274258	77989	-0.41385
0	-0.0460528	0.27708	278294	119970	-0.543882
0	0.0191331	0.204849	282244	145994	-0.130169
0	-0.0340031	0.24022	280300	182007	0.0323528
0	-0.0122581	0.180132	284218	216015	-0.753193
0	-0.0516518	0.197736	270296	222031	-1.29812
0	0.00944395	0.153083	278258	242098	2.77216
0	0.0463941	0.0903017	284254	270131	1.06296
0	-0.0148859	0.215733	280282	35994	-0.0749202
0	0.0078312	0.24149	274256	95971	0.170985
0	-0.0100084	0.220993	290208	117982	-0.0708139
0	0.0574069	0.202793	278262	153979	-0.043255
0	0.0113439	0.203152	284216	185969	0.0176115
0	0.0316278	0.176257	284242	216055	0.0447726
0	0.00620524	0.18166	278284	242009	0.912037
0	-0.0081217	0.161001	280274	246057	-2.19105
0	-0.00860226	0.12076	268318	252163	-0.383982
0	0.0188977	0.261878	282266	41999	0.14322
0	0.0130169	0.284788	286214	63978	-0.118515
0	0.0181898	0.236289	284254	124016	-0.654616
0	-0.0422718	0.244144	290222	169924	0.428654
0	0.0416948	0.180034	282240	204018	-0.556948
0	0.0121524	0.226455	274284	213964	0.282068
0	0.0186761	0.172388	286196	251970	-2.1786
0	0.027508	0.137814	286248	258052	0.567349
0	0.0248316	0.11613	266320	256179	0.12659
