0	-0.0372969	0.24949	256828	83847	-0.587094
0	0.00738161	0.21434	244752	138746	5.45776
0	-0.00517654	0.163962	243368	180407	-4.95261
0	0.0180753	0.114567	250698	200128	0.0935121
0	0.0658814	0.141886	254764	211867	2.10843
0	-0.00507619	0.109712	245108	213092	3.36556
0	0.00533495	0.101249	249644	220479	-10.2572
0	-0.0188945	0.116883	221162	194762	0.0818994
0	0.00558895	0.0633656	243210	219454	-10.929
0	-0.023274	0.286372	247492	75821	0.0169807
0	-0.010879	0.256334	236942	144607	-0.268156
0	-0.0181927	0.161942	244404	189648	0.904944
0	0.0555202	0.141986	251582	220870	0.971784
0	0.0257618	0.17817	244610	222865	0.3092
0	0.0693531	0.146143	247342	222338	-4.30941
0	0.00694634	0.135093	248988	232076	1.43034
0	-0.00864469	0.0695457	244220	235743	0.136031
0	-0.00436955	0.0748087	255714	251234	-3.1717
0	0.0118784	0.237168	238000	82126	0.105138
0	-0.00521881	0.210159	242970	150079	0.394704
0	0.00168235	0.218515	237310	183246	-4.14766
0	-0.0317548	0.12352	233136	207619	0.770781
0	-0.0250727	0.116808	241098	224780	2.1714
0	-0.0202146	0.127165	249398	234054	0.419918
0	0.0241278	0.0907703	239250	225310	2.45618
0	0.0399245	0.0365666	250414	245836	-8.17273
0	0.02458	0.051716	250326	243911	-4.83864
0	-0.0141832	0.231778	229432	85703	-0.388486
0	-0.0266715	0.260055	242368	133189	0.202662
0	-0.0073812	0.188014	238494	188340	0.772865
0	-0.0409162	0.113083	248824	226647	0.96958
0	-0.0172223	0.0946535	241902	224371	3.48801
0	0.00435593	0.082779	237736	221474	-2.93433
0	0.0347197	0.0726969	247204	238620	5.31726
0	-0.0163482	0.0598778	245080	239633	0.480556
0	0.0191867	0.0521272	236668	229130	-1.79411
0	0.0207436	0.265237	245548	75209	0.224742
0	0.0103162	0.20322	247568	146262	-1.2911
0	-0.00183975	0.211108	245348	187128	1.11774
0	-0.0167917	0.140873	238016	206344	0.0229509
0	0.0424484	0.0992342	253202	235185	1.06571
0	0.0312168	0.10425	248548	231907	2.31577
0	-0.0154742	0.091621	229788	218458	-5.42146
0	0.00914716	0.0728663	234590	225287	3.39569
0	0.00947744	0.0146739	251194	248466	2.37393
0	0.0122495	0.295022	237056	72745	0.177889
0	0.0304352	0.22831	237384	142746	0.517063
0	0.00700512	0.217983	235510	186944	2.73902
0	0.00281157	0.165895	233720	206561	0.439951
0	-0.0152783	0.134573	232888	212673	0.0850627
0	0.0233043	0.1027	256020	244907	5.51839
0	0.00335781	0.0791663	237244	227104	-1.92213
0	-0.017197	0.0393815	240676	233671	0.703614
0	-0.0124748	0.0228083	249874	246765	1.51701
0	-0.0045738	0.257086	234806	71507	-0.175176
0	0.0170973	0.257914	208564	114216	-0.212429
0	-0.00675907	0.214003	232728	169843	0.960328
0	0.0534319	0.123246	256650	229192	0.256907
0	0.0259239	0.0954139	248650	231766	0.592846
0	-0.0134589	0.0811804	232284	220593	-2.98405
0	0.0159589	0.0654179	241648	231361	-0.452812
0	0.0135703	0.0706036	252212	242693	3.54311
0	0.0152645	0.0405521	242712	236391	-0.964024
0	0.033323	0.254909	249098	75669	-0.495489
0	-0.0175357	0.207024	230890	134717	0.101064
0	-0.0143953	0.216575	250064	188060	3.13799
0	-0.00225977	0.168419	240240	209189	-0.608052
0	0.0010524	0.106113	248446	230366	-4.02758
0	0.0402435	0.0884122	252176	237071	4.94295
0	0.0646079	0.0699396	237056	227201	-3.06814
0	-0.0622091	0.0563805	233854	229153	-4.37157
0	-0.0138757	0.0144968	237048	234837	3.16485
0	0.0025539	0.256574	243004	83848	0.796306
0	-0.0289417	0.208486	240338	152481	-0.0167791
0	0.0207657	0.258003	247876	184519	0.327326
0	0.0180997	0.153577	243048	216954	-0.85336
0	-0.0676955	0.0509807	250166	239835	0.550452
0	0.0233987	0.0765877	241408	229549	0.126651
0	-0.0311632	0.0894585	250746	241394	6.10765
0	-0.00474822	0.0361264	252714	249283	1.80835
0	-0.0154369	0.00941345	254784	253691	-3.82708
0	0.046488	0.237038	243408	37279	-0.863229
0	0.0244647	0.245632	248148	89968	0.240986
0	0.0267578	0.233446	241454	106883	0.869343
0	0.0230581	0.205478	237110	117642	-3.48428
0	-0.0392112	0.160049	249250	134381	-3.75194
0	0.0350735	0.128655	234036	146314	-6.95258
0	-0.019176	0.104969	244090	152845	5.13929
0	-0.0229353	0.110662	239780	162297	0.996264
0	0.00265475	0.0580537	246376	163972	14.6888
0	0.0266115	0.240496	233784	70217	0.589923
0	0.0317456	0.239341	237092	125861	6.51581
0	-0.0415379	0.174569	244614	177953	-3.04067
0	-0.000841564	0.192601	242876	193160	-1.69893
0	0.0607045	0.156222	227220	177183	-0.426404
0	0.0164816	0.0665164	244298	215503	-2.60056
0	-0.0258745	0.0643016	239732	212902	5.69395
0	0.00888981	0.0856062	230666	205078	3.79805
0	0.00550607	0.0739622	243906	221482	14.7653
0	-0.00170627	0.226904	235148	79358	-0.0310604
0	-0.00126365	0.249028	252308	145745	0.301514
0	-0.00875181	0.194917	247274	190004	-0.774859
0	-0.00615854	0.132752	229790	190012	-3.69841
0	0.017224	0.155942	248660	219700	3.71007
0	0.00973165	0.155294	241878	219532	-1.53656
0	-0.0373569	0.0660783	245810	232153	-4.93065
0	-0.00185103	0.0447423	250306	242225	1.59725
0	-0.0260808	0.0788444	244242	232562	-12.6209
0	-0.00703436	0.280485	253204	71087	-0.0787734
0	-0.0125781	0.247733	251806	150346	-0.447039
0	-0.0043044	0.194288	237216	186694	-0.0829927
0	-0.00206228	0.143148	224162	199322	5.21388
0	0.0456664	0.126904	243232	220877	4.87662
0	-0.0235245	0.0648904	242328	229105	-2.70209
0	-0.00783107	0.0850089	243280	227607	6.31147
0	0.015093	0.0500116	240728	233166	3.28233
0	-0.0344677	0.0300239	247550	241522	10.4587
0	-0.00207162	0.265376	229752	62057	-0.00497039
0	-0.010589	0.220531	244604	149320	0.380754
0	0.0178896	0.161536	246760	186240	0.959149
0	0.000688706	0.122328	239040	211292	-2.39878
0	0.0156669	0.0988179	250890	231855	-2.36766
0	0.0128405	0.0790269	244302	230402	0.470929
0	-0.0212542	0.0515605	228760	220576	0.683826
0	0.00731241	0.0563449	248652	244113	0.145168
0	-0.0309421	0.0453108	244554	239166	0.768005
0	-0.046583	0.267956	232892	72179	0.134314
0	-0.0384333	0.222688	234096	153258	-0.308457
0	0.0161826	0.191657	251358	196196	1.06415
0	0.0358694	0.15439	237282	201730	-1.72579
0	0.0135667	0.0916731	243064	230385	-0.0761466
0	-0.00264775	0.108649	248026	237440	-6.22184
0	-0.00594135	0.0449632	235330	226735	-3.11461
0	0.0328752	0.028059	244170	239998	3.90218
0	-0.0526987	0.0185199	245138	242011	0.431211
0	0.0035088	0.201677	224120	85932	0.00667365
0	-0.0167552	0.247641	246752	149163	-0.399746
0	-0.0448486	0.191344	233554	180577	0.0710589
0	-0.0177346	0.142143	239386	212471	1.5952
0	0.0116644	0.106892	241912	225451	1.16085
0	0.0389154	0.0581525	234850	224727	-2.99777
0	-0.00501953	0.0579439	232732	227351	-1.98671
0	-0.00919302	0.0540656	252888	247454	-2.17713
0	0.0256157	0.0292696	251056	248137	-2.89587
0	0.00445766	0.259735	245354	72018	0.109719
0	0.0587328	0.215488	231386	144565	0.907346
0	0.00311502	0.183428	237628	184763	0.543317
0	0.00699653	0.123751	250098	213425	-2.37981
0	0.00425242	0.089582	236750	217308	-2.75724
0	0.0200695	0.0805915	231884	217041	-6.62725
0	0.0406158	0.0628981	242102	233324	-2.84299
0	0.00149031	0.0368133	258210	254852	-2.79174
0	-0.0349739	0.0176747	251426	249473	3.43803
0	-0.0166282	0.283008	230010	70011	-0.244036
0	-0.03876	0.221272	252594	161871	0.0194352
0	0.00619433	0.192847	239528	195337	3.25569
0	0.0214889	0.18263	225860	196351	-0.408811
0	0.0388116	0.144465	228022	204060	-2.60696
0	-0.0163793	0.0993264	244674	233619	-0.135489
0	0.0188258	0.0812211	244230	235199	0.950835
0	-0.00742089	0.0316314	238278	235356	1.49729
0	0.00744259	0.0234529	245112	241331	-3.87685
0	-0.0166837	0.258077	255178	27407	1.69079
0	-0.031833	0.249096	252802	63018	-0.611396
0	-0.0219702	0.199876	253708	95756	3.54754
0	0.0134442	0.218343	238034	89527	8.16549
0	0.0138621	0.161102	237284	103501	3.40991
0	-0.0101505	0.151649	236350	115469	-6.52775
0	0.019306	0.0962749	239878	115111	4.8499
0	-0.0436409	0.0844377	237250	122399	15.5948
0	0.0169816	0.0805362	243428	124387	-18.7622
0	0.0300794	0.262239	243032	44333	-0.208846
0	-0.00449237	0.210964	235942	98380	-1.22969
0	-0.0370278	0.184021	245422	136831	5.38723
0	-0.0165411	0.190629	229240	146298	3.27953
0	0.0161341	0.119025	257618	187565	1.3881
0	0.0136723	0.117183	234488	175551	-2.87307
0	-0.0122245	0.0768192	256030	192434	-5.52471
0	-0.00719691	0.0766606	249716	191500	2.48941
0	-0.00997825	0.0474957	256362	206022	-4.08878
0	0.0512418	0.236089	235482	55819	-0.13156
0	0.00550204	0.230675	235186	127845	-4.28799
0	0.0230375	0.19044	238994	173120	-1.27617
0	-0.0186267	0.172052	234146	185698	-2.63953
0	-0.00294711	0.135423	233480	197565	-0.899132
0	-0.0288795	0.128227	241396	207289	-1.06489
0	0.0159311	0.0476778	256478	235471	4.19376
0	0.0193104	0.0731236	237586	216527	-4.13127
0	-0.0132721	0.0258206	232538	214710	2.04954
0	-0.0307803	0.270115	249988	74168	0.117297
0	-0.0315536	0.246825	239218	144051	1.69841
0	0.0141539	0.179286	225388	173522	-1.26112
0	-0.0156445	0.194366	231878	191754	-5.52656
0	0.0313821	0.14119	250046	222758	-4.48765
0	-0.0225055	0.117245	250052	233228	1.0206
0	-0.00411972	0.110443	234540	217444	-12.1308
0	-0.0218032	0.0769396	241454	227713	2.63787
0	-0.0217396	0.0348993	259732	251927	-0.73144
0	-0.0243797	0.249619	243300	76350	0.16232
0	-0.000408354	0.275278	230156	134753	1.62559
0	-0.0360891	0.2129	228568	179359	0.483068
0	-0.00319505	0.128172	242268	214056	5.09862
0	-0.0272214	0.208292	238498	202710	0.0925499
0	0.0404576	0.0714804	257620	241435	7.03377
0	0.0267022	0.0641666	248842	234496	-0.0556661
0	0.0325297	0.0779333	246086	233996	5.79761
0	-0.0195834	0.0572672	228878	220694	-5.20213
0	0.000183595	0.232289	239432	81731	0.00834717
0	-0.0534615	0.248444	239710	138566	-0.093509
0	-0.0411365	0.180075	254578	204415	0.37066
0	-0.0368784	0.133251	245858	222870	0.336039
0	0.00308188	0.102889	253416	231505	-0.354841
0	0.00641404	0.0803598	242658	232781	-2.49584
0	-0.00687491	0.0500707	247774	241347	-1.44568
0	-0.0135036	0.0320361	254694	251227	-0.694843
0	-0.0068766	0.0334255	250896	247201	-1.5222
0	-0.019941	0.251251	242852	61347	-0.140104
0	-0.00902776	0.249419	246892	150641	0.918493
0	-0.0256988	0.214677	228720	175507	-2.23203
0	0.00811278	0.143345	236268	209347	-1.72366
0	0.0273188	0.113532	261212	243591	0.050421
0	-0.0349539	0.042975	256450	247695	2.02226
0	-0.0330241	0.0843344	242380	232571	7.25161
0	0.00334353	0.0101903	238824	236398	1.59894
0	0.00747667	0.0274399	253178	248147	-0.173796
0	0.01969	0.261221	254868	77803	0.10957
0	-0.0146371	0.21886	244746	145313	1.22478
0	0.0496801	0.235802	240652	175001	0.450482
0	0.0267667	0.144271	242762	216813	-1.50446
0	0.0635762	0.133309	255768	232558	2.29125
0	-0.0422652	0.0830661	232432	217167	-0.0448464
0	-0.0306159	0.0577097	243592	235243	-4.27895
0	-0.00138286	0.0462822	227900	219468	0.691592
0	-0.0135992	0.0156004	249624	246923	1.46199
0	0.0259491	0.254583	250378	87849	-0.618345
0	0.0211659	0.227657	225518	126920	-0.577369
0	0.0516482	0.193059	238790	185330	0.96275
0	0.00870509	0.136613	226372	201309	0.718059
0	-0.0050864	0.0981198	228016	216279	-0.20993
0	-0.00208015	0.0867556	240714	228896	-0.489223
0	0.00675823	0.0218068	243696	239943	-0.768065
0	0.00050239	0.0101065	251216	249209	4.42247
0	-0.00290499	0.0190005	258764	256233	-1.92562
0	-0.0127474	0.215435	240704	26430	-0.0452606
0	0.0387047	0.230229	256026	53672	2.39937
0	0.024881	0.213368	230612	62725	1.44543
0	0.0145143	0.1889	222362	71843	-2.93182
0	-0.0524558	0.212058	253336	90620	18.307
0	0.00860742	0.165437	239336	87698	7.57971
0	0.0552805	0.111354	230836	97197	-6.0688
0	0.00287822	0.109389	242648	105086	-2.93909
0	-0.0835153	0.0978198	250516	107584	15.0842
0	-0.00480833	0.277322	232308	35460	-0.25474
0	-0.0174184	0.229789	241622	87628	3.45681
0	-0.00983488	0.214006	234782	119371	-7.152
0	-0.0210181	0.224653	229938	117435	-0.4597
0	0.0207549	0.116965	247296	154938	4.18673
0	0.00573921	0.149786	227450	143511	-6.6289
0	-0.0329344	0.0856446	242760	163076	4.7671
0	-0.0162141	0.0621489	237908	165652	-4.07292
0	-0.0477881	0.0552211	242584	167051	11.3767
0	0.0346107	0.270572	244062	60029	0.492672
0	-0.0205976	0.21358	237376	122077	1.31319
0	-0.0290383	0.181863	232068	140933	-1.34227
0	-0.00826889	0.148713	246612	179281	6.60325
0	0.0302225	0.105961	249570	196255	0.616543
0	-0.00297652	0.105052	246460	191683	2.06908
0	-0.0286994	0.0587818	229384	187015	-2.19867
0	-0.01947	0.0407488	250990	212951	2.92508
0	-0.0383648	0.0328436	252686	214151	-1.20803
0	0.00970976	0.232565	263632	75268	0.0143343
0	-0.0315344	0.247724	230966	110467	2.16379
0	-0.0271107	0.194882	233688	163579	1.47573
0	0.0113427	0.160381	240640	182521	-1.67712
0	-0.0162862	0.11732	233680	196026	-0.520562
0	0.00148998	0.0908909	231890	203088	5.02097
0	-0.0295582	0.0539379	257414	233223	5.85288
0	-0.0234338	0.072742	257294	238845	0.0559887
0	-0.0124987	0.0473874	249006	230923	-3.66364
0	0.0425085	0.255397	246660	80434	-0.547261
0	0.026812	0.188355	231632	138803	1.2859
0	-0.0301514	0.172444	234770	179694	1.63663
0	0.0266309	0.176672	246176	210846	3.35668
0	-0.00118905	0.138357	234224	205622	-1.52292
0	-0.00471186	0.106545	252900	222994	-0.0280148
0	-0.00121353	0.0621552	253468	239152	-5.12798
0	0.0349716	0.0505366	256546	245857	1.18663
0	0.0220989	0.0439619	244496	236181	-3.16043
0	-0.00860699	0.212648	253634	77123	0.810032
0	-0.0411446	0.236773	235420	154503	1.25421
0	-0.00678067	0.170444	239768	182421	1.66675
0	0.0165166	0.132971	255682	220392	-2.28814
0	0.00223807	0.123685	241434	216897	1.63099
0	-0.0191968	0.0707263	239910	226033	1.21008
0	0.00810302	0.0791728	245284	234000	3.07548
0	-0.0360206	0.0764879	242722	231475	-0.625655
0	0.0187584	0.00669352	250338	247725	-7.17932
0	0.0129043	0.277728	252264	74588	-0.367027
0	-0.0165289	0.197324	252484	160823	0.394498
0	-0.00604987	0.190579	231418	186745	-1.98665
0	-0.0119033	0.163129	222568	187919	0.283392
0	0.0138265	0.125277	235404	212787	-0.850127
0	-0.0480979	0.0738399	223546	212414	0.746507
0	0.0124282	0.0541796	246838	237212	2.11842
0	-0.0265773	0.0428635	229678	224024	0.371779
0	0.0290351	0.0265432	252744	248697	-1.52047
0	-0.00292457	0.229308	248406	79016	-0.0524442
0	0.0434822	0.230572	229326	147191	-0.187101
0	0.00692738	0.185776	248384	189951	0.24772
0	-0.0213549	0.125089	235334	206695	5.47435
0	-0.0476658	0.122272	250952	232718	3.2786
0	0.0297931	0.0593981	250968	242036	1.31532
0	0.0440051	0.0423336	244754	236918	1.46958
0	-0.00201229	0.0417831	256772	251150	-0.0152828
0	-0.0189879	0.0336288	248918	244459	4.09903
0	-0.0246655	0.209149	241426	73439	0.295221
0	0.0291641	0.221361	236264	142230	-0.423809
0	0.033254	0.165318	224858	173775	-1.86709
0	0.0108156	0.0849328	240422	223480	-2.13548
0	0.0540513	0.0983018	229346	210335	-2.68329
0	0.0209708	0.0704747	247570	240663	-0.35443
0	-0.00816914	0.0336816	226398	222704	2.02208
0	0.0117045	0.0483578	239088	233644	0.181662
0	-0.0113275	0.0126799	253100	251099	3.65207
0	-0.0339071	0.254203	264264	20193	0.478935
0	-0.0254369	0.230788	236614	42029	-1.16505
0	0.00154069	0.199118	240852	47130	-1.9007
0	0.0429738	0.198264	238856	72868	3.28892
0	0.0346327	0.171335	244294	78387	0.79118
0	-0.0284869	0.164828	228534	79277	18.0574
0	-0.0582241	0.119227	233432	75052	9.05201
0	-0.0632451	0.102039	240430	85880	6.44759
0	-0.0412415	0.0803522	244816	90896	2.3179
0	0.0583714	0.23293	245828	34274	0.67364
0	0.00601749	0.258782	229186	61415	2.37094
0	-0.00865038	0.217181	246352	102430	10.8108
0	-0.0401386	0.197675	243130	111763	20.2479
0	0.0339316	0.0936162	225414	123638	10.8722
0	-0.00533108	0.120884	235798	138636	1.21411
0	-0.0344238	0.105909	241634	142570	10.2089
0	-0.0187651	0.0422803	235916	137817	1.5703
0	-0.0346865	0.0590988	248484	153752	7.38393
0	0.00719702	0.208742	240730	52541	-0.556679
0	0.0290755	0.216987	243220	103305	-0.521562
0	-0.0244902	0.183732	257518	145572	-6.95665
0	0.0464305	0.161725	239960	148996	-2.16792
0	0.00673396	0.120073	233034	159765	-1.36802
0	0.00618116	0.0847836	225562	166801	5.66392
0	-0.0337942	0.0702428	238744	180587	1.9112
0	-0.0590413	0.0645911	252520	194524	13.912
0	-0.0345425	0.0545854	227268	174875	15.5565
0	-0.0391496	0.255272	246326	61279	0.234738
0	-0.00160627	0.231172	253730	136824	2.95993
0	0.0110707	0.144381	244572	169300	1.0959
0	0.0154267	0.18712	235404	172008	4.62639
0	0.0321774	0.128636	253436	200310	6.12014
0	0.022234	0.0939711	236774	186915	-10.8403
0	0.012881	0.0723867	242478	204364	4.25526
0	-0.0043485	0.0814245	246300	204151	7.43042
0	0.0258434	0.0423338	234902	206682	-2.13325
0	0.025456	0.225969	233492	70712	-0.00688305
0	-0.0310151	0.257742	224602	111720	0.757849
0	-0.0610749	0.240355	249180	166275	4.19143
0	0.0049039	0.145869	230972	187361	9.71772
0	0.0267209	0.132563	239748	205147	-2.3747
0	0.0266852	0.130164	227722	189710	-2.38223
0	0.0111782	0.0404873	232480	214249	-6.97074
0	0.00421106	0.0521856	240928	222983	7.50811
0	0.00494773	0.0377938	245316	230283	7.02833
0	0.0291529	0.248676	247296	73350	-0.304985
0	0.00863451	0.22264	232196	139688	0.665828
0	-0.00484326	0.178198	247326	186589	0.717789
0	0.0194622	0.151338	243404	207835	7.42345
0	0.0043169	0.103568	252722	230042	1.49953
0	0.00613308	0.0585613	262764	251367	2.02325
0	0.0137896	0.0850632	245874	228474	3.09558
0	-0.0146385	0.031045	258478	248610	-2.35814
0	0.0373538	0.0522145	230244	217689	-4.54712
0	-0.0449371	0.240831	232172	69159	-0.119785
0	-0.00354365	0.239907	226972	124363	0.61757
0	0.013388	0.219586	245168	187399	3.72494
0	-0.00134941	0.197078	228620	181435	3.95912
0	0.0137923	0.148718	243948	217957	0.549218
0	0.0140224	0.0841149	234920	218065	-1.92389
0	-0.0423621	0.0612683	252122	240656	-1.88637
0	-0.00705227	0.0471953	251356	243187	-1.4322
0	-0.00182013	0.0098183	243286	239475	-1.19147
0	0.0152314	0.24022	227328	71558	-0.0114633
0	0.0205617	0.235112	233624	143248	-0.390667
0	0.0344993	0.214244	237360	183280	-1.46578
0	-0.026721	0.115285	253290	225893	2.88956
0	-1.32657e-05	0.0708277	248664	227745	1.52699
0	-0.0313579	0.068577	242596	227494	1.83734
0	-0.0406289	0.0349884	257614	249866	-2.79961
0	0.0509039	0.0421219	247576	243240	-5.13348
0	-0.0112198	0.0272558	248198	244582	1.30646
0	0.00537232	0.242541	251366	76277	-0.546028
0	-0.0166726	0.237195	237510	137461	-0.483101
0	0.063898	0.216973	243982	184077	-2.04172
0	0.0175844	0.142428	246184	215449	0.298686
0	0.0392829	0.113016	237458	219543	-5.64686
0	0.034758	0.0684475	242474	230540	1.7014
0	0.0395689	0.0380709	256326	248676	-4.18495
0	0.01404	0.0366816	238632	232422	1.55377
0	0.0405456	0.0408694	241722	234844	-2.05683
0	0.0149949	0.236468	261918	18873	0.108865
0	0.0207503	0.245717	233388	35303	-1.77504
0	-0.0136699	0.202585	229340	45061	-1.26049
0	-0.00286866	0.211926	235108	49534	-0.779548
0	-0.00933396	0.211673	248078	60535	-2.97519
0	0.0346839	0.191	251884	73767	-4.06643
0	0.0188296	0.120161	249334	82422	-1.18023
0	0.026463	0.156163	240502	73954	-5.64975
0	0.0456399	0.110345	248356	85985	4.33465
0	-0.00119105	0.266893	227798	29264	0.409799
0	0.00217211	0.225506	257400	60418	-1.00032
0	-0.0358046	0.211367	251952	75177	-1.88355
0	0.0180358	0.218251	250650	98553	-0.365703
0	0.0192073	0.144147	231058	113113	-16.7411
0	-0.00410454	0.13769	246526	123383	-0.419177
0	0.0101989	0.125272	237278	119744	3.71
0	-0.0598046	0.105045	241560	127088	11.6048
0	-0.0751984	0.0681601	241956	132657	11.1051
0	-0.00547461	0.243964	244966	47519	-0.0972828
0	0.0256587	0.24501	240466	86614	3.67835
0	0.000921348	0.22669	237998	112533	4.21829
0	0.00449977	0.169969	246706	126380	11.3374
0	-0.00658409	0.0576693	234686	153598	0.908981
0	-0.0258776	0.159366	245874	162886	-2.73993
0	-0.0363131	0.0984512	236890	158279	3.19225
0	0.0135406	0.0760246	237188	156851	10.9568
0	-0.0256409	0.0393161	241388	173622	3.4736
0	0.0304865	0.227335	252844	61143	0.00989295
0	-0.006288	0.228016	231946	106797	-0.220392
0	-0.00898576	0.195493	227824	139612	-1.82045
0	-0.0351795	0.185655	251596	165258	-1.95732
0	0.0081349	0.111493	242610	183464	-3.23512
0	-0.00177096	0.0775005	237358	184300	10.0341
0	-0.0269044	0.0632008	229698	178832	8.98758
0	-0.0120752	0.0624054	231684	183207	-1.32554
0	0.0331366	0.0176296	239634	200267	4.78813
0	-0.0104628	0.28343	261858	58866	-0.467707
0	0.0118667	0.252489	248664	108992	-2.33909
0	0.00926845	0.182285	248538	171334	-0.453033
0	-0.00728701	0.164101	242104	187722	-0.932345
0	0.00662194	0.116842	244468	202805	-1.32289
0	0.00127309	0.0403898	249110	219393	3.61072
0	0.0207021	0.054966	247330	220589	0.900558
0	0.0136727	0.0416655	248324	216139	-2.22848
0	0.0268678	0.0428314	248950	226801	3.09393
0	0.0138548	0.227621	243290	76802	-0.69201
0	0.0274222	0.247085	245728	134638	-0.154421
0	-0.0739791	0.181523	248092	183577	2.65849
0	0.0327982	0.107929	251040	212828	-0.736769
0	0.0135718	0.0875271	250216	221508	-5.18496
0	0.0114665	0.0699176	240176	218358	5.27162
0	-0.0684422	0.0459392	238476	218705	-1.94563
0	-0.0657971	0.0361094	244468	227882	4.34608
0	0.00388549	0.0493207	251846	237516	0.0986824
0	0.0191918	0.218075	242182	72277	-0.112273
0	0.0123606	0.245768	261940	141008	-0.400219
0	-0.0375054	0.168321	233964	174552	2.04138
0	0.000803829	0.148604	235340	202373	-4.12503
0	-0.0199553	0.0940089	244908	216937	2.46839
0	-0.017692	0.0814574	247074	227504	0.860671
0	-0.0259797	0.0629108	239378	221894	6.13381
0	-0.0133097	0.0412681	252592	242397	6.14618
0	-0.0124993	0.0366018	244592	235789	2.4236
0	-0.0251866	0.241714	235536	76888	-0.173331
0	0.00126713	0.225315	261418	155502	0.818361
0	0.0568839	0.220603	247526	194922	2.5101
0	-0.0140141	0.163773	225066	186774	-0.00886059
0	0.00699253	0.108106	255640	229085	1.78355
0	0.0326386	0.0649006	259598	247875	7.03704
0	-0.0152644	0.0350018	242950	235566	4.06131
0	0.0512283	0.0396644	236398	229795	3.61895
0	-0.0453208	0.0198813	239290	236131	-8.77718
0	0.0461507	0.229067	239008	72752	0.245716
0	-0.0206392	0.243611	238164	155478	-1.12766
0	0.0192502	0.192239	234972	181934	0.426666
0	0.012729	0.140617	244296	208088	1.86021
0	0.0199411	0.123613	240006	215808	5.97881
0	0.0225601	0.0762942	233880	213755	3.33839
0	0.0181214	0.0290879	228536	220539	-1.96444
0	0.0212117	0.0196311	242604	238664	2.4091
0	-0.00372383	0.0271041	250198	245508	3.85111
0	-0.0179812	0.246185	252950	12613	0.0219174
0	0.0236123	0.231642	242880	26209	-0.724199
0	0.0568117	0.266432	232106	40037	0.0184753
0	0.0665473	0.195805	235004	41957	-4.63703
0	-3.78512e-05	0.170764	233874	50912	1.61741
0	-0.0681487	0.217531	238930	59116	4.0913
0	0.0189303	0.152851	237948	65988	-8.51536
0	0.00349705	0.136065	245078	71896	2.20599
0	-0.0280448	0.121655	244516	67914	15.4825
0	0.0361145	0.252288	250344	26351	-0.982376
0	0.0296835	0.232222	244662	59843	4.45828
0	0.0370068	0.215031	247516	90286	2.80035
0	-0.0126928	0.204412	239732	90343	-0.60979
0	-0.0295558	0.162605	247208	105788	7.43422
0	-0.00215479	0.165228	234252	105089	6.48617
0	-0.0150873	0.129257	234596	109670	1.30361
0	-0.029344	0.0833255	243094	119358	10.1915
0	-0.0241233	0.0779388	249968	118386	-0.99891
0	-0.00495241	0.304998	241172	33220	-0.141958
0	0.014556	0.245639	248614	77617	0.652126
0	-0.0160089	0.198504	243192	112439	0.620124
0	0.0487891	0.160031	248100	133772	-6.17673
0	0.0132878	0.138265	251696	141164	4.74183
0	0.003924	0.138433	247946	148787	7.13421
0	0.0183428	0.105321	257034	160303	-2.68311
0	-0.0171616	0.0704736	252548	159221	-2.84772
0	-0.046076	0.0476462	257838	167485	-8.39015
0	-0.028032	0.253625	261798	51668	0.353251
0	-0.0319258	0.261593	249964	108140	-1.19647
0	0.0234923	0.23278	232720	115551	1.11857
0	0.0374683	0.166968	240410	145091	-0.161828
0	-0.014662	0.119456	241024	162779	15.4161
0	-0.0494266	0.108607	235186	169993	5.82739
0	-0.00650474	0.0666402	236784	179720	-1.87125
0	-0.0157642	0.0430948	231418	179226	12.7538
0	-0.00514121	0.0354916	256472	198586	8.60406
0	-0.0331926	0.2777	237242	50080	1.7118
0	0.0339649	0.222679	243542	105715	-3.03852
0	0.0202068	0.214454	243096	148452	1.42067
0	-0.0167067	0.102544	238962	181051	2.55715
0	0.0504577	0.117498	241746	185254	5.59215
0	0.0171472	0.0911489	247072	203059	-4.64797
0	0.0470688	0.0770311	257040	211746	-3.42904
0	-0.00337812	0.0551072	241792	207407	-2.25375
0	-0.0304399	0.0140964	235858	203576	10.2744
0	-0.00123803	0.226683	246444	87878	0.165234
0	0.0236148	0.187974	240622	132767	-0.802559
0	0.00939843	0.209907	227920	140152	0.688634
0	0.00537924	0.171731	215580	152021	1.01741
0	-0.00222976	0.08791	257162	218585	0.00780488
0	0.00497131	0.0833576	252192	221679	6.40201
0	-0.0299531	0.0674653	238878	206363	-0.899955
0	0.0219842	0.0808947	249180	217084	2.81675
0	0.0322811	0.0303303	244590	222040	-6.27905
0	0.0212683	0.234857	247030	74763	-0.311661
0	0.0031175	0.243829	248658	121479	0.977139
0	-0.0222333	0.220668	244188	173708	-3.97824
0	0.00226931	0.146852	240068	199102	2.29029
0	0.00964102	0.153678	238450	198535	-1.73974
0	0.0112992	0.102988	251732	224294	-3.09861
0	0.0156043	0.0839844	242740	223123	-5.30137
0	-0.021682	0.038056	234094	218410	3.9831
0	0.00268214	0.0625144	243388	225435	3.76996
0	0.0256999	0.248405	249494	74399	-0.183614
0	0.00459496	0.250546	254716	132640	-0.236233
0	-0.00934019	0.178145	242564	181848	4.99949
0	-0.00802276	0.177556	244180	208880	0.0694179
0	0.00716051	0.0865591	242590	216806	-3.00681
0	-0.0203692	0.0755814	239538	222004	3.2857
0	0.0357577	0.064923	248732	229250	-1.56423
0	-0.0259754	0.0328129	254446	245268	0.820147
0	-0.00844804	0.0193594	244244	238704	-3.047
0	-0.00225141	0.258967	250568	70926	-0.0303902
0	-0.0323069	0.20836	234306	134715	0.652455
0	0.00420326	0.224196	251246	182832	-0.379696
0	0.0142971	0.114025	239474	197332	-1.59452
0	0.00617889	0.115023	245408	218602	1.2307
0	0.042014	0.102102	242114	222201	3.77472
0	-0.0053522	0.0467352	256624	245677	1.18434
0	0.00391353	0.0829283	242890	230940	6.20199
0	0.0584994	0.011934	246006	242524	-6.18071
0	-0.0429374	0.278003	246620	18783	0.124921
0	0.0299281	0.219685	245518	23082	-1.12128
0	0.0265043	0.243378	239704	32957	2.63982
0	-0.0146284	0.208921	251618	55724	-3.26892
0	-0.00464243	0.225446	243414	52567	2.33356
0	-0.0345851	0.203	243426	51816	8.73121
0	-0.0430372	0.106903	251422	63351	4.1208
0	-0.0269072	0.133487	243408	66234	1.08459
0	-0.0312452	0.164148	220590	54304	13.8703
0	-0.0105838	0.269764	251128	30635	-0.751949
0	0.0359893	0.259178	241960	42257	0.016719
0	0.00647561	0.251217	227856	56669	1.32283
0	-0.0228707	0.158536	252978	99095	4.6657
0	-0.0364333	0.110717	243616	101925	6.95631
0	0.0336946	0.160874	245024	100531	-7.66787
0	-0.0265303	0.120946	255302	107339	-19.7345
0	-0.0904274	0.0813188	237518	97181	24.888
0	-0.0363986	0.0909924	242428	105075	8.21059
0	-0.0225286	0.253857	236976	30084	0.298238
0	0.0169063	0.257469	249390	58559	-1.02129
0	-0.0419443	0.158094	238368	103786	3.32895
0	0.014511	0.140969	234294	120904	-0.988207
0	-0.0663329	0.166202	232088	118033	7.83515
0	0.00592534	0.0837085	245228	140569	-2.80812
0	0.0019469	0.0909882	217428	131126	1.48061
0	0.00567121	0.0576472	250422	150825	2.85957
0	0.00201383	0.0279811	253604	152240	-12.0222
0	0.00218241	0.258107	252098	37710	0.0814185
0	0.0104059	0.211171	253992	100048	-1.39308
0	0.0228822	0.226995	236062	109793	-1.26201
0	-0.0313212	0.12615	257658	163096	15.2964
0	-0.0682031	0.116829	235670	152942	8.33598
0	0.0286281	0.118866	239488	161136	9.31529
0	-0.00547714	0.0457186	246292	175439	-1.68211
0	0.0563336	0.0542059	243386	173532	-10.101
0	-0.0400001	0.0321741	257830	188446	9.80944
0	0.0117172	0.253493	249892	62755	-0.478767
0	0.00776898	0.227873	233436	96414	-2.30044
0	0.0345598	0.251053	258954	117785	1.2132
0	0.00681357	0.207669	247362	160050	-2.47194
0	-0.0937778	0.167168	235720	163502	3.81813
0	-0.0678792	0.0911628	243538	187235	3.96173
0	-0.0364165	0.0798229	251264	198459	-2.3476
0	-0.0154542	0.0596845	240840	190929	-0.521715
0	-0.00399879	0.0140274	249490	205645	11.1533
0	0.00674659	0.235104	239984	51135	0.0161305
0	-0.0692659	0.228919	254482	123389	1.01788
0	0.0225217	0.178096	243214	171353	-0.314905
0	-0.0189208	0.163426	244902	180120	-2.68092
0	-0.0117949	0.103074	254038	207920	-2.76684
0	0.0780119	0.110315	268664	215312	-7.5772
0	-0.0060545	0.070849	248932	212953	-11.647
0	-0.0342386	0.0423693	238754	204125	2.7335
0	0.0390368	0.0162229	250278	224579	-8.31398
0	0.00735533	0.216544	251756	64804	-0.557739
0	0.0195593	0.254693	247476	117145	-1.03211
0	-0.0269221	0.206414	235594	150456	6.34992
0	-0.0174256	0.202174	251436	184349	2.95318
0	-0.0254188	0.116999	237264	191504	-0.160757
0	-0.0122562	0.0756618	227964	199546	-0.239687
0	-0.0428357	0.0545182	260280	232037	1.71104
0	0.0189481	0.0344863	246114	223393	-12.5424
0	0.0240126	0.0498467	248656	226114	-1.75439
0	-0.0256435	0.27683	238944	64310	0.452769
0	0.00139445	0.259474	243336	129398	-0.703655
0	0.0801098	0.209714	244222	172852	-2.36252
0	-0.0113802	0.127649	244156	201319	-3.01933
0	-0.0763171	0.149179	241096	210251	9.01381
0	0.0374626	0.0662955	243674	219499	-5.70401
0	-0.0243827	0.0601221	237486	219059	1.99792
0	-0.0311251	0.0397883	251804	235296	2.9487
0	0.0496673	0.0171575	242872	230599	-3.1638
0	-0.0156086	0.241119	243206	64338	0.721178
0	0.0510231	0.219171	223282	123015	-1.06005
0	-0.0130955	0.213652	237728	162146	-5.04907
0	0.0333577	0.136758	241014	196493	0.56044
0	0.0023013	0.0681071	243088	225436	-3.64401
0	0.0140265	0.143162	247738	216004	-1.64823
0	-0.013348	0.0645143	238802	224278	6.27001
0	-0.0344495	0.0198169	243438	236488	5.29691
0	0.00575872	0.0487298	239836	230416	-0.774025
0	-0.0166825	0.260436	246738	6111	-0.110067
0	-0.0564837	0.268985	247930	17572	1.07548
0	0.0160569	0.268724	241078	28471	0.358701
0	-0.0155202	0.215098	259222	47084	1.23777
0	-0.0425014	0.241033	248150	45063	0.290486
0	0.0123322	0.180718	248600	57290	1.98398
0	-0.0918573	0.151332	240960	52766	0.212671
0	-0.035444	0.108318	250198	53593	-5.97018
0	-0.0592788	0.0977347	247774	56130	19.1233
0	-0.000170139	0.21836	235926	23471	-0.24613
0	0.00644748	0.249356	243938	29649	0.765258
0	0.0646906	0.245163	233426	56054	-7.36515
0	0.0207527	0.246777	237516	64595	-5.2824
0	0.0268477	0.147732	230756	83077	-7.24211
0	-0.0268476	0.121597	246144	90419	9.54448
0	-0.000470515	0.118298	239482	100942	10.3124
0	-0.0122247	0.0685455	247502	108591	-0.0597534
0	-0.021533	0.0699796	243616	96045	5.77083
0	0.0379995	0.254879	237778	33591	0.106629
0	-0.0138807	0.21149	239276	69846	1.41912
0	0.0366605	0.247572	249212	83635	0.290728
0	-0.0252201	0.180744	230720	95574	-3.04564
0	-0.0792328	0.0786189	256442	131616	17.9582
0	-0.0241501	0.129549	235226	120403	8.15516
0	-0.00941784	0.0852356	247728	133146	3.3529
0	-0.0386966	0.0887776	251198	138290	3.11392
0	-0.0367864	0.0201202	241902	134804	10.3118
0	-0.00551736	0.25965	259520	39181	0.724287
0	-0.00330755	0.239844	232830	73939	1.3658
0	-0.00361183	0.179529	236668	109303	-2.54585
0	-0.0164075	0.202529	247216	131481	-0.877716
0	-0.0453838	0.168537	242524	158033	8.40661
0	-0.104596	0.0992217	254628	175664	19.6247
0	-0.00959763	0.112223	228152	150913	-0.344415
0	-0.0245654	0.071818	243232	162019	-1.84056
0	-0.0331139	0.0402784	249220	175215	11.9846
0	0.0455232	0.230306	253952	56378	-0.278891
0	-5.30844e-05	0.237149	251992	102376	0.0371135
0	0.0359873	0.206382	255592	137510	-2.17414
0	0.00833098	0.200805	217250	129987	0.108183
0	-0.030527	0.127842	239456	167259	5.12268
0	-0.0338079	0.139845	233764	172249	6.65051
0	-0.0245164	0.0909886	227518	165935	1.34074
0	0.0164924	0.0702893	228344	164854	4.57677
0	0.00375502	0.015709	236696	190378	7.90019
0	-0.0391713	0.269674	242926	57302	0.798964
0	0.0179584	0.256723	242204	93778	-2.20666
0	-0.00882173	0.219231	259774	148039	-1.11935
0	0.0222982	0.210551	258226	162968	-5.43804
0	0.0106041	0.165591	236926	172406	-1.26503
0	-0.00459352	0.0508431	245454	200593	-1.36385
0	-0.0407573	0.115957	223628	176198	-7.02869
0	-0.0426142	0.0196135	236616	199166	8.30805
0	0.0171312	0.0148399	250926	217288	-5.11125
0	0.0321861	0.261976	255724	67103	0.365392
0	-0.0195636	0.223723	240690	118479	-1.06827
0	-0.052756	0.230581	253282	167515	1.46709
0	-0.00973764	0.122037	236558	176130	8.53104
0	0.0277902	0.16138	237880	190266	-18.5056
0	-0.0121092	0.0848131	243826	207580	-0.797883
0	-0.0531254	0.0513971	258432	226378	-0.85603
0	0.0302858	0.0579973	247412	216168	-3.48039
0	0.0402224	0.0191807	247728	223998	2.91448
0	-0.0124763	0.215154	245546	57745	-0.797782
0	0.0178797	0.225803	256988	143807	-2.84357
0	-0.0021732	0.171726	234956	152892	-2.42136
0	0.0452251	0.139997	245960	200390	3.61127
0	0.0149381	0.103614	237786	197314	-1.06065
0	0.0237385	0.0928057	232114	199207	2.41156
0	0.00432732	0.0669744	246098	220538	1.47541
0	-0.0134313	0.0425769	248728	226739	-0.598166
0	-0.00342563	0.0277556	238962	222800	-1.93697
0	0.0179183	0.261485	257758	71402	0.437042
0	0.0155391	0.281447	235434	106043	-0.875164
0	0.0252154	0.216866	238670	158022	-2.76229
0	-0.0372185	0.167838	245652	190749	-1.08734
0	0.0393608	0.08905	238920	210742	0.143245
0	-0.0169077	0.120647	245252	216400	9.0001
0	0.0032139	0.0588676	244662	227541	2.46007
0	0.00468393	0.0319009	241044	229813	7.41456
0	0.00748591	0.0288095	257770	245619	5.3303
