0	-0.040322	0.252413	270322	17913	0.320427
0	0.0208661	0.232463	280274	54818	1.4124
0	-0.0258536	0.21726	272316	75917	1.25051
0	0.00452016	0.192138	266360	89307	4.16007
0	0.0860556	0.244746	274306	92652	-3.94381
0	0.0287294	0.257354	278292	111700	-6.77611
0	-0.0305785	0.270001	262324	109198	0.516819
0	-0.0330025	0.269439	284200	127691	4.3143
0	-0.0303418	0.239285	272302	126871	-0.149805
0	-0.0225931	0.287808	266306	18851	-0.18727
0	-0.00693069	0.270707	278228	36154	-1.45264
0	-0.0155315	0.225763	258374	57919	0.106565
0	0.055204	0.222679	272310	89042	1.06665
0	0.0182953	0.263602	288222	106212	2.54915
0	0.0503158	0.233398	260382	100604	1.40178
0	0.0335619	0.260206	284228	113324	-6.55431
0	0.0306833	0.260319	286208	125902	-11.6624
0	-0.0189766	0.262269	282216	129871	1.21042
0	0.0110647	0.238607	266340	19028	0.349239
0	-0.00625856	0.227554	262352	47929	0.706627
0	-0.00505431	0.255205	268352	64212	-2.12666
0	-0.0211272	0.227231	276328	81199	-2.41749
0	-0.000920525	0.265549	266284	95322	-5.07425
0	-0.00450818	0.265548	274300	116459	-4.29202
0	0.0580892	0.23927	274286	117015	-7.73225
0	-0.0170602	0.166864	262328	123888	8.9227
0	-0.024852	0.26328	274292	129015	9.99096
0	-0.0152197	0.233306	280224	23049	-0.0775379
0	-0.0300815	0.275326	282266	46882	1.22568
0	-0.00857952	0.266787	268314	58843	1.13236
0	-0.0387234	0.238581	266276	80821	0.311747
0	-0.00728925	0.231524	276248	102959	0.508085
0	0.0093528	0.227641	270332	111219	-4.43339
0	0.0722072	0.212366	274284	121899	-5.92898
0	-0.00268931	0.248772	254390	119032	-3.61712
0	-0.00836996	0.249655	292200	138796	6.47288
0	0.0218569	0.268004	278260	26942	-0.109263
0	0.00961606	0.224135	248424	38970	-1.08107
0	0.000317261	0.280072	270336	59256	0.470634
0	-0.0150585	0.252831	286176	81235	-0.497013
0	0.0382426	0.23181	276272	100137	2.32745
0	0.0226563	0.227376	266330	112837	4.88391
0	-0.0482738	0.249233	274322	115165	4.41842
0	0.022152	0.298274	280232	127469	-0.505759
0	0.0306127	0.241243	264350	122197	-3.96664
0	0.0135779	0.295446	282272	22927	-0.220655
0	0.0350741	0.240712	280224	46257	-0.874605
0	0.0123037	0.278744	272284	58283	1.14946
0	0.0163388	0.224846	266322	89751	-3.61823
0	-0.000440765	0.252609	278298	99688	-4.3662
0	0.0292951	0.2355	274260	113880	3.72116
0	0.0218691	0.274081	272324	116913	-7.47552
0	-0.0626238	0.204207	260312	117978	14.3317
0	0.0528853	0.198955	274262	135127	-18.091
0	-0.00547166	0.258392	282268	15077	0.0941834
0	0.022725	0.268402	276264	35805	-1.90076
0	-0.00182806	0.262981	258362	61917	-0.518973
0	0.0543215	0.210327	274268	92144	-0.00999373
0	0.0308321	0.252618	252392	94002	-0.879619
0	-0.0220204	0.238008	268288	106913	-0.415625
0	0.0553087	0.216608	276278	119843	-12.2577
0	0.0326985	0.299607	280260	127962	-2.19533
0	0.0262966	0.215249	270304	123968	-4.27366
0	0.031998	0.256643	278254	19944	-0.0980004
0	-0.020545	0.222677	276268	35836	1.00385
0	0.00361104	0.291799	272308	62076	-2.26393
0	-0.0141989	0.287471	246434	78669	2.97369
0	-0.00294112	0.23119	274282	89894	-2.82953
0	0.0395494	0.232455	282234	113848	5.15118
0	0.0655144	0.229676	278280	121624	-3.34011
0	-0.0562769	0.288544	268360	124002	-6.15122
0	-0.0232055	0.233653	284222	137110	5.96378
0	0.00502748	0.257852	272300	21935	0.0542333
0	-0.025396	0.224043	258368	46117	-1.08046
0	0.0358885	0.292966	262360	61185	-4.20952
0	0.0123865	0.255543	268318	74951	0.860594
0	-0.0832669	0.205728	272278	98988	5.22187
0	0.021722	0.240296	272310	110195	0.629686
0	-0.00338488	0.304892	274264	120195	-2.22584
0	0.00750932	0.217151	282230	129706	-1.86891
0	-0.0079574	0.185287	276246	129821	-6.07094
0	0.0430357	0.238917	268310	19890	0.172467
0	0.0197799	0.25591	272258	49128	1.64642
0	0.0338802	0.261443	262358	65076	-1.26736
0	0.0257698	0.261071	278276	80086	-4.29777
0	-0.0411796	0.268552	280264	101832	-3.16142
0	0.0512716	0.24676	276266	109692	-11.812
0	0.00710501	0.259607	262360	116930	-2.74501
0	0.0224492	0.258602	270320	123480	-12.6191
0	0.027072	0.241236	270302	122751	7.36364
0	0.0298461	0.242787	284214	25880	-0.380463
0	0.0556868	0.251406	276286	46030	-0.666568
0	-0.0464377	0.218447	274270	76885	-1.57075
0	-0.000947374	0.257594	276314	87929	-1.66719
0	0.0502594	0.266415	286188	101958	2.70712
0	0.0084039	0.203542	252414	96867	-0.177233
0	-0.0180909	0.247608	264294	115848	3.35888
0	0.0567025	0.242791	276304	129063	-10.5457
0	0.0464197	0.255337	276246	130228	2.49117
0	-9.06237e-05	0.229243	278246	24931	-0.515754
0	-0.000518508	0.276076	276272	38964	0.0779706
0	-0.0181886	0.23927	266276	57878	2.05617
0	-0.0315592	0.226522	274256	78190	3.92179
0	0.0113593	0.270222	280230	103105	5.46946
0	0.00391425	0.284797	266320	102792	0.208664
0	-0.0671558	0.225934	276304	116191	4.00902
0	0.0662689	0.17299	288238	133081	-18.8387
0	-0.0771367	0.2801	280270	128268	2.69586
0	-0.0065993	0.2807	276300	21887	-0.209292
0	-0.01167	0.268038	270340	48635	-0.719473
0	-0.0143843	0.238874	280266	77583	2.94098
0	-0.00337102	0.232251	268348	87648	5.6065
0	0.0316934	0.276941	286246	100287	9.06852
0	-0.0249921	0.222385	280232	110733	-2.26181
0	0.0147598	0.254045	274266	112779	-0.465787
0	0.0170778	0.262553	274286	125874	2.68689
0	0.036445	0.199983	266340	129085	-10.8151
0	-0.00167117	0.267026	284210	25091	-0.125106
0	-0.00723663	0.239296	264292	45972	-0.62496
0	0.0169764	0.206934	268270	62023	1.23311
0	0.0260286	0.241995	272334	84844	-10.0008
0	0.0004234	0.226708	260330	94269	2.20538
0	0.0136394	0.223128	258328	106273	0.231232
0	-0.00276271	0.229483	278300	119071	-4.86361
0	0.0158967	0.248185	268344	121935	-2.43013
0	0.0224507	0.277638	268332	127053	-15.2498
0	-0.0462653	0.270371	276280	28979	0.0390147
0	-0.0369072	0.245036	282260	52117	-0.766272
0	0.0181054	0.258039	266336	67985	0.487324
0	0.0340655	0.262857	286220	80930	-1.1846
0	0.0144315	0.248883	250422	95821	-0.335586
0	-0.0415826	0.247715	274256	104527	5.45861
0	0.00689869	0.203418	272310	119519	-6.96662
0	0.0247803	0.249931	278256	121289	6.33068
0	-0.0400275	0.242749	268340	124442	-3.37018
0	0.00280904	0.203936	282276	34898	0.216603
0	-0.0170183	0.264101	276260	57092	-0.320824
0	-0.038467	0.253575	274280	61201	-1.84341
0	-0.00972392	0.250342	272292	83087	-0.808017
0	-0.0099967	0.247142	278270	112872	7.65919
0	0.0371239	0.22888	274284	122721	-2.46033
0	-0.0121706	0.22975	280246	119887	0.158608
0	-0.000787666	0.256811	266322	121556	-4.69874
0	0.026949	0.216234	262338	125831	-3.29588
0	0.00502533	0.26153	276266	21077	-0.0605825
0	0.0631417	0.234839	280268	38904	-0.415314
0	0.00189264	0.232852	274298	60089	0.910031
0	-0.00413132	0.233105	258392	71687	0.958545
0	-0.0130341	0.201608	286198	97223	2.4287
0	0.0101153	0.231116	272284	106440	-3.64099
0	0.0164561	0.244115	264338	118184	4.40491
0	0.021311	0.219346	280230	123769	-8.73794
0	-0.0715983	0.208839	266312	125947	14.4254
0	-0.0189214	0.284555	268344	22008	0.443935
0	-0.0421186	0.233504	262344	50986	1.02701
0	0.0246729	0.246948	260290	64108	-2.28787
0	0.0140649	0.29612	268316	74665	1.81841
0	0.0426105	0.277879	262330	89783	-3.74665
0	-0.0402801	0.263598	278266	119251	7.03475
0	0.00617298	0.227351	290182	131727	4.7467
0	0.00596557	0.232452	274282	121205	-2.51864
0	-0.0522958	0.195352	268282	122022	14.0447
0	-0.0109797	0.260317	286228	20012	-0.0203888
0	-0.0360477	0.249225	266316	42235	0.653007
0	-0.0218322	0.221335	264364	70467	3.50612
0	0.0585007	0.267543	276246	80933	-5.35147
0	0.0200437	0.232494	270318	93197	1.55544
0	0.0217604	0.230531	254384	106650	-16.101
0	0.0421008	0.205148	274312	121683	-1.98854
0	0.0194386	0.23734	252348	112667	-3.32903
0	-0.0264893	0.221	266340	126024	-5.72091
0	0.0277265	0.262821	272330	21126	0.497022
0	-0.0088119	0.228592	264368	46892	0.0661729
0	-0.0128532	0.229959	270270	61922	-1.86516
0	0.020286	0.241298	280184	84166	-7.76859
0	0.0239536	0.240273	280268	101884	-0.957742
0	0.0321515	0.217614	272246	112616	-8.41685
0	-0.0259368	0.210897	280234	122935	-1.41101
0	0.00598258	0.205842	278236	131651	-1.46443
0	-0.0643931	0.216819	278242	126159	12.2357
0	0.0496538	0.238455	270306	23104	0.34484
0	-0.0158478	0.25136	266350	52027	2.11697
0	0.0161487	0.241159	268284	72218	0.790459
0	-0.0383371	0.275131	262360	79925	3.27358
0	-0.0210715	0.260251	260368	91861	4.5382
0	-0.0666454	0.246366	280272	111948	10.2649
0	0.00780195	0.199153	276254	120230	6.63249
0	0.0217378	0.245225	268310	128220	-4.8595
0	-0.0188034	0.198627	280234	134027	3.70892
0	-0.0291802	0.271534	256370	15088	-0.362734
0	-0.0261852	0.256324	276260	44959	0.0879161
0	0.0178776	0.226658	278294	71803	-2.37824
0	-0.0173538	0.291694	238492	67024	-5.0138
0	0.0143548	0.249594	254318	78119	0.620547
0	-0.0427557	0.251935	270346	106142	7.09566
0	-0.0922603	0.272447	266328	119033	14.3114
0	-0.0673519	0.243291	274314	126364	16.3025
0	-0.0226843	0.249196	282212	135750	-0.448027
0	-0.0228605	0.252028	290178	26990	-0.293461
0	0.00704932	0.285532	270298	45928	-0.611715
0	-0.0434631	0.244164	278284	77010	2.69528
0	0.0119641	0.214485	266288	81068	0.55087
0	-0.0415891	0.33821	276306	92073	4.40287
0	0.070192	0.214042	260368	106079	-1.88652
0	0.0591608	0.234607	274312	116009	-9.79325
0	0.0930657	0.254508	272314	120876	-12.3632
0	-0.00264731	0.246015	266322	127797	-10.283
0	0.000194069	0.23338	278282	28935	0.00520493
0	-0.0534399	0.260033	284248	43926	-0.100006
0	-0.0412563	0.243842	272308	71694	0.406587
0	-0.0345757	0.210465	286222	80041	-0.354767
0	-0.0174957	0.250057	280190	98199	5.81842
0	-0.0097224	0.242549	272304	116099	2.34509
0	-0.0139907	0.245786	282202	121638	0.689057
0	-0.0329245	0.307927	288204	129193	5.13143
0	-0.0123954	0.260728	290184	126118	0.13345
0	-0.0212969	0.25182	282206	18080	0.266676
0	0.000907033	0.264484	270326	41900	-2.06194
0	-0.0393844	0.273496	286180	70009	1.87363
0	-0.00985879	0.243967	276282	73199	3.66781
0	0.0324093	0.282281	284218	104050	-1.47671
0	-0.0235265	0.210001	264314	113995	-1.40596
0	0.0242907	0.282164	264328	111769	-9.94282
0	0.0462932	0.197227	272284	122177	-11.286
0	0.0122107	0.244096	276302	128359	-1.594
0	0.0223915	0.26283	268324	15190	-0.700866
0	-0.0110856	0.229554	260330	44231	0.15932
0	0.0580233	0.279494	270294	64040	-2.0525
0	0.0178079	0.258791	264388	89842	1.18319
0	0.0749928	0.254816	272298	98686	-1.13373
0	-0.0419943	0.215614	274284	116302	-0.12611
0	-0.0637875	0.260371	272304	116940	5.67254
0	0.00714432	0.22509	274308	120324	-1.86656
0	-0.0256135	0.176105	272272	127987	5.06629
0	0.0249676	0.255467	274294	26905	-0.323903
0	0.0231884	0.253513	274276	32813	-1.18413
0	0.0515852	0.252019	270320	67851	0.981649
0	0.0075752	0.250954	280240	85719	1.05702
0	-0.00696353	0.258283	258358	92773	0.353209
0	0.000960725	0.226486	260352	107806	-1.40149
0	-0.00471645	0.267218	270272	121248	2.67434
0	0.00730326	0.233695	270288	123697	2.38221
0	-0.0522078	0.235338	270338	123567	12.8652
0	-0.0126262	0.216622	272280	23973	-0.0816116
0	0.0426679	0.235976	268294	49761	1.21043
0	0.0345448	0.229	272276	72849	-1.45371
0	-0.00473759	0.22081	264372	78304	2.84376
0	0.0108017	0.244219	276238	105070	-0.670227
0	0.0408718	0.275409	274290	110994	-2.0996
0	0.025645	0.25715	260406	112985	2.82185
0	0.0103543	0.239269	276252	128172	-5.18191
0	-0.00608883	0.224606	252428	121389	-8.14372
0	-0.00537026	0.27636	258410	22942	-0.0861617
0	-0.0039075	0.234823	262292	41920	-0.596466
0	-0.0400269	0.257124	274292	61077	1.9056
0	-0.036614	0.262582	274310	74755	4.21907
0	0.0403157	0.241516	274314	91763	-1.68151
0	-0.0235537	0.26844	276274	113772	2.15896
0	0.00114087	0.209251	274288	120054	-5.45548
0	-0.0418899	0.22256	290210	134041	3.62983
0	0.00255985	0.215754	274290	131059	-3.72768
0	0.0362409	0.270023	262358	23094	0.00361513
0	-0.0210232	0.22528	274256	52172	1.44089
0	-0.0510548	0.241069	262348	69019	5.2627
0	0.0037109	0.238718	264300	85680	3.00931
0	0.0323317	0.210986	278284	103873	-0.0162005
0	0.028431	0.237394	270296	108189	-7.35316
0	-0.00994923	0.199651	270292	117806	-7.82373
0	0.0171877	0.206913	276296	125916	-8.07223
0	-0.0678481	0.245234	258338	122017	7.63695
0	0.00816025	0.232573	280282	19013	0.479187
0	-0.0232299	0.260685	268276	35164	-0.327556
0	-0.0214389	0.264557	264354	62015	-0.225812
0	0.0246159	0.258218	272278	77054	-5.65909
0	-0.00247529	0.240473	262356	93967	-4.66383
0	0.0232263	0.214549	250370	103338	-1.49992
0	-0.0261803	0.248065	262370	116176	4.83953
0	0.0016786	0.238377	276278	126230	-7.47774
0	0.00575156	0.271228	280224	127367	-9.13872
0	0.041494	0.257947	272306	19997	-0.24291
0	0.0300401	0.20837	266314	42006	0.317443
0	-0.0341788	0.235078	258390	64144	2.84486
0	0.063825	0.290738	274282	85908	-7.80157
0	-0.0197915	0.262897	276266	93893	4.05781
0	0.00981271	0.235743	266328	105341	-4.38539
0	-0.0250966	0.226131	280254	122881	2.03694
0	0.0288571	0.252333	280258	129041	3.02099
0	0.0272249	0.243395	276262	127951	-4.69823
0	-0.00454912	0.213873	272320	23763	-0.40733
0	-0.0357526	0.25122	256392	49977	-0.363374
0	-0.0109555	0.236165	268302	66835	2.91921
0	0.00993798	0.232851	290186	84124	-0.314554
0	0.00565491	0.256028	286236	97975	0.605936
0	-0.0117984	0.23014	282234	114745	-1.00944
0	0.0302155	0.270383	276282	116131	-3.55826
0	0.0128902	0.292766	272316	123069	-15.2989
0	-0.0359634	0.23921	274292	130473	9.23723
0	0.012379	0.276209	278256	21160	-0.209433
0	-0.0170874	0.223676	264332	41997	0.562043
0	-0.00136591	0.229204	270260	69980	-3.39183
0	-0.00765924	0.262804	270290	74066	-0.98984
0	-0.0143332	0.256917	270308	106842	7.5978
0	-0.0380161	0.269085	262352	107070	-2.27802
0	0.000897209	0.240953	282192	125840	5.57771
0	-0.0465313	0.243354	266342	122557	6.358
0	0.039722	0.192164	274306	131552	-4.72652
0	-0.00437242	0.231443	282256	24862	0.381911
0	0.043926	0.246796	284256	51921	-0.320247
0	0.00504662	0.267995	274284	57038	0.811945
0	-0.00536069	0.208251	262328	85815	0.676101
0	-0.0669312	0.254969	264314	100262	9.05822
0	0.0355307	0.239624	272308	112827	-0.405971
0	0.0496709	0.186733	282284	128276	-0.230171
0	0.0142956	0.238438	276288	127669	-4.90766
0	-0.040244	0.261651	264348	123275	10.4758
0	-0.0244196	0.209919	276286	18073	0.221451
0	0.032262	0.239543	284202	51982	-1.35318
0	0.0138648	0.221908	248438	59876	3.94966
0	0.0101371	0.228646	278258	94828	-1.93193
0	0.0477252	0.21704	276294	97211	-0.785469
0	0.0495333	0.267851	278272	107402	-8.92318
0	-0.0214112	0.198149	264356	117833	5.99468
0	-0.0199218	0.22557	260366	113629	9.66955
0	0.00920506	0.265263	264374	120936	-2.50771
0	-0.0347116	0.256531	256310	29889	0.720298
0	-0.0278815	0.233356	268292	44103	-0.431683
0	0.00135992	0.221693	266310	67913	-1.84646
0	0.0567	0.226781	252364	80229	-0.828967
0	0.0571829	0.246364	280250	102838	-5.9739
0	0.0317611	0.255258	270272	102985	-0.0170469
0	-0.0403548	0.20018	278216	119968	3.69124
0	0.0135173	0.213945	282240	124751	-16.5811
0	-0.067888	0.22269	270332	132806	10.3119
0	0.0590993	0.231303	266300	28026	0.45529
0	0.0116479	0.264617	280258	46291	0.68182
0	0.0300767	0.263309	280278	75245	-0.807327
0	0.0359361	0.240121	278258	83674	-2.57453
0	0.0632225	0.191376	284234	109196	2.08488
0	0.00830579	0.22324	258402	96319	-2.87695
0	0.0183656	0.195293	272342	117341	-5.62794
0	-0.00583598	0.21749	264318	122592	-2.30844
0	-0.000200638	0.232941	280224	133796	-2.96184
0	0.00668576	0.210588	292212	18944	-0.403298
0	0.0323708	0.243297	272260	42810	-1.51016
0	-0.0483141	0.244615	266350	64894	0.190501
0	0.0277306	0.259127	284236	85734	3.44206
0	0.0168748	0.255966	278236	93987	-4.41026
0	0.0283019	0.219259	272256	109129	-0.9723
0	-0.00732437	0.193993	272280	125937	-6.02976
0	-0.0321482	0.249106	284216	133974	5.84402
0	-0.0145514	0.193285	276310	132563	9.55919
0	-0.0381225	0.255526	266304	17021	-0.0733902
0	0.00270224	0.251533	278270	59787	1.66738
0	0.015555	0.225811	274282	65883	-0.249405
0	0.0305541	0.280968	266314	77934	0.0881692
0	0.0200052	0.258037	270252	97663	9.7718
0	-0.043876	0.246543	278262	114457	8.99268
0	0.0249677	0.22134	282228	116182	0.629273
0	-0.0179399	0.222223	278212	125765	11.5078
0	-0.0148861	0.235574	272306	125172	10.0856
0	0.0262696	0.227513	272246	22890	-0.250957
0	-0.0268626	0.267122	270348	47997	-0.48791
0	-0.0547273	0.280235	266316	59730	2.28715
0	0.0421249	0.227618	278238	82787	-1.44857
0	0.0373615	0.222977	276270	95401	-5.56688
0	-0.0133966	0.269054	274300	102200	9.6423
0	-0.0122802	0.197744	262398	120215	0.0667751
0	0.0139528	0.232355	268326	123071	4.58559
0	0.071151	0.216008	270318	126743	-12.8327
0	0.0294075	0.248471	266322	28937	-0.381372
0	0.0154782	0.240446	266288	47026	-1.38728
0	-0.000179511	0.232991	270282	59222	-0.681335
0	0.0462474	0.250766	274262	80941	-0.612107
0	-0.0106096	0.256424	276306	93801	5.97748
0	-0.0271741	0.236063	280182	117622	12.0154
0	0.0359889	0.251944	278252	124085	-3.56421
0	-0.0177392	0.190985	264342	118187	-1.42794
0	0.0550818	0.259068	274284	131623	-9.86551
0	-0.0478417	0.241364	276308	16034	0.751586
0	-0.00185389	0.247693	276288	36809	0.110643
0	0.0221897	0.273913	274282	71877	1.08444
0	0.00185293	0.268747	258378	78873	2.99842
0	0.0379712	0.275864	278302	91832	-6.70446
0	0.022277	0.240471	262342	104027	-4.40028
0	-0.0755432	0.190214	284230	125118	8.06796
0	-0.029443	0.257079	274244	120214	5.28502
0	-0.0567273	0.236984	282238	135321	15.2807
0	0.0139236	0.242843	266290	20143	0.380903
0	0.0151421	0.247083	278252	46070	1.23521
0	0.043537	0.270572	272310	63922	-4.17709
0	-0.00740503	0.218233	258370	80826	-2.90523
0	-0.00104505	0.207757	262338	98959	1.83653
0	-0.0568847	0.22011	268270	108746	9.49539
0	-0.0420985	0.223873	284230	124881	-2.35874
0	0.0318128	0.223633	264312	118808	0.593857
0	-0.0429036	0.17791	286216	133368	10.8116
0	0.00629417	0.243007	278248	22917	-0.822582
0	-0.0196526	0.251072	276300	41148	0.410881
0	0.0557116	0.26031	282184	66251	0.414195
0	0.0225525	0.232411	284256	83943	-1.19174
0	0.0384165	0.221883	260362	83884	-5.38695
0	0.0329696	0.220934	278302	115867	2.23795
0	0.0374518	0.209686	270328	114236	-3.54983
0	0.052952	0.223335	284268	134306	-10.1198
0	0.035668	0.188015	274232	131952	-0.593567
0	0.013758	0.233187	278304	16973	0.479941
0	0.015729	0.250417	276274	53092	-0.268645
0	-0.0288156	0.209156	272294	67968	3.28323
0	-0.00825317	0.223365	280262	90729	0.835805
0	-0.04548	0.256626	266280	87973	7.86862
0	0.0479598	0.253772	278262	115588	-8.04922
0	0.0141263	0.193397	280228	129342	0.230768
0	-0.0322724	0.278449	278220	125832	11.9709
0	0.0556296	0.243663	268348	127121	1.33773
0	0.000509125	0.267437	268292	15992	-0.100254
0	-0.00088373	0.234848	270278	50056	-0.0835707
0	-0.0404558	0.221633	276264	57761	-0.488202
0	0.0411458	0.263966	282206	88014	-7.29871
0	-0.0102993	0.241417	268334	93081	-7.88909
0	0.000784675	0.26708	270300	109874	-1.88594
0	0.0256077	0.26089	280260	116900	-0.912614
0	0.016276	0.22207	268364	122107	-11.2194
0	-0.0913657	0.25535	276286	123257	15.9553
0	-0.00904261	0.244862	262362	24847	0.973116
0	0.0377673	0.252032	272326	42656	0.0457704
0	0.0124936	0.270544	270274	74538	0.746626
0	0.0464298	0.253222	272284	77881	-1.24166
0	-0.0109544	0.185835	276318	97141	2.22009
0	-0.0567525	0.252177	264360	108737	6.52252
0	-0.0673049	0.297633	270280	115787	12.4898
0	0.0888925	0.299732	268326	120438	-11.6488
0	-0.000401468	0.271569	274284	127067	-4.09822
0	0.0322322	0.228881	282222	22146	-0.513838
0	-0.0116187	0.239774	278298	41836	1.37883
0	-0.012193	0.229478	262324	67870	-0.858292
0	-0.0297985	0.246358	264354	76862	-3.5716
0	-0.000651422	0.232477	272270	100187	-0.599224
0	0.0313241	0.220507	276286	112654	0.105563
0	-0.0103299	0.208541	280210	116205	4.01521
0	0.00652608	0.247199	252390	117325	-6.90591
0	0.0622713	0.191209	284202	134891	-3.95229
0	-0.0094695	0.283726	272294	24055	-0.765696
0	0.00406048	0.261664	270310	48913	0.00277327
0	0.00138903	0.258068	286226	66831	1.91079
0	-0.00146441	0.261195	274312	85340	-2.67913
0	0.00813435	0.237266	270318	95253	-1.77662
0	-0.0113495	0.24232	264328	109620	7.39751
0	0.0451113	0.224942	266304	115295	-6.42221
0	-0.015333	0.259201	278280	125163	6.47322
0	0.0691593	0.283112	272302	131650	-9.59353
0	0.0105003	0.227608	268306	32024	0.31433
0	0.024995	0.253989	280266	48852	0.573723
0	-0.0701512	0.234892	260320	67698	1.5101
0	0.0299704	0.237793	264358	73273	0.111577
0	0.0021043	0.220185	278298	107415	-1.74472
0	0.030657	0.200525	272284	104185	-0.485542
0	-0.0647811	0.235462	270322	119782	-3.04395
0	-0.0650065	0.237121	276286	123991	4.1089
0	0.00435303	0.25065	278276	132658	-0.0415808
0	0.0185229	0.221141	280234	25995	0.0884121
0	0.0138838	0.266345	258414	40050	-0.857167
0	-0.0253771	0.23136	284250	70985	-1.59711
0	-0.0299014	0.230625	286224	85340	5.08655
0	-0.0123516	0.202149	278260	90672	0.187274
0	-0.0297853	0.255839	260380	103891	4.48867
0	-0.000275076	0.250103	262326	109109	-1.57758
0	-0.0102189	0.213275	278246	132792	5.21894
0	-0.000215327	0.26378	276278	128163	-1.2616
0	-0.0253012	0.24112	272296	20900	-0.13897
0	-0.00230837	0.246465	274306	48137	1.89101
0	0.0606719	0.299989	268300	63024	1.37372
0	-0.0171792	0.269589	264294	70434	0.940675
0	-0.00176704	0.242331	284222	93170	4.41142
0	0.0752826	0.250968	262362	103852	-5.75615
0	-0.0129792	0.234375	272334	120011	3.37577
0	0.0840235	0.261249	278246	124283	-6.21961
0	-0.105025	0.183032	270286	131641	9.13393
0	0.0470788	0.231336	278268	22007	-0.0327143
0	-0.0183587	0.262364	288230	43862	-1.81183
0	0.0131306	0.252173	264324	69144	2.26256
0	-0.00142629	0.240172	260370	82989	6.10681
0	0.0672449	0.264457	284238	104768	-8.21235
0	0.0143248	0.254464	274310	107825	5.80901
0	-0.0284703	0.197894	268300	117882	12.0131
0	0.0630634	0.229836	258386	121844	-10.1464
0	-0.0305828	0.235393	266314	124138	11.9088
0	-0.0166136	0.247977	278248	20982	-0.388374
0	0.0209404	0.235293	274308	52985	0.0773569
0	0.0504277	0.279251	264356	67136	1.93367
0	0.0546115	0.208185	276282	86657	-1.05629
0	-0.000430131	0.219342	274228	103921	1.73509
0	-0.0485579	0.264332	268310	110964	-1.78594
0	-0.0410088	0.240629	286212	124701	9.46637
0	0.0112568	0.226086	276284	119940	-0.121933
0	0.0505354	0.215482	272298	129930	-8.09156
0	0.0316073	0.252196	262372	27861	0.369778
0	0.0424686	0.238885	280266	39200	0.62276
0	0.0438225	0.232334	278260	69550	0.755626
0	0.00074064	0.277434	266286	82743	-4.63981
0	-0.00428081	0.244553	268336	103846	-0.148276
0	0.0462164	0.298967	284256	117103	-8.0252
0	-0.0254058	0.245357	276248	118900	4.39914
0	-0.0191867	0.230978	260354	120920	7.1443
0	-0.0328355	0.239772	282248	135117	1.61474
0	-0.00684168	0.306484	270338	24977	0.424821
0	0.0210296	0.251672	276280	48007	-1.28995
0	-0.0159361	0.24869	280236	72166	0.598299
0	0.0431141	0.235023	274260	82609	-4.47425
0	0.0267012	0.247416	286214	99702	0.717794
0	0.0272385	0.274063	280270	114031	0.139853
0	0.0360834	0.266879	280278	124791	-8.00531
0	-0.0213874	0.294782	274306	122773	-1.57999
0	-0.0548691	0.215967	278274	133772	-5.75223
0	-0.0273966	0.254863	278282	29924	0.162607
0	-0.0364533	0.271467	268330	51095	0.161786
0	0.0265632	0.269671	266304	64362	0.197297
0	0.0177133	0.255094	270288	78050	5.76467
0	0.0383252	0.24377	280266	101928	-0.480121
0	-0.0512694	0.249566	274286	101086	6.38024
0	-0.0116593	0.248639	272300	118024	-0.324876
0	0.0654719	0.207385	268314	118840	-11.617
0	0.0243286	0.19674	264320	123705	-0.236882
0	-0.0265259	0.278888	274274	26866	-0.288221
0	0.0189171	0.22822	270276	48815	1.47584
0	0.0226233	0.267425	268364	60772	0.695701
0	-0.0245684	0.220077	260360	92844	4.91567
0	0.0794552	0.251609	288200	100057	-3.10709
0	-0.00722533	0.226398	282232	110759	2.66378
0	0.0518547	0.269144	260378	117952	-4.86481
0	0.00719613	0.249971	278240	125888	-5.42602
0	0.0480156	0.224965	270272	127781	-13.2622
0	-8.38388e-06	0.228588	274284	24978	-0.203661
0	0.0184958	0.209022	272314	42837	0.733158
0	0.00759472	0.239053	286202	65572	1.22975
0	0.0103402	0.244107	252386	71918	-0.470895
0	0.00471934	0.233565	268294	92683	-2.07692
0	0.012426	0.226045	278254	114397	4.16559
0	-0.0240148	0.211982	266282	121033	-2.68144
0	0.00766332	0.251811	268346	122019	7.11301
0	0.0363157	0.249362	268268	127054	-7.48943
0	0.0212612	0.236669	280272	29062	-0.309542
0	0.0101081	0.25867	278244	40831	-1.12004
0	-0.0241302	0.250754	274220	58099	-3.40916
0	-0.00928687	0.247612	276276	90888	5.75714
0	0.00333997	0.275614	264324	102893	0.150574
0	0.0117944	0.233414	262342	99945	-3.24718
0	-0.034736	0.237339	270338	118940	9.80072
0	-0.0178898	0.222341	278270	118761	2.84547
0	-0.00712594	0.266575	282222	127506	6.71239
0	0.0253171	0.250491	270278	24047	-0.0687604
0	-0.00201163	0.268376	250414	37975	1.74574
0	0.0101873	0.225327	274300	60980	-0.858765
0	-0.0127221	0.265605	278204	88994	1.47921
0	0.00200488	0.235121	278236	97747	-1.46012
0	0.00998065	0.259618	270298	100090	-5.81925
0	0.048344	0.219893	274278	121240	-5.34013
0	-0.0122394	0.287698	266310	121669	-3.30068
0	-0.0143993	0.286972	276324	129136	-1.26163
0	-0.000931855	0.259943	274274	27986	-0.426256
0	-0.0336434	0.220501	280288	43945	1.05342
0	-0.000846164	0.295013	278246	70947	1.13513
0	-0.00701946	0.216454	278282	75071	4.80044
0	0.0194515	0.233919	274294	109847	-2.7511
0	0.017859	0.294628	280302	122022	11.0212
0	0.033466	0.241268	266306	120238	-10.4611
0	-0.0262668	0.257262	268294	119840	15.2561
0	0.0238404	0.221272	272296	129159	4.21697
0	-0.0448191	0.276988	280250	17928	0.689419
0	0.0226223	0.224578	264328	42015	1.07045
0	0.0366307	0.252955	268304	62994	-0.398104
0	-0.0284169	0.210798	260362	85637	0.867651
0	-0.000428914	0.240494	262354	88909	1.0695
0	-0.0208338	0.29336	272286	113514	4.60582
0	-0.0120394	0.181588	276236	122400	-5.17854
0	-0.00429888	0.243419	262324	120037	-5.69792
0	-0.0314632	0.230989	268328	127674	13.9357
0	-0.0128068	0.269161	262282	28682	-0.0850473
0	0.0340866	0.272413	266340	45731	0.587549
0	0.0164901	0.278284	276282	63534	-1.68152
0	-0.022618	0.240382	268312	85841	4.58989
0	-0.0335999	0.211764	280198	107923	6.10631
0	-0.0300956	0.247919	274274	106017	11.4692
0	-0.0791089	0.244822	274282	119021	-3.96097
0	-0.00757778	0.247176	278230	125743	0.0331204
0	0.0259136	0.222203	270254	129042	-10.4831
0	-0.0215545	0.255239	270306	18045	0.00598749
0	0.00931811	0.261351	276272	42962	1.25516
0	-0.0387683	0.217572	272276	73671	2.37613
0	0.000926726	0.212786	278256	92894	3.08708
0	-0.0176733	0.254725	282224	99200	-6.76274
0	0.00436195	0.20858	276304	118972	-2.3391
0	0.0116262	0.249743	278228	115286	-1.42319
0	0.0691528	0.193196	268316	123861	-16.1849
0	-0.0375133	0.21973	270320	129875	-0.16402
0	0.00221144	0.257616	286202	17994	0.0727082
0	0.00637221	0.212789	274300	42232	-0.182981
0	0.0157203	0.245772	272348	67828	0.886566
0	0.0154377	0.223301	274272	80071	1.26871
0	-0.0280209	0.227664	268338	99221	-3.71869
0	0.0518131	0.27848	278312	108855	2.35979
0	-0.00610845	0.205697	262356	117846	-1.49272
0	-0.0219386	0.218904	264376	119413	13.3807
0	-0.0272329	0.246426	276284	130185	5.97927
0	0.0103661	0.253193	280254	27934	-0.0734116
0	-0.00432417	0.232499	272282	42974	1.32751
0	0.0377634	0.280247	262390	60252	0.252105
0	-0.003015	0.301026	266316	80970	0.476631
0	-0.0488289	0.262396	272324	99917	-9.66655
0	-0.060361	0.225476	256400	107033	1.70626
0	-0.0345061	0.256944	266368	112225	-2.92072
0	-0.0371123	0.220634	272276	124882	5.97571
0	0.0427636	0.200841	270296	131087	-2.87544
0	0.00396341	0.234999	282278	19985	0.851085
0	-0.0645419	0.234797	284198	45015	-0.399318
0	0.0215955	0.238353	254398	55138	-0.0370423
0	-0.019481	0.25802	266322	72065	-2.51287
0	-0.0232883	0.203641	260338	102764	0.6812
0	0.031935	0.285371	284250	114611	6.24588
0	-0.0581165	0.224875	262380	115140	3.97161
0	-0.0183806	0.230427	282278	133212	-2.02389
0	-0.0629807	0.225424	274292	130929	22.2913
0	0.00637021	0.216676	280232	21848	-0.262202
0	0.0110002	0.268123	274288	46148	1.53562
0	0.000602724	0.266627	278264	63180	-1.90752
0	-0.00648112	0.259958	284184	84146	-0.330175
0	-0.0290169	0.242407	270318	96023	0.918661
0	-0.000922456	0.223409	266334	111135	-3.63982
0	-0.0387591	0.255571	274288	118801	0.488086
0	-0.0131592	0.247261	266342	118261	-2.91019
0	0.0614596	0.236678	274266	132371	-12.9885
0	-0.026209	0.278061	264304	21861	0.622411
0	-0.00814987	0.267519	260392	38804	2.15964
0	0.087073	0.25759	280256	59995	-4.45148
0	-0.0114683	0.254424	270298	78870	-2.99292
0	-0.0645361	0.260087	272296	108710	5.47951
0	0.0344992	0.224488	270348	107877	-4.81496
0	-0.0391198	0.238887	290158	124851	6.41904
0	0.0104473	0.231229	276302	129714	-9.52304
0	0.0553474	0.186585	264336	130124	-4.86785
0	-0.0137957	0.24159	268338	21127	0.177319
0	0.0507972	0.229053	264342	37146	-0.992279
0	-0.0302035	0.240642	270328	62924	0.0833327
0	0.0408582	0.24452	270286	87686	-1.68969
0	-0.024936	0.211411	272256	101209	4.52718
0	-0.00814434	0.267673	268306	100600	5.00301
0	0.00425999	0.230713	266316	116911	0.987611
0	-0.0299796	0.235867	284232	129701	3.95595
0	0.00715553	0.239395	284244	135564	-1.19307
0	-0.0170287	0.261594	272274	18013	-0.00618336
0	-0.0510788	0.265645	274292	43817	-0.545991
0	0.0163593	0.276159	266346	66128	0.267962
0	-0.019693	0.242611	278204	74448	2.4896
0	-0.0142667	0.259511	278258	94920	-8.1799
0	0.00848465	0.221964	278298	108858	3.13823
0	-0.0842396	0.237451	270310	121765	-2.07263
0	-0.0664878	0.234913	280244	123309	3.34296
0	0.00557452	0.225887	282262	131915	-0.332717
0	0.000569085	0.21712	256390	23981	-0.467897
0	0.00794812	0.249824	272270	45874	0.315067
0	0.0394324	0.260855	276294	74859	0.212319
0	-0.00346753	0.272874	276250	88622	1.98368
0	0.0287644	0.238982	270290	92830	-7.81712
0	-0.0165899	0.214519	278260	111812	6.46717
0	0.00937364	0.232596	266314	115331	7.35911
0	-0.0297804	0.234717	270302	124918	5.20696
0	-0.0343869	0.219355	278256	129439	9.62699
0	0.0372486	0.25446	288240	28932	0.331897
0	-0.00799425	0.217352	268344	48198	-0.346822
0	0.0371327	0.25737	266336	52670	0.149079
0	-0.0348365	0.229309	258354	87085	-0.160729
0	-0.0236572	0.191255	282260	98207	1.28549
0	0.00575309	0.253049	284202	107985	-0.815806
0	0.0382267	0.259244	276234	117593	-10.9405
0	-0.0394369	0.264326	288222	129079	3.33602
0	-0.0453063	0.197352	272268	128310	12.8678
0	-0.00377022	0.26076	270280	19812	0.200143
0	-0.00143987	0.24879	244462	36941	0.805495
0	-0.0145585	0.230692	280268	60844	0.738167
0	6.10833e-05	0.286766	290230	89320	-5.8183
0	0.00176673	0.302362	268312	85901	-5.73854
0	-0.0437436	0.207808	272332	111008	1.36895
0	0.013553	0.272712	272230	114849	-7.28962
0	-0.0759606	0.244368	268334	120123	13.578
0	0.0259694	0.209684	276256	132674	-5.74036
0	0.045894	0.23218	264306	19067	-0.390134
0	0.00134789	0.244107	264336	41895	-0.38318
0	0.022706	0.24958	276256	57857	1.81024
0	0.00539478	0.266157	266318	77655	0.989045
0	-0.0210703	0.279263	276276	99172	2.28568
0	-0.00179667	0.283819	260336	90919	-2.95286
0	-0.00678138	0.26299	278292	120232	-3.97977
0	0.0170495	0.224649	280244	130593	4.40964
0	-0.0210939	0.195024	278234	136354	15.3549
0	-0.0339944	0.270297	258348	18952	-0.754128
0	0.00548263	0.256073	268326	43818	1.53607
0	-0.00894995	0.265795	280238	64314	-1.08088
0	0.0102221	0.258633	266338	75573	-1.81521
0	0.00536658	0.279148	258392	91880	0.306224
0	-0.0193253	0.225664	270300	111771	3.05568
0	-0.0552313	0.264843	260336	114791	-2.6865
0	-0.042732	0.199795	278276	131137	8.34337
0	0.0281369	0.218785	268346	130122	-8.41294
0	0.0305422	0.262793	268308	28152	0.858563
0	-0.0174743	0.242561	266294	41937	-1.69504
0	-0.0499678	0.281461	274322	65840	0.630636
0	0.0280459	0.225732	268308	79010	-2.80402
0	-0.0287504	0.265577	274314	102670	-1.54346
0	-0.00486471	0.248719	274258	112686	-2.97122
0	-0.0604249	0.254009	276264	109065	1.3338
0	-0.0168867	0.263258	262324	123499	10.6713
0	0.0807012	0.198836	266336	125108	-9.22916
0	-0.0156669	0.216265	266356	24987	0.159402
0	0.00573303	0.244479	270302	50113	0.800436
0	-0.0070474	0.231876	282210	64202	-0.959103
0	0.0568343	0.220065	290188	80948	0.128528
0	0.0039611	0.239759	266338	91928	2.23246
0	0.0384189	0.228768	268322	107809	-1.99257
0	0.0184623	0.241144	276262	116217	-2.76509
0	-0.0145436	0.258621	282246	122952	-0.264482
0	-0.0294534	0.26808	286202	136841	5.87137
0	0.0167434	0.262297	266352	19168	0.789494
0	0.0160173	0.288693	272302	34746	-1.01864
0	0.00912024	0.247717	274312	70940	2.06625
0	-0.0503817	0.272248	272320	81967	2.86163
0	0.0563886	0.211432	278276	100001	-4.96509
0	0.0374712	0.317091	266314	106056	-7.31358
0	-0.0191001	0.246331	276226	118924	9.15426
0	-0.0172745	0.233603	278294	125897	14.0021
0	0.0280904	0.213716	268330	127410	-0.85106
