0	-0.0386423	0.251305	270320	17907	-0.183478
0	0.0194992	0.23885	278284	53979	1.82247
0	-0.0222958	0.198915	266318	72539	0.183162
0	0.0205821	0.210051	258408	84084	-0.658501
0	0.0844993	0.224081	268356	98110	-3.47694
0	0.0058978	0.209259	270338	108191	0.0733561
0	-0.0399991	0.211528	278244	115138	3.34298
0	-0.00943528	0.19737	262304	122003	-2.75587
0	-0.0271987	0.138851	280284	137114	-1.09271
0	-0.0222357	0.28788	276274	23966	-0.294505
0	-0.0143245	0.269582	276248	45726	0.76551
0	-0.0116282	0.221192	246424	65056	-1.06441
0	0.0609286	0.211996	282268	95063	-0.650723
0	0.0148958	0.241291	272302	107906	3.56899
0	0.0263754	0.228952	260384	97830	8.58391
0	0.00238007	0.246025	280242	118122	2.80022
0	-0.000759562	0.219694	268308	127374	-2.22951
0	0.00730732	0.17806	280242	136115	-6.67477
0	0.0123313	0.239341	264356	18058	-0.0307241
0	-0.000627348	0.227923	270314	48786	-0.982735
0	-0.00637451	0.254684	276294	64798	-1.7306
0	-0.0319097	0.200235	282298	91665	0.817253
0	-0.033418	0.243649	270270	100681	4.675
0	-0.0229943	0.242505	278264	113076	1.25381
0	0.0298177	0.196511	280274	111999	0.749194
0	-0.00137345	0.155928	274266	131918	4.21667
0	0.000894396	0.173464	284232	139167	2.26704
0	-0.015943	0.233111	280224	23010	0.13944
0	-0.0263169	0.279735	274314	48114	0.0962712
0	-0.00672671	0.261791	272296	63121	0.576517
0	-0.0349178	0.232212	272278	85034	-0.82994
0	-0.0216439	0.203977	276228	106130	4.81449
0	-0.021567	0.196805	274298	107582	4.84256
0	0.0445705	0.189781	246446	112203	2.36204
0	-0.0108976	0.210754	250416	116172	-1.15463
0	0.0258255	0.186457	280286	134593	-3.78574
0	0.0232628	0.267662	276274	28934	-0.531018
0	0.0108151	0.225079	252406	38901	-1.44077
0	-0.00410925	0.265344	272280	63178	1.79859
0	0.0024154	0.240677	268326	84064	-5.73919
0	0.0446687	0.226731	284176	100043	0.399624
0	0.0446007	0.215599	282240	118033	-1.6994
0	-0.0148086	0.181322	268340	117701	-5.62114
0	0.0180584	0.195059	280246	132122	0.722326
0	-0.0111986	0.164802	268324	127531	8.57674
0	0.0136496	0.296701	278310	20975	-0.242164
0	0.0306751	0.244954	276274	46783	0.445098
0	0.0210467	0.272134	260346	52894	-1.47344
0	0.0167574	0.220738	262344	92187	-3.74378
0	-0.0178871	0.238746	278286	100975	0.867719
0	0.042408	0.235804	280284	119003	-0.212718
0	-0.00730014	0.226601	270340	127189	1.27525
0	0.00957662	0.164162	262302	119856	-7.32846
0	-0.0157476	0.141497	272296	132165	2.49886
0	-0.00552631	0.257972	264360	15149	0.110576
0	0.0224625	0.269971	274280	35873	-1.82201
0	-0.00272238	0.261222	274290	61038	-0.250676
0	0.0510199	0.189206	282246	97749	0.980487
0	-0.00530641	0.222162	256352	95842	9.96194
0	-0.0263308	0.219884	272268	108507	0.877504
0	-0.00606765	0.17452	288204	120222	6.15516
0	0.0253607	0.20952	258408	120107	0.00599411
0	-0.0124601	0.188744	282238	136021	7.35335
0	0.0304838	0.256428	274276	19981	0.356276
0	-0.014814	0.220491	278248	37026	-0.715455
0	0.000773052	0.285859	264356	64784	-1.41253
0	-0.0062785	0.280486	262342	86118	0.597568
0	-0.0239135	0.22747	260366	83098	3.4622
0	0.0539442	0.226305	274264	104962	0.832754
0	0.0465284	0.209074	276292	114623	2.3557
0	-0.0579676	0.215309	256410	115586	-5.64401
0	0.00998848	0.164628	284246	135067	-3.9944
0	0.00438174	0.256979	272302	21759	0.247955
0	-0.0340654	0.221791	258356	45108	1.52034
0	0.018294	0.286563	256396	63056	1.06882
0	0.00544215	0.252359	276276	81976	2.94389
0	-0.0659147	0.177996	286226	108389	0.016219
0	0.0380402	0.215354	274286	108930	-4.26579
0	-0.017339	0.217592	264338	117031	1.9604
0	0.0422308	0.191304	282238	131350	-12.2854
0	-0.0330589	0.147803	280236	134046	1.4595
0	0.0446381	0.238405	270308	21808	-0.308259
0	0.0247832	0.253909	278214	49049	0.145427
0	0.0358036	0.254307	276278	67982	-1.84438
0	0.00971739	0.256456	264334	75074	0.517943
0	-0.0506589	0.231628	262346	97218	-0.317625
0	0.0349593	0.200763	274288	115198	-6.91833
0	0.0175151	0.204023	272288	116623	-5.86805
0	-0.0321621	0.220038	276262	121102	3.7643
0	0.0785857	0.154419	284230	128391	-8.09049
0	0.0280444	0.241574	272276	23897	0.160053
0	0.0565373	0.252077	282248	47050	-0.921708
0	-0.0530808	0.212267	270302	76984	0.422184
0	-0.00170176	0.227078	284276	95041	-1.44087
0	0.0708502	0.235859	274272	107512	-3.47012
0	0.0206872	0.171585	270306	110470	-3.86222
0	-0.0255817	0.18737	260354	116516	5.6061
0	0.0339939	0.171306	282286	134885	-3.73317
0	0.0334873	0.202468	280236	135119	6.3709
0	-0.000885588	0.228821	276252	23934	-0.277264
0	0.000265661	0.271547	276280	40923	-0.15728
0	-0.0027799	0.241134	268264	55907	-2.56643
0	-0.0234897	0.225507	268292	84839	1.50095
0	0.049447	0.263674	280196	100105	-5.95684
0	0.000490179	0.25696	270292	110168	1.23588
0	-0.0561822	0.17951	276310	122892	0.716938
0	-0.00114719	0.142525	270338	129976	1.3861
0	-0.084362	0.176513	280258	134740	4.86343
0	-0.00727374	0.280037	278286	19731	-0.00696122
0	-0.0125061	0.260995	274304	44893	-0.468661
0	-0.00385391	0.242487	276296	69669	-0.218139
0	0.0106215	0.226617	274326	90003	1.40874
0	0.050938	0.239563	272298	92868	3.29514
0	-0.01085	0.194666	272300	111943	-6.50445
0	-0.0177169	0.193356	266338	121965	9.27723
0	0.0168065	0.195946	268292	119725	2.76828
0	-0.00827827	0.13863	284250	138470	2.60191
0	-0.00089284	0.267765	282214	25035	-0.358606
0	-0.0106265	0.234539	266320	45035	0.392003
0	0.0195477	0.209993	282190	63028	0.461712
0	-0.0103442	0.239583	286238	83896	0.911101
0	0.00254657	0.210174	254354	90391	1.56843
0	0.00361918	0.21813	276250	113515	3.23731
0	-0.0148563	0.208221	272326	119056	-1.23555
0	0.0322322	0.15302	272286	125057	-7.33077
0	-0.0215209	0.17102	288208	136122	-2.05834
0	-0.0463787	0.270223	276288	26005	0.0730356
0	-0.0436696	0.24395	272322	46831	1.26244
0	0.0216352	0.247454	280252	60924	-0.571627
0	0.0326106	0.237074	280248	80598	-0.748154
0	0.0129317	0.239636	278252	98248	0.114352
0	-0.0140642	0.242995	282182	109983	-2.7969
0	-0.0406018	0.185349	270294	122940	7.28351
0	0.0384875	0.157324	266338	125114	2.21851
0	-0.0489608	0.164947	264324	121839	-0.690186
0	0.00212386	0.203731	274314	34877	0.422156
0	-0.0155608	0.260048	284228	58059	-0.758093
0	-0.0442539	0.250718	272308	65712	-0.107339
0	-0.00513354	0.242841	266298	82645	-2.18513
0	0.0127552	0.229469	274326	104413	0.833623
0	0.037639	0.181552	272312	111811	-2.61484
0	-0.0127258	0.223756	282246	116049	0.325173
0	-0.00437662	0.179386	286206	131433	-3.62206
0	0.0234538	0.134177	274272	134849	-2.2473
0	0.00583937	0.261796	270310	19937	-0.304797
0	0.0592053	0.237627	278272	41748	0.765608
0	0.00188599	0.224682	276282	74858	0.912025
0	0.0015102	0.218005	282242	78985	-0.733911
0	0.00857126	0.181871	270300	94108	-4.0529
0	0.000349673	0.19667	262358	107064	-0.711303
0	0.0217622	0.217184	274274	120852	2.81309
0	-0.00395135	0.188236	268296	124272	-1.15924
0	-0.0562764	0.183619	280258	133046	9.82881
0	-0.0173308	0.284499	272338	21192	-0.0332511
0	-0.0404559	0.239169	270306	49171	0.528227
0	0.0175072	0.254027	266284	71033	-0.138177
0	0.01297	0.276836	270334	75822	2.14686
0	0.0213466	0.246924	262348	88002	2.63255
0	-0.0584239	0.214032	278268	118050	12.4779
0	-0.00651459	0.218261	282228	120837	8.55297
0	-0.00921586	0.162703	278238	128126	2.03578
0	-0.00860452	0.16114	264294	122527	0.937278
0	-0.0102814	0.259322	274294	21000	-0.229875
0	-0.0358573	0.251475	260354	41114	0.595885
0	-0.00656017	0.220152	280258	68016	-1.07548
0	0.0487448	0.257991	260358	79655	-2.42469
0	0.0288549	0.209756	258388	98629	-1.08794
0	-0.0271654	0.210465	278240	112879	-1.42329
0	0.0115927	0.162606	282258	127990	7.16388
0	0.0150756	0.185278	278228	132183	-2.02012
0	-0.0609692	0.158008	276246	132176	4.62305
0	0.0288538	0.262002	268354	17986	0.158835
0	-0.00746103	0.227954	274304	45822	-0.339088
0	-0.0186161	0.221328	270296	56131	-0.136297
0	-0.00211485	0.237114	276256	74361	-1.04833
0	0.0269354	0.212635	264350	104088	-1.85228
0	0.00853261	0.196585	282218	114145	-1.33117
0	-0.039026	0.159973	276238	127211	2.51574
0	0.0350605	0.159135	286186	133178	-10.1878
0	-0.0242178	0.187285	272284	130112	0.183079
0	0.0523612	0.238122	270302	24819	-0.467367
0	-0.0119864	0.250514	266354	52058	0.958527
0	0.0208704	0.23464	266294	73051	-0.626058
0	-0.0166883	0.261753	274286	87795	-3.22105
0	-0.00155497	0.227004	262334	85930	-1.31678
0	-0.0296513	0.23642	284248	111777	-0.833332
0	0.0332123	0.171563	272296	120594	-0.99063
0	0.0349686	0.172247	280242	129373	-8.82875
0	0.000564423	0.158058	276268	133631	-2.10142
0	-0.0298887	0.270463	256370	16930	-0.150167
0	-0.0296325	0.257445	264322	45995	1.1221
0	0.00561032	0.220815	280286	66006	1.30195
0	-0.035055	0.291135	266324	74992	0.296586
0	0.0174749	0.25424	248346	88672	-0.315489
0	-0.0139091	0.226112	278276	112701	-1.5583
0	-0.0412981	0.228279	272280	119948	-0.977252
0	-0.0140791	0.165742	266388	122494	0.320637
0	-0.0106481	0.152945	280240	128224	-4.0589
0	-0.0241589	0.251853	290176	27857	0.0960845
0	0.00608533	0.286958	274276	44128	-0.32252
0	-0.0390214	0.251996	274288	68084	1.36276
0	0.0264032	0.202353	280220	96747	-3.78085
0	-0.0267592	0.305829	262408	85853	-0.0461144
0	0.0566247	0.185886	266350	109918	2.18367
0	0.0277348	0.174052	258392	112998	-0.36543
0	0.0447414	0.193152	280258	125997	2.13409
0	-0.0484196	0.147095	280228	132132	3.44874
0	-0.000337888	0.232182	280266	26011	0.164792
0	-0.0521955	0.262252	280260	38898	-0.473321
0	-0.0389592	0.237865	264360	65975	-0.282519
0	-0.0368474	0.214571	282218	93885	0.326732
0	-0.000581197	0.2266	266274	98470	0.744081
0	-0.0188519	0.197266	282252	119113	5.08394
0	-0.0198684	0.23059	268284	112212	2.45236
0	-0.0014869	0.217618	274290	125532	-4.29986
0	-0.00661236	0.17585	270300	122917	-1.60148
0	-0.0206861	0.251897	280216	19017	0.0834239
0	-0.00334037	0.258404	270326	42042	-0.787722
0	-0.030809	0.27326	278218	62091	-0.698983
0	-0.00425869	0.233997	286220	82929	1.98778
0	0.0237967	0.248908	264340	97704	1.10706
0	-0.0177652	0.19055	272262	119573	-3.13434
0	-0.0301528	0.270867	274300	111936	6.39021
0	0.028414	0.136913	280266	132909	-5.9222
0	-0.0121635	0.172192	282262	128686	5.71826
0	0.0188474	0.263188	266334	19027	0.362343
0	-0.0103052	0.229089	276240	42093	-0.0748032
0	0.0436623	0.27501	274270	59968	2.25582
0	0.0276418	0.25592	274318	92967	-1.76699
0	0.051796	0.24508	282232	103142	5.82533
0	-0.0405189	0.193164	278252	108134	-0.568739
0	-0.0330549	0.19766	276264	119173	-3.54724
0	-0.00972732	0.148482	280274	131398	3.19493
0	-0.0231108	0.151012	276250	130611	4.31547
0	0.0246817	0.254317	274294	27228	-0.238116
0	0.0152202	0.247547	268298	27915	1.20632
0	0.062739	0.244942	274284	74738	-2.36448
0	0.0165133	0.226245	272280	84270	-1.62441
0	-0.00962538	0.222885	262342	92286	1.15176
0	0.00189617	0.222263	282218	115584	-1.68212
0	-0.0112614	0.219116	276244	122436	4.63784
0	0.00796785	0.175384	284204	128080	2.18283
0	0.00782753	0.241547	278260	124923	-5.14537
0	-0.013308	0.217099	268308	25062	0.122926
0	0.0484113	0.233313	266316	53828	-0.512601
0	0.0313524	0.225121	280238	61928	-0.496005
0	-0.00222283	0.215814	274314	83265	2.08933
0	0.016189	0.228536	266320	93802	-2.28639
0	0.0424928	0.234697	270324	112880	-2.58589
0	0.0411232	0.200485	272332	123440	-1.8216
0	0.0148405	0.202083	282220	135294	-6.52776
0	-0.00303316	0.149353	284228	135101	-9.06042
0	-0.00484885	0.277406	256400	23981	-0.242586
0	-0.00618692	0.238996	264292	45618	0.08736
0	-0.0256259	0.249565	268334	62150	-2.41468
0	-0.0189285	0.264103	264358	79932	-1.0866
0	0.0394064	0.227214	282254	93069	-1.40873
0	-0.0301689	0.233661	282226	110768	4.14352
0	-0.0335919	0.183645	288186	122195	4.96434
0	-0.0280506	0.182445	268342	127241	-0.521954
0	0.0183702	0.163147	272328	129178	-8.4708
0	0.035472	0.270059	266326	22827	0.234291
0	-0.0170303	0.222957	278260	46773	0.243003
0	-0.0342174	0.230523	276280	67880	0.211461
0	0.0164178	0.213524	266294	86835	-0.802745
0	0.038276	0.194908	274298	103938	-1.7995
0	0.00087186	0.206902	282240	112066	0.914567
0	-0.0179969	0.163798	272278	117351	-5.40942
0	-0.00718552	0.172621	270306	129374	-0.76028
0	-0.0327344	0.16326	270276	129151	-2.89716
0	0.00969267	0.231146	276292	16877	0.0194611
0	-0.0246918	0.252992	262294	38798	0.111012
0	-0.0246798	0.260291	280284	66096	0.746454
0	-0.000505864	0.234166	260368	79955	1.87744
0	-0.00914032	0.224612	270294	103331	-2.66432
0	0.0167013	0.182221	264320	109089	0.457579
0	-0.0260255	0.221898	278270	119794	4.79307
0	-0.0193016	0.185652	272312	124961	-1.18369
0	-0.00427457	0.178201	272274	130844	-6.13089
0	0.0422297	0.255769	274296	19797	-0.463635
0	0.0265743	0.20409	266332	48117	1.3572
0	-0.034961	0.231961	268344	59697	3.0795
0	0.03818	0.286345	270298	77890	-0.108053
0	-0.0184254	0.235604	274284	93757	3.648
0	-0.000249083	0.210108	264342	105227	-1.36685
0	-0.0356008	0.165481	288232	134541	5.1882
0	0.0274961	0.176908	284232	125097	3.42929
0	0.0272866	0.150292	284232	134998	-4.71674
0	-0.00566123	0.213177	272322	24147	-0.0736963
0	-0.0300925	0.250469	274292	50932	-2.06141
0	-0.00593874	0.242894	272292	75866	1.41417
0	0.0122733	0.228962	284230	87759	-1.01514
0	-0.011315	0.239484	274296	97868	5.6969
0	-0.0257549	0.205035	276274	114038	3.17752
0	0.00247008	0.237865	284228	117152	4.76536
0	-0.0359617	0.206796	262374	115227	-0.643348
0	0.00961239	0.12899	268304	124865	-4.43551
0	0.0122081	0.278493	282228	23260	-0.15818
0	-0.0179938	0.225754	262332	46067	0.833957
0	-0.0110503	0.232961	268268	63018	-0.486518
0	-0.011731	0.244964	272274	84791	0.231686
0	0.0298374	0.245842	286252	108654	-5.65337
0	-0.053098	0.240034	272310	109942	2.24654
0	-0.0160922	0.208833	284228	120233	10.6745
0	-0.0226758	0.205124	278302	126879	-0.798671
0	0.0193461	0.120302	284240	139882	1.38624
0	-0.000971457	0.23101	282256	27035	-0.638377
0	0.0480318	0.245213	284252	48076	-1.552
0	0.0106873	0.259251	272284	64085	-0.880244
0	0.00167259	0.201623	262340	84137	-1.43388
0	-0.0334468	0.244157	272276	101129	-0.987093
0	0.0221567	0.205433	278284	117596	3.60622
0	0.0436419	0.162402	282256	128151	1.57854
0	0.0097306	0.178865	264370	122805	-3.53815
0	0.0182474	0.172866	270308	129395	-7.07157
0	-0.0229786	0.211461	278270	15995	-0.210838
0	0.0287779	0.233536	268312	50349	-0.30795
0	0.021396	0.221932	264334	63908	1.6903
0	0.00728147	0.227891	270302	88401	-1.07523
0	0.0261239	0.201136	268356	88116	5.69495
0	0.0169218	0.225754	264356	108645	0.860263
0	0.00783623	0.184751	278284	130608	-2.77954
0	0.0265256	0.177093	258330	119755	-4.26467
0	0.00167667	0.161404	278286	132070	-0.249195
0	-0.0338515	0.254345	256310	30003	0.462279
0	-0.0237666	0.228313	248390	44171	-1.66615
0	-0.00911993	0.205396	270302	62918	1.29749
0	0.055807	0.223141	264296	87316	-0.56105
0	0.0422035	0.226772	276274	94685	-1.48008
0	0.0150908	0.215881	276244	114791	4.98403
0	-0.031192	0.169221	286196	127767	0.942394
0	-0.0211545	0.160864	286214	132019	-6.17961
0	-0.0507381	0.155021	274318	133924	5.16688
0	0.0595582	0.234282	266300	25015	0.317627
0	0.0114751	0.263163	282262	48852	0.733658
0	0.0252451	0.256785	272326	75038	0.642162
0	0.033929	0.232988	268320	81901	-1.97238
0	0.076442	0.173	280244	110105	-1.88096
0	0.0184891	0.167789	276282	117097	-5.93195
0	-0.000486538	0.163761	282272	124973	0.0277137
0	0.00223172	0.128188	266318	127897	-4.72875
0	-0.00234773	0.164208	284206	135681	-2.31771
0	0.00495312	0.210311	290226	19146	0.116494
0	0.0300113	0.24091	286162	38860	-0.802317
0	-0.0551653	0.231525	256404	67055	2.24586
0	0.0327169	0.245985	276282	90774	1.94617
0	-0.00661525	0.223646	278262	95106	2.63674
0	0.0112118	0.190948	270280	105955	4.15472
0	0.0022596	0.154328	272294	124772	-8.90495
0	-0.0210131	0.191574	268324	121937	2.50349
0	-0.00294626	0.131023	276296	131024	6.07766
0	-0.0378029	0.255499	266304	16030	-0.169259
0	0.00982612	0.249878	276294	50610	-0.469784
0	0.0122265	0.224112	270306	63959	0.74915
0	0.0265504	0.279074	272280	83861	1.28927
0	0.0686233	0.220597	272236	99947	-4.81364
0	-0.0148221	0.21476	280268	116567	0.276511
0	0.0262123	0.18486	282224	122122	0.255899
0	0.00387157	0.222342	266318	121024	4.9644
0	0.0145096	0.206651	276272	130077	1.26689
0	0.0237711	0.228754	270256	23902	0.498598
0	-0.0278827	0.263677	272312	47972	-0.18188
0	-0.0481061	0.278802	264328	51163	0.300776
0	0.0272899	0.219924	280232	83943	3.00192
0	0.00319385	0.211701	270298	91007	4.68342
0	0.0200047	0.256911	270306	108943	-0.378078
0	-0.0181388	0.165228	262380	110832	1.82435
0	0.0139629	0.175796	274266	130079	4.58257
0	0.0262775	0.173307	268300	127590	0.629389
0	0.0275776	0.249664	270290	30056	0.167592
0	0.0120705	0.244244	278230	50823	-0.364955
0	-0.000908376	0.234492	268322	57888	-0.462676
0	0.0418142	0.257607	286198	88305	0.717865
0	-0.00126251	0.24466	282230	98849	3.17335
0	0.00469111	0.231939	272258	107837	2.45585
0	0.0301282	0.194604	274276	119482	-1.80599
0	-0.0193693	0.14846	274284	127183	-0.938903
0	0.029584	0.170147	274294	128770	-2.21619
0	-0.0447845	0.24125	280282	14963	-0.16557
0	-0.00736428	0.246142	276286	37040	1.76376
0	0.0221524	0.265664	278248	68205	1.09564
0	-0.000467157	0.250824	272266	79805	3.69444
0	0.029115	0.248025	262344	94830	-4.04759
0	0.00120784	0.217992	282258	114561	1.92047
0	-0.0744607	0.173889	272286	121407	7.7432
0	-0.0307064	0.20333	272242	120806	5.66403
0	-0.00703328	0.13075	282264	137099	0.372476
0	0.016517	0.241243	264304	20024	-0.397142
0	0.015946	0.243406	278250	39975	0.994021
0	0.0378373	0.259917	274298	68432	-2.46717
0	-0.0216093	0.2123	288194	89401	1.35606
0	-0.00267356	0.198432	266320	101433	2.32508
0	-0.0251703	0.202546	278240	119045	-0.0189502
0	-0.0542871	0.155887	282222	126072	1.29784
0	0.0268362	0.21986	278262	125101	2.08684
0	-0.01525	0.141394	278240	133166	2.51552
0	0.00350169	0.242711	278246	17971	0.0151609
0	-0.0168768	0.247077	274326	44126	-0.421858
0	0.0578663	0.260028	278240	62910	-0.232221
0	0.0316966	0.21285	268334	91983	-3.93498
0	0.0203437	0.228375	238510	93005	0.0349214
0	0.0355504	0.182381	278320	114861	1.4637
0	0.00520132	0.174421	264340	118203	6.12531
0	0.0188101	0.174474	278280	129355	0.122728
0	0.0337046	0.156343	260300	124868	-0.00454926
0	0.0148982	0.23484	278308	17875	0.137895
0	0.0175142	0.247251	268296	54065	-0.804216
0	-0.012655	0.209059	266328	68230	-1.56495
0	-0.000652434	0.223673	284260	96141	-1.44441
0	-0.0210652	0.232232	278200	91550	0.544186
0	0.0360494	0.216049	282222	115993	-4.47611
0	0.0397675	0.170325	276238	120733	-7.46161
0	-0.0111949	0.231411	268296	123059	5.64762
0	0.0737899	0.150794	280274	133157	-4.11036
0	-0.000647794	0.267105	264312	17866	0.246822
0	-0.000158661	0.234243	266348	49083	-0.301091
0	-0.0445792	0.233469	286214	57990	0.748826
0	0.0135708	0.252402	274282	83895	0.973807
0	-0.0386083	0.21511	282270	88079	0.603609
0	-0.0010372	0.219249	270304	115811	-1.33938
0	0.0200256	0.230992	266300	113447	0.76202
0	-0.00181305	0.182352	264370	121296	-5.79266
0	-0.0470223	0.16778	274298	132247	2.65226
0	-0.0049998	0.245301	264350	26020	-0.239727
0	0.0392365	0.251481	276300	40039	-0.394988
0	0.0167854	0.255611	282216	74692	-0.540922
0	0.0390106	0.251217	274282	77755	0.984113
0	-0.0156335	0.16029	282284	104090	3.62379
0	-0.0381124	0.2312	262332	108898	0.930485
0	-0.0568625	0.221291	266334	118070	9.35707
0	0.0626126	0.243571	278248	125730	-3.76479
0	0.027061	0.141887	282262	133353	-12.337
0	0.0315958	0.228233	262332	21826	-0.322914
0	-0.00451842	0.233839	286242	37832	-0.751265
0	-0.00540898	0.218114	268274	53814	-2.89349
0	-0.0290916	0.231428	264364	78223	-3.78366
0	-0.00196097	0.206514	280236	95127	-0.206361
0	0.0466464	0.175265	274324	116295	-4.49112
0	0.0132352	0.189023	282228	120717	-3.05429
0	-0.00431821	0.188293	272280	125721	-3.65263
0	0.0284025	0.150815	272276	128237	6.20834
0	-0.00910161	0.284635	272294	21023	-0.876061
0	0.00655723	0.263505	266334	39011	-0.74625
0	0.0124284	0.250528	270304	63718	-1.40103
0	-0.00547647	0.239378	278272	90991	-1.47551
0	0.00418403	0.230029	266332	91948	-0.591519
0	0.019713	0.216274	276244	107992	-1.92125
0	0.028735	0.207544	276260	114111	-1.50932
0	-0.00890225	0.202716	276268	131133	4.54399
0	0.0412733	0.158891	276264	128037	-1.22772
0	0.0117027	0.227607	268310	31898	-0.0463772
0	0.0241188	0.251967	278288	45501	0.836586
0	-0.0700746	0.225558	250360	65034	1.48713
0	0.0396872	0.218372	280280	94267	-2.80348
0	0.0046795	0.194767	270326	98967	-2.51728
0	0.0148777	0.170692	274278	116756	4.24825
0	-0.0736311	0.152007	262360	118085	-0.388942
0	-0.0491637	0.177361	268306	121207	-0.643932
0	0.0229723	0.174542	278286	132270	-5.62735
0	0.0171029	0.22062	264334	24867	0.514412
0	0.0113743	0.26124	270304	36905	-0.104316
0	-0.0323674	0.21616	272314	68808	0.499971
0	-0.0123629	0.221333	260354	88015	-0.17502
0	-0.0255306	0.182482	262396	92330	4.14099
0	-0.00506251	0.234402	270324	105932	-2.92818
0	-0.0299862	0.211834	270342	115099	7.33577
0	0.00953563	0.138163	268282	124690	-0.707406
0	0.00318669	0.158371	264366	127052	-2.28221
0	-0.0263181	0.242828	272302	24141	0.166112
0	0.00293686	0.243732	272322	48732	0.317441
0	0.0572896	0.28699	276274	67235	2.38842
0	-0.0168142	0.25717	268282	68979	0.831182
0	0.0123872	0.236078	276282	99990	0.165151
0	0.0388132	0.201672	272298	108000	5.18465
0	0.00627903	0.182631	276312	121951	-2.40171
0	0.0205812	0.228981	282218	126139	12.8131
0	-0.074389	0.133801	278242	133211	-0.0567423
0	0.0464312	0.231777	280252	21050	0.161567
0	-0.0227579	0.26235	280278	38128	-0.492075
0	0.0216143	0.249905	274288	71068	-0.282547
0	0.0241263	0.233667	272314	86934	-1.55895
0	0.0350941	0.233306	266338	98123	1.4329
0	0.0118198	0.197384	266366	121498	6.56051
0	0.0377721	0.172584	282206	130526	-7.85964
0	0.0316028	0.168029	268324	128097	-0.708257
0	0.0343258	0.173781	274292	131320	-7.56377
0	-0.0184258	0.247752	278250	23895	0.155296
0	0.02039	0.232457	276292	50014	0.242491
0	0.0587766	0.265964	274312	63418	-0.570991
0	0.0496669	0.207996	284232	87693	0.427091
0	0.0161935	0.193761	252360	91913	-3.25199
0	-0.0510203	0.212302	258376	102220	-1.04724
0	-0.0234784	0.18486	288182	125108	4.20723
0	0.0181681	0.17153	258398	120983	-2.19531
0	0.0304188	0.122893	272298	127204	-2.05659
0	0.0324864	0.252921	268322	31805	0.106053
0	0.0444384	0.237101	288220	40087	0.0318177
0	0.0449935	0.233811	274298	77001	0.404332
0	-0.012758	0.256163	258336	75821	-0.590215
0	-0.000131892	0.214197	270322	92863	-1.39295
0	0.0168324	0.233781	278268	108463	0.790026
0	-0.0288219	0.212925	278222	121794	5.42398
0	-0.0365265	0.190179	276240	128143	12.3462
0	-0.0324021	0.149877	288226	137381	1.48473
0	-0.00629039	0.305334	272324	23921	0.259434
0	0.0197313	0.252976	280266	46828	-0.900464
0	-0.011513	0.238019	280230	74711	-0.728622
0	0.0235765	0.222591	272258	77082	1.38706
0	0.0170215	0.248247	272296	93497	3.6217
0	0.0596205	0.247542	286238	105939	-9.57474
0	0.00760906	0.22143	274312	118005	0.537006
0	-0.00842037	0.224505	260370	114828	-5.47009
0	-0.0787015	0.165373	278294	133963	1.39749
0	-0.0270755	0.255139	284254	27032	0.0663047
0	-0.0396173	0.268999	260376	48827	1.11099
0	0.0296864	0.261023	272256	67801	-0.739649
0	0.0333692	0.251992	274264	85655	1.06791
0	0.0352682	0.225789	280248	91923	0.436994
0	-0.0225596	0.238632	292210	108691	-2.2327
0	-0.0574197	0.202212	276248	117569	13.4032
0	0.0260018	0.143694	262352	121567	0.224034
0	0.02859	0.17828	278264	130074	-1.51532
0	-0.0268851	0.277344	274258	29064	-0.180435
0	0.0202201	0.22805	260342	46240	1.08493
0	0.0303941	0.259938	260356	54990	-1.63552
0	0.00265061	0.216556	264350	89813	-3.25003
0	0.0869253	0.226315	278268	99994	-5.34812
0	0.00686164	0.181342	282206	117977	-1.56231
0	0.0514558	0.225502	278274	126141	-4.74513
0	-0.0196446	0.194503	266312	123352	2.62619
0	-0.00841649	0.145925	274270	128996	3.66741
0	-0.000820574	0.229397	266334	27928	0.039996
0	0.0167165	0.202664	266312	41857	1.26696
0	0.0121665	0.243476	278230	61965	-0.141797
0	0.0115464	0.219226	280242	74561	-0.832734
0	-0.0159877	0.211677	260354	93789	4.13519
0	0.0156044	0.209247	262360	107173	3.21209
0	-0.0647026	0.168193	262278	116213	9.5249
0	0.00901717	0.225736	274298	123141	6.70685
0	0.0268971	0.204292	276256	135325	-4.66384
0	0.0193875	0.235919	280268	30711	0.252595
0	0.00544556	0.256382	276262	41054	0.27872
0	-0.0361285	0.252707	260316	59111	0.190324
0	0.00507241	0.226403	284230	94105	1.44935
0	0.0034152	0.248284	250428	87995	0.128004
0	-0.0130642	0.218423	266322	106252	4.21043
0	0.0192694	0.235005	276274	116047	-6.40089
0	-0.0298598	0.155375	250388	115811	6.43646
0	0.0265622	0.182708	256350	117040	-3.39405
0	0.0249563	0.249941	270280	24925	0.0394748
0	0.00109736	0.267291	262342	35891	0.813045
0	0.0112425	0.218551	286226	62845	-1.17533
0	-0.0157838	0.282597	272276	87973	2.39774
0	-0.00665925	0.222486	268284	99138	1.13912
0	0.00469266	0.201373	264342	108062	-4.23285
0	0.0292661	0.220576	288198	126062	0.383247
0	-0.00362097	0.199664	272282	128166	-5.8862
0	-0.0341909	0.175391	278288	128744	4.67587
0	-0.00204944	0.258477	274274	27021	-0.0909792
0	-0.033109	0.221108	290222	39829	0.893073
0	0.00642623	0.277664	282212	68769	-1.04659
0	0.0172939	0.194324	278266	85030	-2.49356
0	0.0189413	0.227548	274312	104451	-2.59804
0	0.0516611	0.252304	278298	113809	0.880588
0	-0.00298674	0.202239	284220	125352	0.474705
0	0.0498219	0.240173	262348	121466	-7.5705
0	0.0171336	0.161017	278270	132638	6.22901
0	-0.0411116	0.278621	284218	16031	-0.422815
0	0.0277309	0.222466	280216	43280	-0.462134
0	0.0376604	0.242463	270294	72872	-0.707024
0	-0.0142344	0.217426	268324	86020	-3.38711
0	-0.0121735	0.229403	274290	100490	4.59288
0	0.00599654	0.238188	268300	99327	-3.44328
0	-0.0107104	0.17322	276206	125114	-5.57723
0	-0.032441	0.182198	258350	115825	2.74471
0	0.00601355	0.188196	270318	126635	2.69271
0	-0.0112533	0.269846	268232	32161	-0.551108
0	0.0301908	0.266667	252396	47838	1.75627
0	0.0071508	0.263313	268316	59240	1.12027
0	-0.0192862	0.212836	282256	87859	3.59036
0	-0.00738177	0.206883	286150	111159	-1.75914
0	0.00226315	0.249472	272296	105013	1.76157
0	-0.08633	0.204947	262336	113028	-1.79465
0	-0.0269271	0.180584	284222	128154	5.83793
0	-0.0384636	0.202732	278200	126692	8.83008
0	-0.0209294	0.254307	278262	20005	-0.181547
0	0.0130848	0.26256	274288	43026	0.125152
0	-0.0409685	0.206467	272282	70874	3.03621
0	0.00561239	0.220365	284206	94857	1.68138
0	-0.0453302	0.253594	278276	94836	1.53431
0	0.00499458	0.205042	280286	112964	-2.52889
0	-0.0181561	0.223381	268282	112939	7.51151
0	0.0153951	0.149836	278286	130018	-0.0575837
0	-0.00984058	0.164981	280274	131468	-8.46584
0	0.00201072	0.257955	280242	17882	0.132925
0	0.00304926	0.214222	276302	43892	0.813904
0	0.0204992	0.255699	270350	65012	-0.547101
0	0.0329376	0.216333	278260	84314	-3.98126
0	-0.0630014	0.211369	286240	103016	6.77547
0	0.0480217	0.252088	270298	104224	3.49723
0	-0.0288765	0.158566	272288	124696	5.33769
0	0.0227015	0.163488	278268	130492	-0.011332
0	-0.0116726	0.15165	280244	129708	1.3112
0	0.00936755	0.25418	282244	28040	0.226143
0	-0.00103768	0.232352	262346	45013	0.341561
0	0.0372169	0.270643	262346	57955	0.416049
0	-0.000475851	0.283823	276266	67017	-0.285113
0	-0.0605838	0.249863	264342	90962	-6.14007
0	-0.047696	0.192971	274304	115790	-2.09325
0	-0.0484141	0.214742	266370	113778	1.2517
0	-0.00645143	0.15937	276262	124044	-3.22255
0	0.0680224	0.127843	270304	130515	-10.4531
0	0.00915493	0.235181	284264	20759	-0.706372
0	-0.0639907	0.23578	278234	39836	-0.564661
0	0.0175889	0.233794	276276	63981	1.16493
0	-0.0280484	0.241771	276266	85708	0.0573642
0	-0.00850317	0.219549	280236	108855	-3.75435
0	0.0481431	0.25306	286234	111706	1.38343
0	-0.0576273	0.162419	260394	117883	3.82486
0	-0.0587143	0.168861	290216	132721	10.0762
0	0.0235864	0.159155	272298	127167	-3.67887
0	0.00563469	0.217945	266324	20207	-0.0415461
0	0.0115022	0.262923	268300	41082	1.38503
0	-0.00239501	0.259987	268302	62914	-1.0082
0	-0.0156277	0.24855	286172	74881	2.4138
0	-0.0227801	0.229365	274320	104908	-0.952356
0	-0.00996466	0.197213	276276	115888	-0.927163
0	-0.035195	0.201068	282230	115938	-0.581147
0	-0.0077263	0.190036	284246	132027	-4.54005
0	0.0242172	0.214846	270294	131645	-1.81576
0	-0.0246171	0.276608	268282	21938	0.144839
0	0.00290813	0.262455	266342	36794	-1.15776
0	0.079127	0.24523	284230	59118	-2.06766
0	-0.0179306	0.251493	278268	94152	-1.05423
0	-0.0296004	0.231114	270322	100800	-5.00117
0	0.0261524	0.199308	280300	113987	-2.31093
0	-0.0119015	0.17565	284216	125773	-1.74644
0	-0.0216875	0.200866	272314	117144	0.117407
0	0.0387229	0.171767	282244	134057	0.119522
0	-0.0119585	0.241105	264358	22088	-0.373859
0	0.0441542	0.225742	280244	39786	1.00063
0	-0.0271584	0.239275	278290	55253	-0.83018
0	0.0272045	0.24631	262344	83807	2.40642
0	-0.0309139	0.17925	276240	97638	6.32057
0	-0.00158604	0.237542	252376	99118	3.03552
0	0.00504248	0.202677	268300	117849	0.752864
0	-0.02055	0.160528	276318	123031	1.12707
0	0.00414418	0.198492	264358	124782	-0.289664
0	-0.0159731	0.260402	270288	18028	-0.322868
0	-0.0523988	0.265835	274290	43977	-0.149984
0	0.0217889	0.273388	282242	68003	-1.3609
0	-0.00373228	0.227328	280198	86046	-2.2986
0	-0.0342715	0.244532	262362	93623	-2.17848
0	0.0168231	0.209957	278302	110855	0.636705
0	-0.108756	0.195069	268326	114332	5.28217
0	-0.0664221	0.179827	276246	125836	3.32325
0	-0.01012	0.131259	280256	136170	4.37564
0	-0.000108676	0.218173	256390	22008	-0.264569
0	0.00719441	0.247902	274274	48062	0.541178
0	0.0416334	0.252685	270346	71960	-0.447994
0	0.00725821	0.268743	284224	89027	-1.23404
0	-0.00187695	0.224421	278244	95057	1.3753
0	-0.0065047	0.185038	268294	99374	3.4416
0	0.0475478	0.216405	280230	119949	-4.09315
0	-0.0167874	0.195846	280236	129089	1.30907
0	-0.00826799	0.150746	284222	132199	1.79133
0	0.0382569	0.254318	288236	29943	0.0294054
0	-0.00625423	0.213903	272318	47952	-0.868828
0	0.0432775	0.245323	260338	59223	-1.69435
0	-0.0329301	0.22072	280238	89797	-0.732655
0	-0.0201553	0.162365	282264	107031	0.234907
0	-0.0114792	0.245991	282234	108548	4.35389
0	0.00333156	0.187588	278222	126949	-0.471922
0	-0.0327872	0.221171	268334	118909	1.34111
0	-0.00106108	0.155451	278234	134716	-0.405745
0	-0.00248163	0.260539	268290	20045	-0.186433
0	-0.0012581	0.249709	256400	36986	0.750966
0	-0.0133659	0.227755	272308	61994	0.380367
0	-0.0252758	0.26694	280276	93292	1.78276
0	-0.0273207	0.271918	276260	88101	2.98769
0	-0.00925819	0.182779	276292	110452	-8.97667
0	-0.0104448	0.217755	280196	117019	-0.0902521
0	-0.0537263	0.193298	276284	128736	6.9077
0	0.0266413	0.130288	276248	133144	-5.94193
0	0.0444973	0.230697	264308	17662	0.0288857
0	-0.00408808	0.243905	280262	42875	1.24761
0	0.0316218	0.241248	272278	62102	-0.864497
0	0.00248854	0.268753	256398	78890	1.86092
0	0.0126641	0.250961	278276	97123	-7.83464
0	-0.0178825	0.275789	278260	99043	1.87289
0	-0.0176954	0.229252	256412	113177	-0.705558
0	0.00267924	0.176517	274252	126431	8.72071
0	-0.0117401	0.149378	276258	134303	12.5487
0	-0.0358808	0.27021	250392	15961	-0.188182
0	0.00765336	0.260406	260378	43852	0.88485
0	-0.0111926	0.259071	276250	66838	-0.408084
0	0.00521929	0.247184	264338	80577	-0.314356
0	-0.00633159	0.276096	268324	97929	3.81568
0	-0.0109459	0.222944	278244	118602	0.541882
0	-0.054929	0.225904	278234	121075	-2.77718
0	-0.0222426	0.164355	286224	137524	2.19656
0	0.00865628	0.164777	268340	129850	-2.56877
0	0.0330102	0.263398	270302	23925	0.118166
0	-0.0214089	0.240777	266292	37073	-0.514658
0	-0.0505558	0.277626	260384	60126	0.807019
0	0.0242895	0.207254	280272	82189	-1.67711
0	-0.0390405	0.258698	272342	96928	1.54357
0	-0.019179	0.202425	272280	110889	1.32306
0	-0.064439	0.230226	276254	115980	2.53805
0	-0.0148889	0.184009	258350	123525	10.072
0	0.0309986	0.126968	288216	141056	5.68162
0	-0.0168476	0.216192	266356	25014	0.513595
0	0.00914513	0.242761	278250	48917	-0.223193
0	-0.0151192	0.22069	276250	68640	1.46243
0	0.0639567	0.209904	282250	80056	-2.00821
0	0.0151901	0.204998	280238	101685	-1.13625
0	0.0407326	0.201256	276260	114907	-2.68667
0	0.0131149	0.203777	272304	118127	-1.16086
0	0.00419516	0.200697	266348	124687	-5.88611
0	-0.0145035	0.173384	266306	125344	1.3864
0	0.0186075	0.26283	266352	19024	0.23027
0	0.00905684	0.288924	272290	37700	1.0695
0	0.02162	0.24071	276298	70778	-1.68368
0	-0.0552502	0.250449	282260	91034	4.32217
0	0.0618681	0.186271	284222	105295	-6.60895
0	0.0168686	0.245327	282214	106666	-1.13281
0	-0.00871053	0.203563	274280	119898	6.0374
0	-0.00623666	0.15236	276280	127864	10.6907
0	0.0256092	0.179258	278274	131868	-0.106682
