0	-0.0390427	0.248962	242742	72210	-0.0633752
0	0.0212776	0.213711	242970	148375	1.28897
0	-0.0192043	0.149482	253642	207207	-0.744282
0	0.0193272	0.0909374	248738	223960	-0.282058
0	0.076093	0.100855	248930	228956	-0.955043
0	0.00998565	0.086124	231304	220445	-1.153
0	-0.0241753	0.0705186	245818	237307	-1.40414
0	-0.0108464	0.0488499	244632	240212	-2.33252
0	-0.0303578	0.0211922	230060	227744	-0.14499
0	-0.0237068	0.286956	245456	67231	0.14683
0	-0.0102758	0.258608	220648	134355	-0.449097
0	-0.0157981	0.178298	242776	189941	0.186552
0	0.0530466	0.12168	239842	215045	1.71386
0	0.0259705	0.13551	230656	217473	0.246604
0	0.0558793	0.0922308	234892	219963	-0.267259
0	0.0139481	0.106082	253690	243349	-0.670191
0	-0.0102477	0.0499712	244598	240905	0.616935
0	-0.0200901	0.0396369	252168	249784	1.54446
0	0.0117679	0.236812	255318	83361	0.138297
0	-0.0030435	0.218643	222804	128433	-0.257889
0	-0.00859359	0.204971	238292	179295	-1.06487
0	-0.0312727	0.136947	250890	218347	0.626152
0	-0.0212237	0.0978981	242902	230125	1.01669
0	-0.0269449	0.107109	251124	238666	2.43899
0	0.037897	0.0776179	229572	219881	-1.67458
0	0.0055129	0.0188483	246652	244536	2.15076
0	0.00828619	0.03627	243528	240454	0.0494998
0	-0.0154808	0.231695	244592	88271	0.000792658
0	-0.0239958	0.26556	224408	128238	-0.600055
0	-0.00762461	0.197989	234722	181736	0.845888
0	-0.0403552	0.125089	242454	219725	0.80128
0	-0.0105595	0.0667912	232470	221403	1.48915
0	-0.00568705	0.0547797	253528	242175	0.0785646
0	0.0507736	0.0578644	233546	227955	0.501116
0	-0.0212925	0.0420123	248684	245343	1.96382
0	0.0125282	0.0327057	241904	239109	0.203425
0	0.0212393	0.266161	239826	76391	0.0760109
0	0.0049982	0.204525	249324	146533	0.304286
0	0.00304514	0.219315	231738	176726	-0.347731
0	-0.0151576	0.145035	239344	205440	-0.467279
0	0.0477479	0.104691	235516	216163	-0.524132
0	0.0348294	0.0765647	236196	223153	1.232
0	-0.0283928	0.0609544	229792	221451	-1.54587
0	0.0220798	0.0527845	250230	246461	-0.48409
0	0.0132035	0.0181272	256612	254426	1.2561
0	0.0129227	0.296331	228002	69492	-0.0240758
0	0.0323595	0.226109	239948	133188	-0.060225
0	0.0144043	0.207711	244658	187831	0.519278
0	0.00491224	0.150721	223180	195976	-0.190249
0	-0.0206629	0.131034	240120	223913	1.70045
0	0.0377361	0.0960454	246682	235039	1.18885
0	-0.00613694	0.0707609	243428	237199	0.926292
0	-0.0220099	0.0188065	232214	229573	2.1475
0	-0.00390569	0.0196869	245630	243374	-1.05372
0	-0.00480688	0.257267	229960	63171	-0.105252
0	0.0176563	0.260343	221686	112157	-0.380141
0	-0.00501116	0.209405	237984	162185	0.435956
0	0.0511519	0.119741	242692	218402	0.940887
0	0.0281766	0.0924663	253550	239035	-0.0829725
0	-0.0177315	0.0724584	252724	241106	-1.70227
0	0.020196	0.0488992	243138	237940	-1.72394
0	0.0287957	0.0621865	229344	223795	-1.0245
0	0.019107	0.0357501	253570	249395	-2.11679
0	0.0323261	0.254978	244408	72171	-0.196424
0	-0.0173979	0.207186	221784	123111	0.0597061
0	-0.00369953	0.218245	235698	174690	-0.0707563
0	-0.00698505	0.17308	234388	201793	0.809531
0	-0.00986688	0.105607	260948	239249	-0.751798
0	0.0596422	0.0630028	249934	235561	-0.876666
0	0.0509862	0.0808106	240938	230997	1.01838
0	-0.0783105	0.0516101	231246	226604	0.458855
0	-0.00183585	0.0195379	249612	249100	-0.447099
0	0.00454736	0.255611	240454	77585	0.198271
0	-0.0312724	0.211345	234242	145502	0.682439
0	0.0224001	0.244443	243948	183075	-0.163007
0	0.0123089	0.180439	236944	200085	0.883868
0	-0.066536	0.0745785	237820	224440	0.202597
0	0.0195224	0.0816924	229706	222798	1.28956
0	-0.0168626	0.0783523	253818	246525	1.81747
0	0.00346541	0.038087	249448	246951	-0.655741
0	-0.0305573	0.0172642	256938	255609	0.709043
0	0.0434178	0.23658	239868	62623	0.0578473
0	0.023342	0.244793	234992	143677	0.577778
0	0.0315564	0.196696	241026	190297	-0.570219
0	0.0151665	0.149888	244698	215224	-1.11678
0	-0.0522757	0.119186	252108	236015	0.167425
0	0.0234116	0.0697823	235080	227682	-3.45401
0	0.00442454	0.0596291	243128	235687	-1.94087
0	-0.0169801	0.0318816	242582	240189	-0.790296
0	0.0559838	0.0336519	242908	239125	-1.30992
0	0.0286648	0.241455	225076	72668	-0.0260493
0	0.0536051	0.237105	244496	146604	-0.0420453
0	-0.0514882	0.143486	232038	189512	-0.0556013
0	-0.0131526	0.122177	253420	226363	1.99437
0	0.0578878	0.124386	237800	219009	0.418598
0	0.00743334	0.0378123	243398	234493	0.113936
0	-0.0106826	0.0463112	247240	240698	1.13637
0	0.0259426	0.0645518	250756	247774	-1.31779
0	0.05631	0.0443686	232762	228571	-0.47591
0	-0.00171805	0.228104	227944	67644	-0.0275248
0	0.000735133	0.262474	247718	138041	-0.298121
0	-0.0189391	0.189626	253654	199800	2.28133
0	-0.0166531	0.102256	231732	202696	-0.550052
0	0.0275637	0.141271	237226	216537	0.608153
0	0.00412796	0.128236	246750	231738	0.144551
0	-0.0623191	0.0349264	250590	245181	2.558
0	0.00861566	0.0374332	233022	230417	-1.54276
0	-0.0636372	0.0309904	237856	237192	-1.35399
0	-0.00688039	0.280134	246514	68827	-0.124966
0	-0.012369	0.247327	233872	123131	-0.50978
0	-0.00162514	0.189127	251770	195091	-0.886769
0	0.0148218	0.137895	235594	210496	0.148658
0	0.0548282	0.120995	242056	218815	2.1281
0	-0.029566	0.0663252	249990	239348	-0.88963
0	0.0139192	0.054941	248766	243405	-0.213611
0	0.022128	0.0364774	245374	241636	1.17182
0	-0.000319492	0.0197971	238900	235672	0.214271
0	-0.00284007	0.265748	232078	68113	0.225563
0	-0.010728	0.219228	243312	145862	0.422449
0	0.0225273	0.157122	227110	177299	-0.432145
0	-0.0138663	0.120429	228724	197982	1.96773
0	0.00524594	0.0726462	248314	235571	0.758613
0	0.0109723	0.0910103	241150	233238	1.03138
0	-0.0205188	0.0276514	249908	242328	0.4632
0	0.016455	0.041629	244938	241239	-2.59759
0	-0.0376788	0.0340629	248326	245904	2.78904
0	-0.0460897	0.268744	244794	66700	-0.0136577
0	-0.0395252	0.22162	228882	137628	0.0191107
0	0.0190451	0.191384	241810	180221	0.205401
0	0.0251141	0.144091	249646	212453	1.50082
0	0.0125914	0.104603	226208	215660	0.216462
0	-0.0239	0.0989968	245444	233833	0.153827
0	-0.0142542	0.0342418	246560	241195	-0.620743
0	0.0414096	0.0284515	251726	247094	1.34187
0	-0.0503804	0.0239974	253840	250728	-0.264299
0	0.00315581	0.202732	230160	80118	0.112573
0	-0.0179495	0.250983	235606	126473	-0.0414819
0	-0.0434122	0.205475	228900	158668	-0.359871
0	-0.0197637	0.121296	243312	218268	2.20392
0	0.0206156	0.0794233	240146	225339	-1.52452
0	0.0263047	0.0672873	247404	239431	0.785455
0	-0.0133389	0.0581636	228032	223684	0.50909
0	-0.014513	0.0396927	225804	223510	-0.581127
0	0.0195699	0.0315475	256996	254681	-1.08214
0	0.00481339	0.260909	237132	69977	0.00300028
0	0.063521	0.219326	242660	143959	-0.529088
0	0.00260632	0.17312	241410	190885	0.695927
0	0.00165313	0.125386	246104	209474	-0.77679
0	-0.00242765	0.0959032	230814	208842	-0.753224
0	-0.00377137	0.0804197	241008	229334	0.525011
0	0.0398382	0.059795	231976	223832	-2.60972
0	-0.00305086	0.0370063	232564	230615	-1.42939
0	-0.0220191	0.0303013	230790	228947	-0.4484
0	-0.0175911	0.283212	229562	61081	0.0448475
0	-0.0392319	0.222261	256326	167140	0.161028
0	0.0190284	0.192998	233970	180197	-0.594539
0	0.0226194	0.185662	236812	204083	-0.747949
0	0.0286972	0.169983	226558	198511	0.427359
0	-0.0141535	0.0981316	254116	240038	-0.803246
0	0.0231469	0.0627721	251896	243948	-0.345494
0	0.0025669	0.0429386	239726	235917	-1.49904
0	-0.0019161	0.0281442	245524	243671	-1.06925
0	-0.0111115	0.258721	247190	65102	0.0191523
0	-0.0338078	0.238875	231232	135653	-0.0189617
0	-0.0107099	0.169444	260112	208215	0.169451
0	0.0416923	0.133064	245810	224431	-0.308938
0	0.0218213	0.103087	245808	227180	1.02214
0	-0.0287059	0.0885283	240072	227784	-0.961144
0	0.0369337	0.0337056	246668	243943	-0.4384
0	0.00809986	0.0460262	236470	234098	0.0726083
0	-0.040582	0.0196009	252282	250228	-1.49312
0	0.0293163	0.260431	254568	68932	0.0200802
0	-0.00843706	0.211533	224036	135716	-0.0462796
0	-0.0183238	0.15727	239256	178187	-0.223968
0	-0.00311246	0.176176	246264	201569	-0.749049
0	0.0260195	0.0808495	235174	222674	-1.5775
0	0.00239524	0.0869751	249172	233144	0.510036
0	-0.0183667	0.0292926	243428	239693	-3.68205
0	0.011245	0.0387773	251662	249113	-3.04316
0	-0.0214425	0.0107186	254740	253387	-0.649497
0	0.0508924	0.236839	239400	67911	-0.0267269
0	-0.00894407	0.23498	235596	143341	0.0458394
0	0.0173757	0.181283	221170	173983	0.422356
0	-0.0357661	0.150298	243228	210921	2.50228
0	-0.00907801	0.113388	228632	209255	0.940139
0	-0.0344717	0.0914393	248984	238380	0.612776
0	0.023485	0.0333605	244950	240924	1.92758
0	0.00528153	0.0585681	250878	246632	0.0773817
0	-0.00367155	0.0155193	242586	242217	-0.830628
0	-0.0303554	0.269143	242522	74847	-0.0101616
0	-0.0243011	0.241701	242440	140125	-0.477327
0	0.00600578	0.164602	261740	207859	1.18331
0	-0.0291646	0.189445	239402	208945	-1.47055
0	0.0213114	0.138967	244714	222105	-1.46645
0	-0.0182982	0.105758	242194	229282	-0.24159
0	-0.0507327	0.0716684	256672	248097	1.85313
0	-0.0204193	0.0217002	244400	239813	2.2227
0	-0.0225698	0.0320575	259154	255787	-0.482378
0	-0.0238664	0.249894	248054	79583	0.00830675
0	0.00297401	0.275404	236576	137995	0.610878
0	-0.0342004	0.194646	251648	199122	-0.0835191
0	0.0102597	0.119755	246820	222004	1.06218
0	-0.0288548	0.184448	245026	221893	0.582571
0	0.0601885	0.0677835	265458	251281	1.1145
0	0.0195414	0.0294019	244028	238833	2.09258
0	0.057569	0.0606285	252554	246326	-1.71421
0	-0.0449635	0.0232914	249776	247143	2.41192
0	9.20221e-05	0.23176	236984	84468	0.035819
0	-0.0535979	0.244879	236868	134717	-0.0526074
0	-0.0411325	0.176176	243882	195004	0.369467
0	-0.0318685	0.119197	247052	222866	-1.16693
0	-0.00304289	0.0986931	242554	222992	1.48259
0	-0.00539081	0.0606362	245542	235125	1.04561
0	-0.0142406	0.0667663	248570	241806	0.764028
0	-0.00015063	0.0207824	253104	250185	-4.70074
0	-0.0130085	0.0198256	264924	263568	0.317377
0	-0.0202877	0.251298	248620	64430	-0.0360837
0	-0.00594072	0.2459	223124	127317	-0.0076183
0	-0.0290435	0.208505	249478	193281	-1.22862
0	0.000148313	0.153367	226364	199742	0.665684
0	0.0326763	0.119245	249752	235550	-1.55683
0	-0.0241958	0.0849536	237970	226396	-1.20517
0	-0.0138959	0.0939986	231136	221191	1.51317
0	0.00942692	0.0269817	251602	248650	-0.226076
0	0.00711698	0.0189895	251000	249012	-0.0658886
0	0.0198354	0.261538	233084	72982	0.0659669
0	-0.00974193	0.22055	242398	130280	-0.243782
0	0.0477643	0.228521	236512	169940	1.02522
0	0.0207717	0.164405	239234	214138	0.294026
0	0.0707265	0.141394	228474	210845	0.146164
0	-0.0398144	0.0823834	246484	229192	-0.780081
0	-0.0421185	0.052703	256448	251298	-0.828189
0	0.0043365	0.0448862	247174	241514	-1.02422
0	-0.0114492	0.0118505	243862	241703	0.816991
0	0.0246689	0.254862	239726	69485	-0.234282
0	0.0196359	0.229244	246352	131702	-0.118385
0	0.0608034	0.184408	250460	191893	-1.7838
0	0.00522227	0.124192	222442	193180	1.7629
0	-0.00427723	0.101919	235774	220411	-0.45268
0	0.00254469	0.0955651	230826	223796	-1.87667
0	0.00226512	0.0450206	250128	245364	0.579867
0	0.0161552	0.0301243	253438	251060	-0.273382
0	-0.0144531	0.0506599	232246	228625	1.5388
0	-0.0133961	0.216706	233936	74300	0.149352
0	0.0466192	0.214814	241118	146625	0.0250302
0	0.03269	0.163582	250104	196764	-0.897261
0	0.004887	0.130163	243688	216489	-0.0436208
0	0.00742251	0.128656	243872	223187	0.34354
0	0.0362082	0.0670541	252040	240269	-0.700527
0	0.0307003	0.0479477	245326	239055	1.30527
0	0.00251733	0.0466919	245974	242416	-2.83083
0	-0.0333007	0.040664	247132	243826	0.0198566
0	-0.00566559	0.276482	233060	61206	0.00243646
0	-0.00678792	0.218552	237350	132690	0.267661
0	-0.029019	0.193277	244724	177978	-1.39676
0	-0.0213617	0.206564	237242	196092	-0.356631
0	0.0305498	0.0887352	227792	209503	1.24827
0	-0.0149588	0.101922	245836	231595	-0.419511
0	-0.016361	0.0603971	228214	221006	-0.204901
0	-0.0253544	0.0237045	242880	240054	-1.33081
0	-0.014391	0.0167974	253744	251131	1.35756
0	0.0361379	0.269714	237604	69468	0.0345181
0	-0.0178505	0.203527	230960	141215	0.489074
0	-0.031636	0.175574	239784	192909	-0.562945
0	0.0150295	0.125689	233204	205553	-0.386281
0	0.0304081	0.0801803	256186	245080	0.560865
0	0.00553272	0.060435	229502	216412	-0.483691
0	-0.0357842	0.0271906	247030	241714	-0.0732478
0	-0.0102038	0.0275019	246062	242257	0.145199
0	-0.0400143	0.0233874	233674	231213	-0.713176
0	0.00954189	0.231016	250118	73376	0.0646969
0	-0.0261342	0.247164	250582	157141	0.543741
0	-0.0198306	0.226926	224808	164641	-0.708279
0	0.00817226	0.157776	251340	220270	-0.725998
0	-0.0161094	0.0979547	236310	216610	-0.573586
0	0.0199373	0.0560757	248302	239446	-0.513217
0	-0.00847456	0.0314755	255174	251910	-0.472205
0	-0.0200568	0.0769345	254690	246664	-0.957118
0	-0.0197453	0.0194164	236026	233484	-1.48965
0	0.040794	0.25539	237016	68841	-0.0329331
0	0.0317963	0.188916	233822	131475	-0.209419
0	-0.0261703	0.17588	235468	182736	0.442309
0	0.0386892	0.194474	248978	216787	-0.260816
0	-0.0121595	0.136535	219862	202474	1.7682
0	-0.008268	0.110092	243056	222264	1.03883
0	-0.0183531	0.0558884	242928	238953	0.0138785
0	0.0337437	0.0512331	252026	246464	1.55501
0	0.00787495	0.0292215	251672	250685	1.10675
0	-0.00623318	0.212272	233744	74116	0.0978879
0	-0.0363926	0.238315	228016	143377	-0.171377
0	-0.00438167	0.190678	230228	177141	0.947052
0	0.0101452	0.124054	238400	209087	-0.376729
0	0.0136935	0.111887	245104	222732	-1.80565
0	-0.0180881	0.0568448	247576	239303	0.877473
0	0.0223029	0.0756646	241378	230676	-1.1845
0	-0.0313957	0.053437	252360	247712	-2.01315
0	0.00179798	0.00666462	248600	248171	-2.09119
0	0.011828	0.277486	248938	62456	-0.0441526
0	-0.0168989	0.205302	242214	136536	0.505483
0	-0.00806638	0.197549	211264	154509	-1.38169
0	-0.0163636	0.158244	247980	217340	1.62146
0	0.00997337	0.135728	233150	209975	0.305827
0	-0.0442284	0.0906025	241100	230643	-0.414338
0	0.0199409	0.0445428	242298	234097	-0.135394
0	-0.0254411	0.035242	253900	251866	0.0309231
0	0.0215814	0.0246001	258550	255699	0.715644
0	-0.00257583	0.228987	250202	81564	-0.157064
0	0.0426159	0.23476	233606	145583	0.0727846
0	0.00646023	0.187704	253756	186201	0.387863
0	-0.00669137	0.0970354	242104	217002	1.0753
0	-0.0411989	0.14201	254658	235566	1.33855
0	0.0270576	0.068103	251700	242627	2.13598
0	0.0481324	0.0377877	238108	234780	0.231381
0	0.000467776	0.0428506	258836	255035	-0.759304
0	-0.0146429	0.0350138	234752	230906	2.79553
0	-0.0238221	0.208769	248178	73029	0.0422209
0	0.0270875	0.216497	243450	138912	0.199169
0	0.0270087	0.188583	237234	172505	0.00649249
0	0.00834001	0.0884381	247528	228000	-1.39279
0	0.0407855	0.0984387	246866	226667	1.29645
0	0.0214207	0.072094	248952	240570	-0.489397
0	-0.00893571	0.0387061	246982	244328	2.25205
0	0.00859651	0.0569663	248642	243897	1.11407
0	-0.00781327	0.0230003	231218	230797	2.59778
0	-0.0323332	0.254807	248032	81983	0.00677213
0	-0.0294268	0.2101	238442	154620	0.0319281
0	-0.00417246	0.164995	255984	199107	-0.186748
0	0.0554621	0.120109	244922	216213	-0.457588
0	0.0350259	0.0706824	254048	244137	0.673222
0	0.0267525	0.0811253	249142	243537	1.48552
0	-0.0288274	0.0594447	241938	238171	0.233018
0	-0.0381438	0.038006	244382	239970	-1.0828
0	-0.031636	0.0120497	243676	242531	-0.563756
0	0.0602601	0.232409	244926	80425	0.10705
0	0.0154461	0.240667	250318	147478	-0.457635
0	0.0288165	0.21553	220222	177066	-0.429264
0	0.0288318	0.155202	248066	208558	-0.443217
0	0.076075	0.072264	249052	229122	-1.77086
0	0.000570852	0.0429871	253656	247519	-0.556466
0	0.00718807	0.0586246	251640	244474	-2.27467
0	-0.0143013	0.015286	259988	257384	0.231172
0	-0.0119075	0.0179809	242956	241850	0.550225
0	0.00496759	0.209164	242532	72845	0.112151
0	0.0281929	0.226345	225276	139462	-0.256802
0	-0.0467525	0.174456	243778	194297	-0.277974
0	0.0374341	0.155377	245920	219557	0.531025
0	-0.00838239	0.0974423	231046	209695	3.16688
0	0.0235409	0.0608679	238498	230645	0.455985
0	-0.024923	0.0630854	249748	242526	-0.750184
0	-0.0159329	0.0343375	253406	250830	0.979456
0	0.0215451	0.027212	240478	236376	-1.26975
0	-0.0382473	0.255051	246822	69100	-0.035942
0	0.00829347	0.225509	251578	164222	-0.00998898
0	0.0151481	0.163052	235788	187599	-0.127321
0	0.0349688	0.155356	239406	208326	-1.23623
0	0.0569878	0.104448	245144	229000	-1.32298
0	-0.0120022	0.0867385	250172	238740	-0.56946
0	0.0330652	0.0560855	237150	227808	-1.79998
0	0.0184232	0.0526594	248436	243607	0.59892
0	0.0157362	0.0233486	257572	257107	0.898908
0	0.0247689	0.226768	249084	87754	0.19926
0	-0.0295127	0.249974	234706	133130	0.307123
0	-0.0484644	0.2424	249238	183256	0.408278
0	0.0271765	0.114609	247536	221718	3.03593
0	0.0217418	0.117118	257338	239265	-0.880968
0	0.0231615	0.115941	239028	225167	-1.32513
0	-0.00964874	0.0363346	237944	234492	-0.722663
0	0.0312783	0.0409558	259376	253877	-0.612056
0	0.0218601	0.0474327	249586	247238	1.95462
0	0.0285917	0.248287	233510	66324	-0.136632
0	0.0114065	0.225815	246064	152587	-0.165755
0	-0.00299055	0.176634	257358	199983	0.161976
0	0.035742	0.144812	249932	223324	2.53951
0	-0.00222174	0.0961896	231446	217897	3.46112
0	0.0176069	0.0746285	240826	233892	-1.41889
0	0.0202326	0.058414	250476	244139	1.16268
0	-0.0243666	0.0196036	235892	232634	0.56028
0	0.0158411	0.0353824	243840	238450	1.90669
0	-0.0459325	0.24036	224816	74304	0.178835
0	-0.00223085	0.236891	240800	123322	0.223733
0	0.0236988	0.217693	247862	194155	0.631714
0	0.0138666	0.163015	225048	186533	-0.605675
0	0.0178666	0.134517	237602	219052	-0.673063
0	0.0106088	0.0763901	224768	213078	-0.899806
0	-0.0483799	0.0499413	239188	233903	-0.0810545
0	-0.00972541	0.0478586	232910	228065	-0.630264
0	-0.00221055	0.0125596	255424	254282	-1.07434
0	0.0151092	0.240648	234332	61931	0.0251954
0	0.0174813	0.232861	235090	141641	0.533454
0	0.0294547	0.222062	224896	168118	0.0476113
0	-0.0205398	0.104995	243730	217170	1.03521
0	0.000810523	0.0764931	254450	240664	1.27985
0	-0.0302137	0.0732099	255154	241857	1.49408
0	-0.0428218	0.0201722	255064	251306	-2.14174
0	0.0367547	0.0403652	239764	235470	-0.88873
0	-0.00919654	0.0216361	232158	230185	0.699477
0	0.00372852	0.241422	251436	79230	-0.0528869
0	-0.017871	0.235787	253386	141026	-0.123581
0	0.058244	0.195205	246374	191055	-0.345509
0	0.0174343	0.13623	247718	214714	0.343713
0	0.0304494	0.115216	241898	222415	-2.9968
0	0.0441539	0.0657428	235552	224005	-1.11736
0	0.0278312	0.0345999	238158	232957	-0.663667
0	0.0155972	0.0390678	228578	225005	1.0866
0	0.0339566	0.0214219	239484	236976	-0.0801404
0	0.014787	0.234108	250372	72314	0.171233
0	0.0163529	0.226715	244336	153324	-0.455813
0	-0.0182837	0.138379	251386	212998	0.123653
0	-0.00176067	0.0993189	249214	224293	-1.11194
0	-0.0172503	0.133807	239620	217560	-0.600302
0	0.0202319	0.0866288	245492	235150	0.269158
0	0.0208442	0.0347597	243732	238953	-1.78461
0	0.0127362	0.0546511	262790	255210	-1.53172
0	0.0642587	0.0401729	239456	236410	-1.25097
0	-0.000234473	0.266124	246342	66662	0.122825
0	-0.000861557	0.216269	250230	137464	-0.0902226
0	-0.0417534	0.170838	229552	180130	-0.0989331
0	0.01714	0.176723	252054	210461	-0.0969605
0	-0.0358453	0.089036	232478	217080	-0.225289
0	-0.00358739	0.0888571	230688	220670	-0.574322
0	0.0216519	0.055164	227476	223402	0.274115
0	-0.0196927	0.0782629	249438	240643	-0.428764
0	-0.0395108	0.0315793	242194	240136	0.398828
0	-0.00632881	0.244376	241040	74958	0.158977
0	0.0374495	0.238004	239898	137490	0.141115
0	0.00809942	0.21897	241450	185447	2.06487
0	0.0366061	0.161266	221264	185510	1.70545
0	-0.00335037	0.0399197	259280	249716	-0.0611357
0	-0.0416294	0.116131	221850	207194	1.9856
0	-0.0295836	0.0675159	249246	240022	1.1734
0	0.0462938	0.0501421	245940	242733	1.13085
0	-0.0153798	0.0175599	257336	255977	0.395294
0	0.0309554	0.226811	243450	72203	-0.130785
0	-0.00683505	0.226545	232940	129467	-0.0562755
0	-0.016434	0.160504	243688	189792	0.414015
0	-0.0419567	0.170972	253144	218384	0.0758484
0	0.00202068	0.108527	238898	221680	-1.40086
0	0.0351362	0.044134	244390	237489	-1.03807
0	0.0066639	0.039323	236896	231273	-1.08292
0	-0.018759	0.0561586	238820	230788	0.679609
0	0.0593345	0.0133831	253710	251648	-3.07126
0	-0.0112903	0.284751	243052	65249	-0.219462
0	0.00564403	0.246689	246334	127897	-0.472291
0	0.0118754	0.208012	235968	176919	-1.23513
0	-0.0102729	0.140533	229794	200134	-0.0365893
0	-0.000666368	0.108655	252702	235099	0.863599
0	0.0169204	0.0621235	252106	244642	-1.08347
0	0.027507	0.0449504	238638	235442	-1.14093
0	0.00091648	0.0462904	243460	239408	1.59838
0	0.040111	0.0429701	238060	234655	-0.87902
0	0.0118405	0.226368	244412	84350	-0.0877112
0	0.0283815	0.232767	245246	146320	-0.44223
0	-0.0654408	0.190233	239154	179442	0.096977
0	0.0328402	0.116688	247098	216022	-0.749385
0	-0.00466091	0.0957784	237728	225447	0.284845
0	0.0238159	0.0603675	259608	246863	1.5668
0	-0.0693927	0.027534	241826	238387	-1.66049
0	-0.0523072	0.0396995	252490	245946	0.299122
0	-0.0013326	0.056775	248746	244747	1.66411
0	0.0187009	0.217795	228842	77420	0.0350107
0	0.0109908	0.254441	240474	128954	0.0107252
0	-0.0279325	0.149388	236732	185903	-0.830493
0	-0.0126779	0.133456	248190	214993	-0.0804965
0	-0.00847208	0.0878211	232446	215546	-0.976568
0	-0.014783	0.106421	243626	229754	-0.0120178
0	-0.00871889	0.0812234	243938	234773	0.955565
0	0.00936393	0.0390083	241006	238227	-0.655895
0	-0.00292153	0.0275944	244504	241576	-0.449742
0	-0.0260689	0.242076	246276	76032	0.0913617
0	0.00371607	0.224501	249378	150891	0.0836785
0	0.0621578	0.237475	244488	188171	0.927946
0	-0.0107396	0.141475	249422	212708	-0.991193
0	0.0106693	0.100039	253268	236242	0.680509
0	0.0509631	0.0684244	236958	227279	1.5397
0	0.000411952	0.0267944	254660	251091	-0.641587
0	0.0650971	0.0338284	255298	251937	-0.541708
0	-0.0727384	0.00664118	245036	243995	-0.551902
0	0.0467955	0.229945	261848	77848	0.052286
0	-0.0242343	0.246326	261232	162043	-0.0491577
0	0.0194219	0.190536	238212	189931	0.375153
0	0.0188678	0.125226	244672	216222	0.0185947
0	0.0373002	0.110055	258748	236325	0.771066
0	0.0338162	0.0638432	246696	232534	-0.0384234
0	0.0112457	0.0381379	262252	255607	0.0982908
0	0.022452	0.0214502	233130	231207	2.037
0	0.00944765	0.0239178	246528	243526	-0.10033
0	-0.0172299	0.24594	228266	62543	-0.203473
0	0.0208401	0.222867	238512	144262	0.107446
0	0.0529999	0.21434	231590	171113	1.16202
0	0.0494741	0.123656	254358	226674	0.484939
0	0.00440297	0.0901288	224574	210623	0.285159
0	-0.0547407	0.0933094	235784	227304	0.0688965
0	-0.0114366	0.0604566	239434	230925	0.594698
0	0.00912684	0.0459363	245594	240235	0.517055
0	0.0394095	0.00909046	248874	247767	-4.7538
0	0.0329807	0.251867	242116	84586	-0.0422287
0	0.0427562	0.220277	244798	141943	0.536458
0	0.044035	0.165127	236532	185650	0.691892
0	-0.0166854	0.139555	243824	219572	0.587996
0	-0.00555461	0.109729	245216	227626	0.233864
0	0.0178636	0.0796071	236846	226102	0.480669
0	-0.0100455	0.0611928	249296	242545	-0.208947
0	0.00646365	0.0384719	241294	237676	-0.550796
0	-0.0240535	0.0369712	251358	249043	-1.01983
0	-0.00569198	0.304754	244654	66508	0.0799114
0	0.0177254	0.240624	243226	138265	-0.298691
0	-0.0133419	0.174545	245712	199843	-0.179969
0	0.0241335	0.116509	246406	220685	1.21995
0	0.033987	0.0994474	249630	231358	-1.46795
0	0.0314452	0.101512	243232	231639	-1.12216
0	0.00737206	0.0854638	241324	232138	0.608107
0	-0.0211168	0.0314493	230594	225494	-1.66116
0	-0.0818432	0.0297269	257610	256160	2.34
0	-0.0265576	0.254068	237770	65550	-0.0890676
0	-0.0363406	0.256722	249844	155027	0.127973
0	0.0275628	0.226041	227236	173124	-0.10257
0	0.0368139	0.130209	236294	208588	0.0344885
0	0.0393735	0.117468	239246	216409	-0.794599
0	-0.0292198	0.0704992	242638	237109	-0.234655
0	-0.0157745	0.0692384	249158	243718	0.909682
0	0.0374162	0.0362357	253940	251091	-3.20028
0	0.0251952	0.0291019	243836	239951	-0.496866
0	-0.0274355	0.276459	232758	62910	-0.0153182
0	0.0226447	0.211678	242618	139763	0.357549
0	0.0246815	0.180638	252092	196536	0.078267
0	-0.00967957	0.1001	247970	221720	0.449022
0	0.0752922	0.0929579	240004	220951	-1.85821
0	0.00223352	0.0879518	238800	223638	-0.173868
0	0.0357767	0.0781183	245370	240731	-0.0414173
0	-0.0148761	0.0518024	220080	215622	1.19565
0	0.00169303	0.000837308	243840	243554	0.634554
0	-0.000569198	0.227553	248936	80129	-0.0354171
0	0.0201042	0.18631	238368	139877	0.250642
0	0.0130755	0.196419	257142	188574	-0.414479
0	0.0108013	0.142952	244008	208309	-0.609205
0	-0.000468594	0.0867779	258078	242056	-0.520545
0	0.0158247	0.0704474	239538	232028	3.14599
0	-0.0394806	0.0526153	248092	243704	1.95828
0	0.0293846	0.0553923	248024	242041	0.59663
0	0.00716714	0.031216	241982	239484	1.25515
0	0.0206009	0.234972	252674	84065	-0.111426
0	0.00533296	0.246903	237708	135082	0.312501
0	-0.0376727	0.20296	251348	194293	0.653605
0	0.00642103	0.14182	231014	200543	1.04477
0	0.00742341	0.134474	256966	241635	-1.07446
0	0.00357627	0.0930475	240854	227275	-0.781724
0	-0.00342678	0.077417	221178	214512	0.407964
0	-0.0108297	0.0388891	220138	215717	0.727437
0	0.016057	0.0563479	233908	227804	-0.242488
0	0.0254242	0.248957	254328	67970	-0.100885
0	0.00230927	0.251717	238370	134538	0.449472
0	0.0053546	0.140421	252256	203972	0.591054
0	-0.00495468	0.187806	234060	209287	-0.851007
0	0.00215695	0.0816036	243712	227203	-1.50574
0	-0.00923497	0.078964	242008	235276	-0.0545663
0	0.0324844	0.0611886	241792	235510	-0.58226
0	-0.0203735	0.0383206	254342	249693	-0.860428
0	-0.0273039	0.0166838	246630	245431	2.60977
0	-0.00245047	0.258364	248524	72190	0.0293289
0	-0.0327068	0.204029	240210	144288	0.772415
0	-0.00238648	0.228365	254900	196926	1.59722
0	0.0122247	0.119109	234616	194115	-0.972814
0	0.00793045	0.130192	241818	222116	0.705227
0	0.062032	0.108602	258724	243121	-2.23066
0	-0.00136728	0.0583918	235762	228780	-0.0111328
0	0.020553	0.0595446	229574	224011	1.21016
0	0.0356193	0.00823391	264908	264436	0.683302
0	-0.0424281	0.276661	218848	66638	-0.0278662
0	0.0264767	0.195351	251128	152967	-0.0858513
0	0.0352363	0.155193	224646	180320	0.0202091
0	-0.023864	0.145918	231778	198913	-0.498223
0	0.00179429	0.110626	235734	215391	0.402543
0	-0.013186	0.0845175	247438	237702	2.31147
0	-0.0227676	0.0380871	240248	234276	-1.9601
0	-0.0211473	0.0410637	236520	232516	-0.643381
0	0.00702162	0.0395189	238604	238008	2.39029
0	-0.0131344	0.268824	231976	77304	0.0132222
0	0.0364477	0.257284	236648	132970	-0.120784
0	0.0105928	0.209734	250750	190544	0.0876664
0	-0.00977324	0.121411	236766	211999	0.736458
0	-0.0144421	0.0720691	239434	227388	0.358966
0	0.0106237	0.109269	244172	231081	-0.746609
0	-0.096406	0.0797812	228944	219586	1.22816
0	-0.0115369	0.0493543	260690	254439	1.22087
0	-0.0133528	0.0398302	239020	236626	1.29684
0	-0.0215866	0.253998	239514	69140	0.0156285
0	0.0127431	0.249016	249682	139035	0.227654
0	-0.0309123	0.134999	231640	182405	0.0193516
0	0.0128257	0.119061	236182	208592	-0.482603
0	-0.0403135	0.139711	243218	223101	0.0293189
0	-0.00294013	0.0670733	238814	232733	-0.148477
0	0.00258287	0.0673075	243684	238041	1.28982
0	0.0172463	0.0396483	246664	242066	-0.612953
0	-0.0338786	0.0182036	240414	238323	-1.25444
0	0.00230939	0.257128	254048	57301	0.043322
0	0.0065384	0.192287	234736	136838	-0.232835
0	0.0236633	0.20577	233466	175383	-1.49633
0	0.0201127	0.112798	257480	229525	-0.133781
0	-0.0433257	0.0863781	246962	231738	0.872759
0	0.0571449	0.0959439	234000	218027	0.760257
0	-0.0183414	0.0381926	243386	237960	2.17716
0	0.0235607	0.0404694	234504	230357	-0.269099
0	-0.0038018	0.0226941	240204	237828	-1.05005
0	0.0102221	0.253141	246872	87001	-0.030213
0	0.000126819	0.222431	235524	118292	-0.00778729
0	0.0382381	0.239332	235908	164838	0.109708
0	0.00120945	0.181251	251972	213920	-0.790704
0	-0.074596	0.153209	247272	223458	-1.9364
0	-0.0531376	0.0693789	253232	244793	-0.460759
0	-0.047304	0.0858729	254592	247653	0.918648
0	-0.0138505	0.0425514	246538	242379	-1.00284
0	0.0371988	0.00706942	250964	249713	-1.20601
0	0.00709527	0.234543	248952	70316	-0.0884748
0	-0.0641303	0.218007	247888	144207	-0.52278
0	0.0212898	0.163783	235672	193426	0.0546642
0	-0.0316378	0.145154	234988	209683	1.13419
0	-0.0217185	0.092411	237538	226163	0.210257
0	0.0471783	0.0836413	242388	232294	1.67288
0	-0.0409837	0.0490776	251292	242940	-1.16824
0	-0.0264975	0.0443635	263616	259653	0.411183
0	0.0140262	0.0137117	250456	248471	-0.810799
0	0.00557665	0.217286	223950	58736	-0.0241332
0	0.0169869	0.25158	234358	129617	-0.260372
0	-0.00405629	0.207752	248772	187848	-0.509817
0	-0.00928645	0.170262	247112	210662	0.511425
0	-0.0256721	0.124026	238496	219061	-0.0847804
0	-0.0108376	0.0672642	244956	237758	-0.665271
0	-0.0424886	0.0465427	258464	252067	1.60692
0	-0.0220697	0.039352	252314	248644	-0.237024
0	0.0243016	0.0308951	254042	252146	-1.84109
0	-0.024459	0.276525	238774	68023	0.0974295
0	-0.00165949	0.24679	262432	149900	0.212525
0	0.0707718	0.174391	241876	184695	0.43888
0	-0.0154796	0.122123	239806	210773	-1.78951
0	-0.0453432	0.12013	237960	219627	-0.278354
0	0.020072	0.0867353	254660	243117	-0.486824
0	-0.0245239	0.0506865	251910	244460	2.04027
0	-0.0204633	0.0534863	252668	248249	-0.249838
0	0.0495283	0.00755366	249450	248969	-3.12209
0	-0.0132802	0.241893	233514	61944	0.0226633
0	0.0461032	0.212012	242544	146518	0.415939
0	-0.0300266	0.180579	245238	188892	0.0302672
0	0.0368388	0.149199	240346	207588	-0.483874
0	-0.00576055	0.0737163	222162	208342	-1.22545
0	0.00861011	0.125015	251610	234316	-0.0233287
0	0.00725796	0.0679333	235742	229476	0.0882197
0	-0.0200771	0.0316871	238652	236504	0.985202
0	0.00951515	0.0492814	249820	244950	-1.90096
0	-0.0165734	0.259121	245586	70599	-0.142795
0	-0.0551601	0.255874	237848	135960	0.678416
0	0.0175338	0.192934	241180	191398	-0.0843612
0	-0.0133335	0.117672	232100	206231	0.581758
0	-0.0387527	0.126113	222468	206379	-0.834108
0	0.0246	0.0733126	248060	232653	-1.69637
0	-0.0959666	0.0639254	253442	246435	1.44547
0	-0.0558825	0.048104	241850	236158	0.161391
0	-0.000221054	0.0144641	253846	251842	1.40595
0	-0.00134494	0.216614	217920	70950	0.106309
0	0.0102527	0.237339	240774	123951	-0.376302
0	0.0397699	0.209037	233902	175829	0.111074
0	0.00614742	0.146747	247602	211420	-0.900808
0	0.0050237	0.0966464	242630	227874	-0.694899
0	-0.00161976	0.0675167	264902	255491	1.97612
0	0.0331186	0.0768853	257962	252189	0.235607
0	-0.00881814	0.0365521	237040	232295	-1.08171
0	-0.00357084	0.00871649	248238	246863	0.382182
0	0.0388124	0.254069	247512	87376	-0.137232
0	-0.00808963	0.198081	243510	143415	-0.318208
0	0.0374021	0.225992	229994	166215	0.0682519
0	-0.0395868	0.137413	238402	214590	1.26437
0	-0.0220161	0.0526762	245438	232522	0.793172
0	-8.60065e-05	0.0738071	259962	252433	0.935923
0	-0.0025056	0.0693206	248342	242299	1.27923
0	-0.0261006	0.0444202	252308	249691	-0.664882
0	0.00226201	0.00538421	259416	258131	-1.40267
0	-0.00292995	0.259232	239878	58997	-0.051935
0	0.000808545	0.232136	247290	142336	0.130972
0	-0.0169426	0.175238	253756	187109	1.4534
0	-0.0140774	0.143638	262138	229451	-1.57676
0	-0.0132179	0.119711	255738	238344	-1.24316
0	-0.0346292	0.0747166	235256	226583	-1.36536
0	-0.00230938	0.0766219	247678	240877	-2.53089
0	-0.0365593	0.0482987	246614	241840	1.75759
0	0.00956772	0.0217348	243938	242775	-0.819842
0	0.0443971	0.229464	234638	77866	0.058928
0	-0.00296405	0.227287	230088	132313	0.910402
0	0.0279215	0.18871	248398	192594	0.245588
0	0.00776577	0.161675	252028	219255	0.277749
0	-0.0184425	0.124545	239248	215863	1.49734
0	-0.0134597	0.118587	252034	236676	0.546037
0	-0.0168263	0.0737651	252046	246569	-0.966281
0	0.0259993	0.0363263	252544	248081	1.72468
0	0.0346217	0.00531912	252164	250886	-1.35981
0	-0.0361571	0.268341	245778	77440	-0.105297
0	0.010463	0.248849	236716	130351	0.0419526
0	-0.0119494	0.204068	239248	177205	-0.181047
0	0.0039652	0.180902	236216	195006	0.0618711
0	0.00255068	0.14735	251594	226345	1.151
0	-0.00552293	0.0434538	257080	250318	-1.08502
0	-0.0572291	0.0835514	225116	213273	-2.08715
0	-0.0174949	0.0220693	242080	239522	0.772253
0	-0.00673946	0.0170548	251380	248934	2.04995
0	0.0334657	0.26242	240676	79501	-0.0185008
0	-0.0222463	0.219572	247710	148553	-0.263438
0	-0.0502179	0.243304	258912	192178	0.70565
0	0.0202876	0.127561	237004	203336	-0.47652
0	-0.0395885	0.126125	240212	222592	1.70797
0	-0.0129475	0.073731	247248	234823	-0.546387
0	-0.0524051	0.067696	258886	251329	-1.07213
0	0.00581227	0.0486268	248156	240586	3.86167
0	0.0488869	0.0126365	221136	220770	0.315133
0	-0.0148092	0.214521	250054	78003	-0.0979202
0	0.00924113	0.228405	244000	147944	-0.251993
0	-0.0145589	0.163714	233698	180495	1.29435
0	0.0602118	0.120041	233056	202809	-0.88472
0	0.0119877	0.0792952	257610	243579	-0.175526
0	0.0292711	0.0961364	235544	219931	0.751786
0	0.000819537	0.0781409	241788	230814	2.52775
0	-0.0182577	0.0357269	253222	249711	0.849748
0	-0.0117749	0.0291736	252612	252228	0.567807
0	0.0186146	0.260572	240068	78134	0.228135
0	0.011924	0.276399	231122	115083	0.209368
0	0.0218261	0.18864	229966	175244	-1.74552
0	-0.0459842	0.145215	250630	215262	1.54236
0	0.0385987	0.0954221	246562	226246	0.371868
0	0.0114855	0.114723	252036	236373	0.482128
0	0.0193343	0.0567752	247020	241356	-2.37607
0	0.0353476	0.0303704	248962	246696	-1.78453
0	0.0284788	0.0286792	251570	250045	-0.967561
