0	-0.0385021	0.251072	268486	68512	-0.225531
0	0.0220815	0.230672	263646	153833	1.0478
0	-0.0171554	0.180101	243532	191897	-1.35896
0	0.014005	0.139113	241972	199846	1.31462
0	0.060137	0.177277	234060	194506	3.83175
0	-0.00305817	0.160902	240406	211226	2.76015
0	-0.0226696	0.13529	233428	206676	-1.85587
0	-0.0148034	0.126659	235608	203673	-1.14544
0	-0.0377531	0.0800034	221564	194348	2.07358
0	-0.0228876	0.28703	255400	79276	-0.0989144
0	-0.0125447	0.26365	244222	149412	0.231559
0	-0.0120783	0.199568	242508	176555	-0.929397
0	0.0500541	0.153892	248654	222737	2.61161
0	0.0289879	0.175109	255582	240576	-0.658641
0	0.0737471	0.155498	241774	216792	-5.6276
0	0.0203135	0.139013	248092	235830	-2.57981
0	-0.000771055	0.113805	230134	219736	-2.22606
0	0.030809	0.0894881	248814	240072	-13.7253
0	0.011623	0.237601	249980	90759	0.181773
0	-0.00388702	0.21939	256190	166474	-0.00483447
0	0.0025454	0.225984	226928	177348	-4.40657
0	-0.0230605	0.143519	242408	220731	-1.8375
0	-0.0188736	0.147742	248408	228536	0.311674
0	-0.0295318	0.130482	238482	221501	3.21506
0	0.0227688	0.101922	246346	233969	2.86387
0	0.0458401	0.0426743	253252	246632	-9.94741
0	0.002187	0.0464538	246708	240958	1.87926
0	-0.0158451	0.231898	248710	110681	0.110098
0	-0.0262714	0.271578	238812	147280	0.0826215
0	-0.00730513	0.209173	236414	195228	0.750043
0	-0.0355882	0.143852	230890	202503	-0.628821
0	-0.00455895	0.0832249	258822	247146	-0.311007
0	0.00515967	0.0887447	241460	225785	-3.17545
0	0.038905	0.0851283	246920	238360	4.06167
0	-0.0166033	0.0550911	228670	223166	0.557075
0	0.0116921	0.0550068	256094	247577	0.454268
0	0.0210375	0.265738	249264	94523	0.136551
0	0.00676742	0.213938	254138	155928	-0.22648
0	0.00953124	0.235332	244522	188765	-2.29356
0	-0.0286669	0.149601	251230	214746	3.58549
0	0.0437406	0.127986	227130	206586	0.678062
0	0.0333043	0.0956519	237412	223989	1.68952
0	-0.00316444	0.0924182	240878	229299	-9.11438
0	0.0113203	0.0728797	233004	225654	2.74376
0	0.0106477	0.0249908	247180	243216	2.02286
0	0.0120511	0.295784	252752	80597	0.237405
0	0.0347892	0.235905	259476	151567	-0.789159
0	0.00710046	0.23698	245144	185357	2.71042
0	-0.00546458	0.153725	237340	214744	2.92279
0	-0.0233519	0.151893	232922	210117	2.50715
0	0.022733	0.123318	246632	234981	5.68977
0	-0.00642627	0.0801052	246068	234878	1.01309
0	-0.0135851	0.0391642	240250	233730	-0.379934
0	-0.00994865	0.0225367	238842	235936	0.759163
0	-0.00467721	0.25748	252726	82098	-0.144154
0	0.0200469	0.2634	253496	136139	-1.09732
0	-0.00320487	0.229468	242970	179919	-0.105931
0	0.0514988	0.141647	254002	227571	0.836823
0	0.0263062	0.0988795	261858	247068	0.478162
0	-0.0141286	0.090179	239866	225696	-2.78314
0	0.0101586	0.0638949	249054	239903	1.2873
0	0.0198956	0.0716116	257192	246767	1.64554
0	0.0175111	0.0394755	240854	235634	-1.63802
0	0.0324985	0.255449	263282	85718	-0.24813
0	-0.0152062	0.211016	253468	152673	-0.59779
0	-0.00938833	0.241286	252300	192031	1.63588
0	0.0066138	0.185157	244964	213938	-3.27012
0	-0.00964652	0.141933	236124	215010	-0.817905
0	0.0484163	0.0852796	261620	247487	2.49113
0	0.0610277	0.0619422	242442	235399	-1.99409
0	-0.0657891	0.0718547	249526	243345	-3.29756
0	-0.0166244	0.00812851	238826	237538	3.98946
0	0.00422579	0.25588	262264	92188	0.294739
0	-0.0348114	0.207549	258488	173162	1.74414
0	0.0190946	0.26449	261444	197128	0.828644
0	0.0121323	0.188134	229366	203901	0.936856
0	-0.055037	0.0597619	228646	219676	-3.24711
0	0.0218878	0.0776582	246950	236183	0.579943
0	-0.00597909	0.083812	246348	235782	-1.44758
0	0.0101326	0.0335214	247954	245680	-2.6559
0	-0.0172159	0.00977559	242448	241210	-3.29338
0	0.0444926	0.236307	247230	51619	-0.264611
0	0.0276764	0.254886	252064	90362	-0.722526
0	0.0346851	0.25214	267674	129028	-1.50885
0	-0.00102335	0.235131	249112	121829	3.74017
0	-0.0524368	0.21135	238332	132152	0.21576
0	0.0215	0.141655	242744	156021	-2.88055
0	-0.00225258	0.137649	231886	154181	0.0622666
0	-0.0200663	0.158244	239052	154912	0.135562
0	0.0838685	0.0875356	249298	171725	-9.67531
0	0.0286648	0.242835	255910	90723	-0.026059
0	0.0561992	0.24557	270106	158474	-0.820266
0	-0.0610062	0.173076	241228	180507	2.79982
0	-0.00719311	0.2122	239296	194786	0.20653
0	0.0421641	0.167818	249524	206773	5.1357
0	0.00901412	0.0819493	250968	222587	-0.360298
0	-0.0241752	0.0836869	226716	200001	5.18416
0	0.0215317	0.0872276	244066	220146	0.00549247
0	0.0265692	0.0880019	246664	224464	8.44634
0	-0.00143698	0.228096	256988	98858	-0.111848
0	-0.000940911	0.260781	266022	161222	0.204692
0	-0.0138411	0.215103	249566	198681	0.751941
0	-0.0123148	0.139208	237774	205814	-1.85154
0	0.0204011	0.173591	228668	203211	2.75693
0	0.0100585	0.180809	249820	225452	-1.63463
0	-0.0344421	0.0700808	244382	234087	-5.80509
0	-0.00830187	0.04992	246546	237978	3.5325
0	-0.0324349	0.0741174	238902	230113	-10.7147
0	-0.00751371	0.280457	256874	76089	0.0650308
0	-0.0122285	0.252707	255580	155885	-0.551942
0	0.00508606	0.204046	251310	207295	-2.90013
0	-0.000505671	0.161818	244210	222360	4.7469
0	0.0513213	0.151341	213604	194372	3.18017
0	-0.0271347	0.0865451	234514	220302	-1.61901
0	0.0111901	0.0802146	246284	238164	0.605132
0	0.0369234	0.0752983	257354	247192	-3.26681
0	-0.0252458	0.0340665	245502	239132	7.69215
0	-0.00253482	0.26616	236826	74815	0.133987
0	-0.00755947	0.221477	251822	156227	-0.528109
0	0.0211629	0.153133	246750	200143	-0.0228435
0	-0.0208552	0.13122	227096	199985	4.0644
0	-0.00124894	0.0989807	223412	208969	2.70708
0	0.0243343	0.0820728	242362	229807	-2.97722
0	-0.00732789	0.0680887	255256	244550	-3.49406
0	0.0206497	0.0531679	257190	252209	-3.85602
0	-0.0281575	0.0379876	249212	246014	-0.0673695
0	-0.0470194	0.269146	241092	88729	0.265244
0	-0.0373325	0.226839	248038	173013	-0.638696
0	0.0203237	0.218048	233658	175552	-0.178179
0	0.034598	0.164687	252296	213194	-1.34437
0	0.0102935	0.119716	248602	238619	0.905817
0	-0.0114071	0.128052	237606	224138	-3.59405
0	-0.0186387	0.0449886	244482	237673	0.694606
0	0.0212328	0.0334205	250634	244960	7.39492
0	-0.0503801	0.0186119	257890	254803	-0.264379
0	0.00342906	0.202247	247254	126429	0.0305964
0	-0.0149245	0.248134	240924	157279	-0.948971
0	-0.0355644	0.203683	248436	195699	-2.71419
0	-0.0152436	0.162226	242000	218434	0.847883
0	0.0133933	0.132406	254724	233660	0.642193
0	0.0271219	0.0697783	242018	232406	0.540271
0	-0.0128029	0.0601476	252544	248310	0.348305
0	-0.00647632	0.0549602	244700	239188	-2.99215
0	0.0231485	0.0293375	240694	237930	-2.15573
0	0.00436377	0.261089	259174	90349	0.137883
0	0.0614535	0.227101	250610	153340	0.0911434
0	0.00366597	0.196878	236708	193596	0.378031
0	0.00533574	0.14514	230392	198948	-1.88157
0	0.005938	0.102436	236408	216626	-3.26292
0	0.0250619	0.0811387	251962	238634	-8.12498
0	0.040468	0.067243	250042	240807	-2.79865
0	0.00407078	0.05233	244492	239380	-3.56588
0	-0.0393844	0.0178294	238876	236964	4.76119
0	-0.017268	0.283696	266242	84063	-0.0520933
0	-0.0373104	0.228294	253950	175254	-0.415441
0	0.0183216	0.208983	243738	205149	-0.382484
0	0.0161749	0.20987	244210	211807	1.18541
0	0.0259621	0.166558	240304	209654	1.24789
0	-0.0181753	0.119478	237256	225916	0.4033
0	0.0238996	0.0951527	241816	231960	-0.571282
0	-0.0165327	0.0442712	258090	255056	4.23083
0	0.0021025	0.0365909	236810	232120	-2.27483
0	-0.0144253	0.259644	245044	36084	1.0133
0	-0.0295104	0.251052	254266	72788	-1.30817
0	-0.0137301	0.217871	253290	98690	1.07549
0	0.0488549	0.229284	247806	106358	-2.4577
0	0.0227308	0.193498	237896	111507	0.749304
0	-0.000225973	0.199557	242282	125206	-9.50511
0	0.0161828	0.109376	247262	139687	5.78687
0	-0.00133962	0.127674	249622	140664	2.90445
0	-0.0459965	0.138335	233506	126476	0.131229
0	0.0298832	0.261826	265554	56335	-0.15
0	-0.011248	0.211088	260334	128901	0.796989
0	-0.00252398	0.202089	255062	156689	-4.96393
0	-0.0175505	0.203595	234924	157137	3.58236
0	0.0376598	0.134321	253694	192299	-5.0696
0	-0.00716686	0.135024	233118	171234	3.37867
0	-0.00751855	0.0847809	238196	185009	-6.9365
0	0.0136255	0.0816479	247526	200869	-3.75732
0	0.00652649	0.0711157	245634	200494	-9.0402
0	0.0517093	0.237456	263890	85083	-0.271797
0	-0.00542788	0.239812	252026	156009	-1.00902
0	0.0186749	0.203749	232646	174418	0.0325897
0	-0.0338721	0.21176	253126	203303	1.93409
0	0.0108835	0.148532	248300	206048	-5.04831
0	-0.0298085	0.134426	239140	207185	-0.786181
0	0.0140317	0.0547167	253600	238980	4.76357
0	0.0138338	0.0913816	246646	225930	-2.48829
0	-0.0242136	0.0370406	243982	229033	5.33199
0	-0.0303546	0.270068	254146	100984	-0.0104006
0	-0.027665	0.247379	251924	145464	0.531842
0	0.00697348	0.191984	249926	188681	0.893004
0	-0.0268675	0.22332	242620	196833	-2.15967
0	0.0320103	0.167716	236886	209874	-4.67612
0	-0.0287889	0.139348	244850	225697	2.90564
0	-0.0169029	0.133382	254880	237168	-8.29581
0	-0.0279791	0.0666491	239766	228538	4.49064
0	-0.00699193	0.0486561	252794	242318	-5.15574
0	-0.0238061	0.250497	248384	97622	-0.00976481
0	0.00390497	0.277593	263478	149970	0.331589
0	-0.0368927	0.20734	252036	200941	0.724168
0	0.0140189	0.150325	242688	220747	-0.0655696
0	-0.0283932	0.210392	229742	203343	0.444089
0	0.0569705	0.0882418	249522	233862	2.07992
0	0.0224154	0.0657407	248512	238247	1.23037
0	0.0346041	0.082083	253460	238773	5.17526
0	-0.0087204	0.0559744	237346	228399	-8.46102
0	0.000507566	0.23181	252232	110343	-0.0888442
0	-0.0505924	0.253119	257822	159757	-0.954264
0	-0.0333171	0.216346	243052	189156	-1.97516
0	-0.0369749	0.14895	227340	208091	0.364982
0	0.00191746	0.120401	238358	223631	-0.0055174
0	-0.00690472	0.0802704	234780	224333	1.49978
0	-0.0141049	0.0618835	241832	232768	0.723313
0	-0.0169526	0.0356269	249322	245188	0.339857
0	-0.0212281	0.0573189	228918	224178	2.78326
0	-0.0197244	0.251694	253464	81931	-0.205079
0	-0.00794378	0.254182	251166	159414	0.593301
0	-0.0340608	0.221218	234794	190331	0.276562
0	0.00579603	0.165176	238816	210451	-1.02863
0	0.0279762	0.130896	246874	233390	-0.146795
0	-0.0374834	0.0752071	251582	240759	2.78113
0	-0.0254282	0.103981	237628	227051	4.97285
0	-0.00825691	0.0297787	227284	223038	5.07907
0	0.00599232	0.0280372	255740	250569	0.271509
0	0.0206434	0.261482	250400	90125	-0.176452
0	-0.0121013	0.225349	229974	124424	0.46404
0	0.0441461	0.252061	256582	183159	2.11065
0	0.0183766	0.200544	252396	229042	1.01256
0	0.0679685	0.145603	236950	219800	0.973571
0	-0.0332231	0.0987467	244930	229486	-2.75748
0	-0.0183012	0.0610694	255750	249232	-7.97337
0	-0.00639358	0.0460902	247404	239232	2.19481
0	-0.0247543	0.0125772	234530	232808	4.80853
0	0.0261778	0.255324	249650	96971	-0.686953
0	0.019625	0.238226	251234	137621	-0.1151
0	0.0450177	0.222754	236606	176574	2.95192
0	0.0144033	0.146396	248110	219716	-0.991409
0	-0.00810922	0.125148	219540	207370	0.696917
0	-0.00304559	0.108801	232802	225484	-0.199591
0	-0.0111092	0.0303529	257820	253539	4.59216
0	-0.00450873	0.012247	255960	253948	5.92581
0	-0.00322214	0.0374724	243476	238763	-1.83047
0	-0.0133468	0.217	239746	19778	0.134556
0	0.047718	0.231368	250990	62442	-0.30463
0	0.0315467	0.215012	243940	77041	-0.554282
0	0.00738994	0.208352	241604	89806	-0.794504
0	-0.0172311	0.212674	247128	116692	7.73963
0	0.024307	0.186685	264950	115111	2.86983
0	0.0491103	0.185722	240014	105327	-4.21773
0	0.0179854	0.147144	255942	118187	-7.47124
0	-0.00487246	0.128976	246760	123146	-8.50863
0	-0.00571621	0.277379	244328	48126	0.0176232
0	-0.00330085	0.230121	254276	102270	-0.778461
0	-0.0258772	0.23192	254920	128724	-2.33929
0	-0.0198801	0.237854	241938	133413	-0.801119
0	0.0274839	0.159046	249670	159834	2.16804
0	-0.0216086	0.1662	246534	164771	1.57545
0	-0.00542796	0.105168	246590	173601	-3.48483
0	0.0199647	0.0735132	244156	174283	-14.9266
0	0.0103046	0.0691717	238368	172276	-6.05111
0	0.037587	0.269499	259914	72574	-0.400217
0	-0.0289214	0.213441	253262	146137	3.81034
0	-0.0255817	0.201824	242840	160837	-2.37925
0	0.0140169	0.162932	237342	175911	-0.082497
0	0.0401277	0.12191	249110	201163	-2.35502
0	0.00252837	0.125115	231176	184256	0.417614
0	-0.00977758	0.0573925	252552	216141	-7.87522
0	-0.000948993	0.0405561	249118	218388	-2.63124
0	-0.0296347	0.0377989	233430	203480	-3.82706
0	0.00878665	0.230465	260032	86231	0.291267
0	-0.01437	0.247554	254814	140637	-2.9855
0	-0.0221902	0.245156	251028	176108	-0.000421512
0	-0.00492191	0.192381	240376	189094	3.20225
0	-0.0153317	0.123433	236612	203955	-0.806909
0	0.0289801	0.0735415	242340	219625	-3.22605
0	-0.0116135	0.0802534	237536	216587	0.469473
0	-0.0213061	0.10379	247642	227022	-0.582315
0	-0.0369748	0.0552694	241412	226698	3.67917
0	0.040215	0.256082	252810	90336	0.140779
0	0.030589	0.188987	267220	185630	0.152777
0	-0.0246189	0.172848	250760	194069	-0.0231139
0	0.0406194	0.210321	249704	206061	-0.839886
0	-0.00818651	0.155543	240940	211415	0.576319
0	-0.0130554	0.134308	249216	222967	2.47505
0	-0.00676787	0.0669257	248694	237721	-3.46168
0	0.0306941	0.0488717	226996	217163	2.46987
0	0.0141366	0.0361954	256056	249150	-0.771748
0	-0.00675879	0.212869	253398	92327	0.255572
0	-0.0355439	0.247379	240658	157038	-0.425993
0	-0.00103331	0.205382	241458	186772	-0.0574566
0	0.0160827	0.171963	246202	206682	-2.15796
0	0.0101357	0.15712	244374	218101	-0.738304
0	-0.0246454	0.0859142	229980	215650	2.84467
0	0.0144697	0.057423	258510	251301	1.16546
0	-0.0174366	0.0704155	252208	241314	-6.20087
0	0.0121911	0.00675862	253086	250886	-5.20911
0	0.010948	0.278065	254828	69709	0.219843
0	-0.0160009	0.218098	254400	162744	0.236082
0	-0.00336666	0.191002	259096	205828	-2.79161
0	-0.0106273	0.181792	246050	216124	-0.099415
0	0.00610058	0.131002	241726	223203	1.46766
0	-0.0269317	0.0926236	244468	234536	-5.60334
0	0.0158392	0.0659676	243944	234522	1.09512
0	-0.0167254	0.0489515	226452	220620	-2.58379
0	0.0135681	0.026908	248750	244927	3.11964
0	-0.002818	0.229967	260698	91348	-0.0844152
0	0.0423138	0.236967	250102	158723	0.163396
0	0.00823352	0.223829	239350	183608	-0.144124
0	-0.0110774	0.130356	257084	233270	2.3911
0	-0.0430975	0.149058	226826	208720	1.90812
0	0.0249433	0.0860905	246380	238890	2.77024
0	0.0533975	0.0337329	228910	223978	-1.34816
0	0.000689193	0.0524285	247800	241306	-0.825729
0	-0.0137438	0.0334921	243848	239584	2.52581
0	-0.0243647	0.209734	259286	89261	0.204989
0	0.0291495	0.227532	242008	149928	-0.419422
0	0.029386	0.188775	239626	186377	-0.706688
0	0.0110496	0.120063	249982	232049	-2.20567
0	0.0419389	0.100187	236734	217534	0.950434
0	0.0220402	0.0886189	243702	234096	-0.675263
0	-0.00147348	0.0415697	226754	222990	0.0133774
0	0.0220197	0.050197	239922	234655	-2.91288
0	-0.0220833	0.0195626	249866	247793	6.87878
0	-0.0318788	0.255542	253230	15775	-0.129537
0	-0.0321423	0.229494	250716	56455	0.846574
0	0.00792526	0.205926	246462	54462	-3.81606
0	0.0603262	0.220774	251646	80977	-1.9168
0	0.0527314	0.2137	243106	87893	-4.63845
0	0.0268545	0.212012	248014	83716	1.45494
0	-0.0656044	0.167218	234308	94061	11.2661
0	-0.0672481	0.159088	253120	111096	7.64849
0	-0.0309337	0.149121	237050	95537	-0.774424
0	0.0574745	0.233075	257042	46795	0.94271
0	0.0110604	0.259861	261282	88255	0.858068
0	0.0263164	0.236904	255946	123321	0.32079
0	0.0281969	0.199007	258828	132032	-0.252753
0	0.0644198	0.124618	248974	139516	1.72571
0	-0.0161353	0.128932	227830	145381	4.45538
0	0.0440777	0.122304	241296	156494	-13.3416
0	0.0266691	0.0529739	257816	165799	-12.06
0	0.0673303	0.0961687	240210	158480	-23.2211
0	0.00673634	0.208738	257806	69878	-0.418473
0	0.0281132	0.235015	249248	115087	-0.232895
0	-0.0453949	0.207775	247268	148823	-0.685258
0	0.0345537	0.190593	252618	171768	1.39512
0	-0.0142389	0.147798	236620	168546	4.92383
0	0.0219333	0.0790927	237136	179264	0.938283
0	-0.00203506	0.0825518	252196	197292	-7.61655
0	0.00529192	0.0769896	250170	196088	-5.388
0	0.025611	0.0489138	247844	204465	-2.48952
0	-0.0365493	0.257196	258182	72639	-0.545348
0	0.0101261	0.239751	270354	166217	-0.559778
0	0.0168916	0.187501	235876	168410	-0.650369
0	0.024089	0.232554	252638	179468	2.0277
0	0.0432944	0.126219	247458	202701	2.78504
0	0.0109836	0.12368	223452	181705	-7.4652
0	0.0260673	0.0917343	253006	219992	0.299393
0	0.0113215	0.087056	232726	208795	2.72942
0	-0.0248642	0.036712	244720	222108	13.079
0	0.0253314	0.227768	250672	80975	0.0305131
0	-0.027827	0.251368	232394	116300	-0.198589
0	-0.0499354	0.249265	266568	185223	0.849552
0	0.0271089	0.178592	240676	196883	3.05621
0	0.0351534	0.131288	258288	224772	-4.90445
0	0.0128047	0.126278	223242	191584	1.78191
0	-0.00764416	0.0532914	248970	230093	-1.32404
0	0.00759376	0.0503114	246140	232722	6.4933
0	0.0101665	0.0489289	262540	250611	5.46269
0	0.0301878	0.247872	255824	79547	-0.615457
0	0.0141237	0.225981	250314	166405	-0.980921
0	-0.0188916	0.194975	248066	184810	4.9323
0	0.0371246	0.17	237124	208793	2.12473
0	-0.0155409	0.153835	236680	215257	7.45687
0	0.0018003	0.0677522	255940	243659	3.32309
0	0.0154919	0.0867655	250866	233593	2.5849
0	-0.0117806	0.0393366	252684	244680	-3.21551
0	0.0294891	0.0478337	242008	232869	-2.18769
0	-0.0456044	0.240905	254470	87921	0.080406
0	-0.00224506	0.243568	257600	131894	0.227995
0	0.0334757	0.245696	254622	186250	-2.30135
0	0.0089498	0.191736	244908	205371	0.869359
0	0.0153374	0.166698	233890	210234	0.0856973
0	0.00925937	0.0952557	251828	233850	-0.494991
0	-0.0338053	0.0650778	249498	237316	-4.45342
0	-0.0203553	0.0437929	231086	225072	2.55872
0	0.0192739	0.00970782	242188	239344	-7.51968
0	0.0156682	0.240702	239612	82207	-0.142491
0	0.0194412	0.236231	250034	161219	-0.0545356
0	0.0323224	0.242909	259558	198895	-0.812707
0	-0.019373	0.123353	243486	214217	0.685155
0	0.00925592	0.0855701	241176	223287	-1.25376
0	-0.0255655	0.0802215	227840	216394	0.0996178
0	-0.0421487	0.0481881	250414	242478	-2.34367
0	0.0607095	0.0382158	239982	237319	-8.07516
0	-0.018385	0.0276095	248158	244485	3.456
0	0.00458264	0.241904	253612	82624	-0.309123
0	-0.0186864	0.242464	238932	141520	0.121035
0	0.067943	0.227524	257076	204236	-3.25522
0	0.0113208	0.167835	252504	216854	2.17777
0	0.0230262	0.12249	257756	239967	-0.76983
0	0.0372218	0.0898703	234964	220324	0.962262
0	0.041477	0.042004	252846	245540	-4.75739
0	0.0234265	0.0448891	251150	244765	-1.26219
0	0.0260162	0.0364386	231908	226586	2.30197
0	0.0168018	0.235921	268674	22659	-0.433189
0	0.0183182	0.245189	252434	46569	-1.0454
0	-0.0105828	0.21236	264388	51603	-2.18663
0	-0.0115679	0.228071	252934	72673	1.83021
0	-0.00877468	0.236278	255532	80548	-3.14298
0	0.0283353	0.245059	252706	83663	-2.16186
0	0.0175025	0.161953	238198	92853	-0.782094
0	0.00307788	0.227129	234026	80221	1.36578
0	0.0713095	0.166477	250036	91892	-3.36623
0	0.000339072	0.265749	247548	25823	-0.049238
0	-0.00867066	0.23231	256306	63105	2.25251
0	-0.0415129	0.221485	255728	76774	-0.171072
0	0.0104748	0.244659	251790	106916	1.9026
0	-0.0356049	0.19201	259914	135672	-0.297404
0	0.0215692	0.170808	254276	147984	-8.12131
0	-0.00311909	0.151502	245540	135676	7.70541
0	0.00944558	0.122513	255308	152905	-9.17024
0	-0.0341075	0.0775617	245564	149078	-1.22216
0	-0.00656087	0.24609	265408	59758	0.228593
0	0.0334932	0.249599	247674	89134	1.32801
0	-0.00278293	0.245698	255610	128123	5.32958
0	0.022162	0.218885	256278	147808	6.03867
0	-0.0242975	0.0799282	254898	184046	6.22299
0	-0.06705	0.159577	244710	176686	9.61177
0	-0.0116191	0.117637	257890	184260	-4.21596
0	-0.00230262	0.0998183	249748	177368	15.7098
0	-0.078847	0.04616	246078	186016	19.4355
0	0.0302702	0.227108	254406	63931	0.0747804
0	-0.0102816	0.225859	249768	118796	0.977676
0	-0.0179715	0.203509	262102	164118	0.875267
0	-0.0287262	0.195655	258332	176912	-3.89329
0	0.00661896	0.117784	249640	190674	-2.78034
0	0.0282873	0.0984966	258828	216028	1.01661
0	0.0160023	0.0790575	247444	206974	-3.88443
0	-0.00926884	0.0847078	239366	198124	-2.16744
0	0.0302843	0.0196993	244908	215562	5.6438
0	-0.0100297	0.284007	268586	60004	-0.597635
0	0.00713387	0.255721	268938	123463	-0.919245
0	0.0149035	0.208381	267440	189530	-2.14355
0	-0.00375242	0.179824	240426	184634	-1.99272
0	0.00712412	0.144309	251788	216284	-1.47355
0	0.00536173	0.0881409	236492	211469	2.38413
0	0.00595909	0.0510435	252154	229027	5.32345
0	0.0096502	0.0636046	249178	225005	-1.02174
0	0.0440717	0.0570571	243214	224152	-2.06723
0	0.0132713	0.229648	248796	79952	-0.51697
0	0.020147	0.247006	267792	154089	2.02813
0	-0.0682016	0.179039	258284	193390	0.925235
0	0.0216885	0.174304	239596	192470	2.59615
0	0.00971426	0.100682	243812	224705	-4.02771
0	0.0258716	0.0777911	238870	217254	0.950089
0	-0.061387	0.0587288	243236	228608	-4.06218
0	-0.0394626	0.0527224	249612	235876	-3.55427
0	0.00974508	0.0607066	251794	239582	-1.6592
0	0.0177636	0.219044	249772	91707	0.316181
0	0.0136277	0.258418	253458	144765	-0.780354
0	-0.0394411	0.180573	236224	182695	2.62208
0	-0.0231786	0.165068	225878	193902	3.06969
0	0.00592666	0.108179	251824	229584	-5.29619
0	-0.00899295	0.126716	248972	225928	-1.74904
0	-0.0169864	0.0858525	258422	243554	3.43581
0	0.0109926	0.037663	247116	240348	-1.14448
0	0.0122916	0.0389348	251206	243482	-5.01367
0	-0.0253784	0.242038	257064	72105	-0.115787
0	0.003787	0.237465	271396	166080	0.0624007
0	0.0658315	0.264654	264926	190230	-0.174165
0	-0.0119569	0.201437	252940	202897	-0.626017
0	0.0147444	0.131623	239422	216581	-0.542014
0	0.0561026	0.0823665	241378	230535	-0.00217023
0	-0.0031945	0.0440517	249110	242604	0.44035
0	0.0579313	0.0243221	247332	242347	1.60804
0	-0.0524888	0.0214519	255072	252548	-6.62679
0	0.0465223	0.229471	255144	92198	0.134233
0	-0.0276611	0.253924	254784	154283	0.978904
0	0.0104053	0.234554	231514	178454	3.08015
0	0.0116184	0.149813	252984	225932	2.19341
0	0.0372758	0.137088	238990	215161	0.778392
0	0.02275	0.110044	241124	225557	3.28144
0	0.00997339	0.0359056	240514	231023	0.47997
0	0.0284151	0.0228745	239750	235932	0.248053
0	-0.00424847	0.0271031	253506	249549	4.00851
0	-0.0171721	0.246877	262476	17034	-0.220802
0	0.0234146	0.232315	247232	31563	-0.664903
0	0.0558996	0.270576	243502	39092	0.292089
0	0.0487811	0.211972	256118	67401	0.692836
0	0.00528635	0.191406	255940	73450	0.0201449
0	-0.0602416	0.231069	244494	72362	1.71915
0	-0.0120497	0.189603	259302	76152	0.778645
0	0.0298206	0.178778	266964	87271	-5.69108
0	0.0438933	0.131704	257066	92884	-6.09895
0	0.0326491	0.253701	256478	37088	0.0572567
0	0.0465463	0.236326	262632	80175	-0.60057
0	0.0537984	0.227972	248286	92720	-2.23715
0	-0.0199999	0.239612	264100	96540	1.58236
0	-0.0211635	0.185597	252210	111838	4.91655
0	0.0187141	0.205845	250912	118864	0.225502
0	0.032647	0.131071	249538	133299	-13.0167
0	0.00923053	0.0916358	257704	144649	-1.38086
0	0.0218646	0.0876097	224638	123906	-14.7953
0	-0.00852699	0.305022	259030	46365	0.930416
0	0.0190858	0.249027	260322	89838	-0.706827
0	-0.0142386	0.216185	263988	124108	0.0890543
0	0.0205547	0.174587	258090	136121	2.29357
0	0.0402896	0.181777	262230	167430	-3.35873
0	0.0283041	0.166734	258158	166108	-0.179818
0	0.00374637	0.127377	252120	172644	1.69581
0	-0.00502381	0.105971	255224	179040	-6.48906
0	-0.03351	0.050677	257602	188705	-12.16
0	-0.0271799	0.253867	264546	59731	0.0976187
0	-0.0316348	0.264611	264228	121588	-1.28377
0	0.0174491	0.245587	255624	128500	2.93153
0	0.0181579	0.199463	260966	170502	5.6313
0	0.0230602	0.147177	247606	171294	4.09938
0	-0.0153828	0.136887	245380	181328	-4.38575
0	0.00464055	0.0905689	253046	205334	-5.21484
0	0.0301716	0.0513494	249386	205843	-1.02691
0	0.058665	0.0448027	250468	210312	-10.5378
0	-0.0305817	0.276308	253920	67323	0.928535
0	0.0248915	0.21923	264396	129707	-0.31648
0	0.0232435	0.250268	240248	143121	0.509641
0	-0.0175251	0.147226	260336	210053	2.80268
0	0.0809979	0.143402	254390	209414	-3.56992
0	0.0104179	0.110598	233638	199762	-2.62919
0	0.0416579	0.093649	246324	213918	-1.80577
0	0.0120809	0.0640408	249514	217421	-6.89146
0	0.000604129	0.0235727	233006	214315	0.961224
0	-1.21738e-05	0.227851	252156	93488	-0.202524
0	0.0167938	0.201607	257844	147820	1.24376
0	0.00757376	0.222398	246542	147727	1.23604
0	0.0204458	0.18585	253840	195002	-3.50255
0	-0.0110876	0.14205	260596	221138	2.66515
0	0.0242033	0.0936823	245264	223342	0.63242
0	-0.02672	0.0700779	244408	221332	-1.86988
0	0.000986513	0.072761	251992	230254	9.11605
0	0.0126739	0.0427558	247154	233245	-0.396867
0	0.0190188	0.237633	268576	100897	0.363189
0	0.00706339	0.249237	261922	150654	-0.20663
0	-0.0318559	0.225444	241148	173878	-1.09143
0	-0.00395712	0.192175	243846	200062	4.15821
0	0.018942	0.149784	258360	227019	-4.53003
0	-0.00557778	0.107188	245858	227744	1.96449
0	0.0021066	0.0943321	252706	233669	-1.25205
0	-0.0411815	0.027863	245138	233507	9.83295
0	-0.00233537	0.0796996	248844	234546	5.27522
0	0.0251327	0.249709	267876	81951	-0.0134442
0	0.0041833	0.262363	265100	140295	-0.112737
0	0.000579831	0.179919	255646	200091	2.02348
0	-0.0200934	0.20635	249076	210054	3.69062
0	0.0106771	0.103181	245912	230282	-4.06177
0	-0.00862808	0.103664	255658	238183	-0.236635
0	0.0322051	0.0822577	243984	227662	-0.498447
0	-0.0189374	0.0481467	244266	238639	-1.29126
0	-0.0242575	0.0202107	252404	247065	1.69584
0	-0.00267033	0.258986	242242	87523	0.0952876
0	-0.0303263	0.213429	253264	149831	0.0582672
0	0.00639066	0.26598	257122	182614	-1.03592
0	0.0017677	0.142104	243568	213830	2.16429
0	0.00638954	0.134398	256356	233786	1.1675
0	0.0528048	0.126941	266510	247484	0.537497
0	-0.01464	0.0540118	254876	244948	3.97069
0	-0.000859941	0.084858	245152	236409	7.63404
0	0.0361825	0.0140401	261522	257082	0.514347
0	-0.0424946	0.277092	250096	14739	-0.00791346
0	0.0229599	0.221459	251136	28343	0.96919
0	0.0288371	0.236454	251020	39060	1.93998
0	-0.0172647	0.222275	253808	61284	-2.47802
0	0.0122939	0.229441	250584	54082	-2.74733
0	0.00733239	0.243124	271488	59269	-3.84404
0	-0.0428193	0.160777	248638	72302	4.05544
0	-0.0572831	0.181686	265878	72100	10.1974
0	-0.0117529	0.196209	251086	78017	8.02263
0	-0.0111749	0.270976	246662	34451	-0.574629
0	0.03515	0.264855	263288	47446	0.26851
0	0.014046	0.264776	245376	52210	-0.94829
0	-0.0179743	0.182416	263476	114971	3.19677
0	-0.0324343	0.176771	253898	118990	5.75661
0	0.0487072	0.168881	253888	117078	-12.1716
0	-0.082746	0.165475	248704	130488	-2.86985
0	0.0117301	0.0835396	244868	131153	-5.75925
0	0.0138595	0.0920847	241830	134844	-6.86684
0	-0.0218764	0.25476	266022	44242	0.102573
0	0.0120954	0.261199	251256	66495	0.421981
0	-0.0400367	0.192743	246748	120104	2.75664
0	0.0134347	0.184881	234326	121944	-0.66531
0	-0.0453129	0.209865	234952	115963	1.52913
0	-0.0201448	0.142835	241808	151717	5.01293
0	0.042175	0.114041	251678	161836	-10.5878
0	0.00540623	0.0627332	237802	156106	2.93907
0	-0.0512502	0.0285721	249426	172897	3.95705
0	0.00110668	0.258158	260388	50730	0.404136
0	0.00308705	0.214595	255632	100912	0.802568
0	0.017862	0.245738	238342	123511	0.244054
0	0.0327622	0.165294	257472	164587	-3.92865
0	-0.0545146	0.153041	237924	156823	4.22941
0	0.0168313	0.158298	252488	181608	12.8543
0	-0.0207063	0.0545759	250804	190589	2.88664
0	0.0561128	0.0543539	240622	188408	-10.0347
0	0.00180053	0.0476995	252878	200161	-2.73075
0	0.0121481	0.254164	240024	68774	-0.608025
0	0.0124842	0.229782	252524	99869	-3.71501
0	0.048057	0.275479	271230	127390	-2.83597
0	0.00748766	0.236939	261374	173412	-2.67417
0	-0.0823651	0.191797	239748	174912	0.394317
0	-0.0187489	0.0988935	250834	205020	-10.7774
0	-0.049441	0.123382	247162	203158	1.55975
0	0.015104	0.0590096	253602	214874	-9.68918
0	0.0109807	0.0175089	245744	211759	6.65943
0	0.00646464	0.234023	261996	55459	0.100715
0	-0.0686469	0.229694	260188	133605	0.832203
0	0.0270258	0.194702	255326	182454	-1.66613
0	-0.0136716	0.18964	243094	182895	-4.25569
0	0.00128152	0.104665	256820	219703	-6.68976
0	0.0543712	0.129108	250084	208618	-0.484977
0	-0.0316162	0.0725681	246812	218722	-3.97849
0	0.0126009	0.0508304	251850	227145	-11.3183
0	0.0196274	0.0325101	254058	234103	-2.49116
0	0.0070445	0.21595	241110	74348	-0.464487
0	0.0106532	0.259754	263476	126434	1.63971
0	0.00082247	0.23869	269266	177611	-1.97345
0	-0.00332534	0.214598	256170	189328	-1.27691
0	-0.0264099	0.134582	236818	199471	0.136557
0	0.010085	0.0914311	259972	238226	-6.94206
0	-0.065874	0.0561306	253142	234330	8.62255
0	-0.0116552	0.058211	257388	238266	-3.36138
0	0.01103	0.0661702	256040	240864	2.14039
0	-0.0241056	0.277082	256038	58638	-0.00861374
0	-0.00225859	0.262556	255338	127766	0.392256
0	0.0726027	0.224336	255020	176489	-0.110373
0	-0.0100752	0.205709	244840	190335	-3.41086
0	-0.0539374	0.163462	255488	216502	2.29993
0	0.00715956	0.110834	240702	218087	3.38691
0	-0.0361057	0.0728602	242896	227546	5.51482
0	-0.0406546	0.0605072	247896	233353	5.80755
0	0.0397694	0.0282309	251952	243324	-0.194431
0	-0.0137112	0.242209	258916	60581	0.15196
0	0.0456074	0.219926	271470	168185	0.56466
0	-0.0264257	0.220789	255376	175055	-1.05
0	0.0356177	0.154712	254298	220099	-0.117563
0	0.00642894	0.0804462	250728	235526	-4.8823
0	0.013503	0.142357	252166	230111	-1.49119
0	-0.000394719	0.0620743	259176	246825	2.38402
0	-0.0371037	0.0171137	241406	238248	6.09318
0	0.00850724	0.0509306	252290	246808	-1.59858
0	-0.0168133	0.26035	257146	13461	-0.0708036
0	-0.0554607	0.266708	257294	20183	0.768575
0	0.0261159	0.271089	252620	38467	-2.659
0	-0.0100084	0.233411	242880	40767	-0.415754
0	-0.0575178	0.255721	246152	62860	4.79541
0	0.00849708	0.225993	256834	58948	3.1345
0	-0.0694237	0.201209	248334	54206	-6.51741
0	-0.0341675	0.183098	245816	57344	-6.35313
0	0.00862471	0.154715	257724	70816	-1.24778
0	0.00162018	0.216364	260252	27960	-0.783225
0	0.00610416	0.247278	250540	43222	0.868253
0	0.0387002	0.251994	258720	71312	0.431973
0	0.0223376	0.257818	275678	84200	-5.75787
0	-0.00436498	0.193632	246456	95751	2.12171
0	0.0162848	0.160974	259776	116639	-3.39526
0	0.00561313	0.186115	248162	114167	8.48726
0	0.00952281	0.126046	248264	114655	-6.584
0	-0.00304966	0.101319	251712	119566	0.225828
0	0.0385681	0.255185	250920	38346	-0.0639464
0	-0.00778075	0.213843	279770	79487	-0.410871
0	0.0433347	0.254476	246636	84475	-1.71151
0	-0.0551383	0.217436	251924	116796	5.92981
0	-0.0562475	0.120012	275332	154211	11.0626
0	0.0127002	0.152172	234168	133781	-2.89994
0	0.00355764	0.115339	245004	154565	-0.539748
0	-0.0225789	0.118525	261200	159311	-1.7214
0	0.00482066	0.0408868	254764	171547	-2.17027
0	-0.00485715	0.260207	248030	47758	0.526225
0	0.000821315	0.245333	255658	92694	0.12714
0	-0.0142942	0.21408	267106	127710	0.658863
0	-0.0307094	0.261676	249414	130203	3.41283
0	-0.00131025	0.217135	262354	163077	-4.81544
0	-0.0419031	0.125159	249446	174453	0.816806
0	-0.0281022	0.136732	243838	161056	5.20696
0	-0.0244373	0.0908729	264026	199410	-1.87901
0	-0.00705684	0.049913	262044	201547	4.16753
0	0.0428729	0.231364	250786	55631	0.51619
0	-0.00264557	0.2347	256064	105073	0.81486
0	0.0321813	0.219526	253534	142135	-1.03233
0	0.00188098	0.233991	256778	159067	2.04318
0	0.00831165	0.179013	251662	173719	-6.52891
0	0.0113717	0.166054	249042	178812	-6.90338
0	-0.00491487	0.13311	252466	192082	-4.53972
0	0.0108276	0.0617584	234572	186082	6.27618
0	0.027371	0.0262471	249818	210398	0.815406
0	-0.0391894	0.268978	268112	60683	0.804393
0	0.012731	0.257007	268656	103799	-0.638449
0	-0.0103863	0.24995	269112	159200	-0.649966
0	0.00499272	0.18771	256162	175342	-0.246383
0	0.0135799	0.203456	239932	186361	-2.15776
0	0.0193391	0.068408	258750	224628	-8.54364
0	-0.0366893	0.111342	245326	206615	-8.2491
0	-0.0148895	0.0202845	250882	227292	-0.00936302
0	-0.00300466	0.0206732	248488	225976	0.92951
0	0.0358645	0.263695	260996	80591	-0.73815
0	-0.0248453	0.23714	241272	116619	0.516262
0	-0.0529684	0.258141	268570	174755	1.5308
0	0.0190154	0.15391	251552	186923	-0.0948618
0	0.0208001	0.161906	247994	210223	-16.4086
0	-0.0276078	0.0796906	265950	237597	3.85171
0	-0.0348282	0.0864645	258332	230627	-6.3452
0	0.000386588	0.0792629	234502	210991	5.48937
0	0.0376558	0.0128663	247034	233764	3.68445
0	-0.0133313	0.21538	253810	81883	-0.541287
0	0.00732722	0.236354	261914	141572	0.322179
0	-0.000585021	0.202118	261092	178894	-2.89782
0	0.0428464	0.145698	249670	205129	4.32488
0	0.00606106	0.109607	254560	226816	1.60247
0	0.0378876	0.108485	236938	205149	-1.83316
0	0.00077263	0.0819885	245122	223309	2.54182
0	-0.0295461	0.0500694	253806	238096	4.23627
0	0.0283044	0.0352513	255346	244560	-11.456
0	0.0176982	0.260786	264254	84263	0.503063
0	0.0126533	0.283073	255364	109065	-0.00944934
0	0.011737	0.221562	270266	192624	1.28122
0	-0.0542642	0.186712	243182	200432	4.02636
0	0.0493095	0.115742	255966	233208	-2.84138
0	-0.0122273	0.111326	248588	223779	7.59596
0	0.0140906	0.0616813	246366	233523	-0.80295
0	0.0210067	0.0326123	245998	240147	2.51775
0	0.0122226	0.0293348	254406	246531	3.90928
