0	-0.037959	0.249399	252548	70001	-0.388469
0	0.0205344	0.21483	250664	143903	1.51193
0	-0.00883277	0.148413	240252	172282	-3.85574
0	0.0283847	0.102973	249412	198339	-2.99928
0	0.0628651	0.121853	250442	204555	3.01332
0	-0.0198331	0.103116	242330	209945	7.79263
0	-0.0131324	0.0968868	244678	211192	-4.71701
0	-0.0241752	0.0747781	248830	218155	1.66612
0	-0.0242082	0.0341791	238104	214233	-1.98987
0	-0.023469	0.286658	246532	67001	0.0754883
0	-0.0103765	0.254989	231698	138152	-0.418907
0	-0.0158555	0.179098	223704	162078	0.203763
0	0.0525812	0.130765	230380	202128	1.85349
0	0.0319529	0.129745	239594	224911	-1.54814
0	0.0536009	0.110993	229732	211396	0.416256
0	0.0162152	0.11219	246900	235403	-1.35032
0	-0.0161472	0.0689141	248466	240869	2.38679
0	-0.00903877	0.0581245	234906	230485	-1.77094
0	0.012018	0.236787	239826	70679	0.0632642
0	-0.00384657	0.21206	242696	150233	-0.0169691
0	-0.00543158	0.206411	239886	179360	-2.01348
0	-0.0270684	0.116349	250628	220767	-0.635155
0	-0.0173769	0.12593	238992	219667	-0.137352
0	-0.0264911	0.11999	251656	237803	2.30284
0	0.0354309	0.0789797	242832	229630	-0.93474
0	0.0294299	0.027375	239774	236280	-5.02435
0	0.00440135	0.036396	230664	226562	1.21495
0	-0.0156995	0.231656	252892	86857	0.0664136
0	-0.0255397	0.265931	225586	121399	-0.136887
0	-0.011165	0.19744	232490	179150	1.90802
0	-0.0362722	0.139419	239066	215404	-0.423615
0	-0.0161645	0.0629387	235660	222728	3.17066
0	-0.00477707	0.0573716	225002	210514	-0.19443
0	0.0377749	0.0688693	228496	219641	4.40071
0	-0.019948	0.0388147	254090	251081	1.56049
0	0.00701089	0.0321905	247772	242211	1.85863
0	0.0215378	0.265848	237668	72823	-0.0135404
0	0.00711237	0.199555	245298	143619	-0.329964
0	0.00465232	0.223886	226452	170565	-0.829882
0	-0.0160341	0.127772	237740	201628	-0.204334
0	0.0476324	0.0949017	240238	223185	-0.489476
0	0.0326967	0.0819847	242550	229250	1.87181
0	-0.0188898	0.0792661	246522	236597	-4.39677
0	0.012835	0.0638192	240290	234002	2.28933
0	0.010962	0.0169935	248042	245232	1.92855
0	0.0124695	0.296215	251514	65846	0.111866
0	0.0314423	0.234713	225170	120275	0.214934
0	0.00872051	0.193534	235442	180977	2.22441
0	0.00115023	0.140296	220236	195554	0.938352
0	-0.0189057	0.118968	229770	211785	1.17329
0	0.0288271	0.126683	252132	241420	3.86154
0	0.000500629	0.0708163	237474	227516	-1.06498
0	-0.0147592	0.0294752	243430	236702	-0.027721
0	-0.0131156	0.0169336	241324	238632	1.70925
0	-0.00452485	0.257339	252334	76213	-0.18986
0	0.0188627	0.258573	228740	122678	-0.742052
0	-0.00602374	0.204632	232358	160435	0.739731
0	0.0488959	0.10382	249170	222490	1.61769
0	0.0248071	0.0851444	247160	232717	0.927898
0	-0.0208341	0.0815924	239014	225525	-0.771515
0	0.0147148	0.0485939	231840	224641	-0.0795868
0	0.0204628	0.0670128	246038	237288	1.47536
0	0.0113824	0.0453849	246750	241468	0.200605
0	0.0328177	0.255444	238790	71295	-0.343912
0	-0.0194045	0.205075	240764	134181	0.661701
0	-0.00299849	0.245182	224604	154532	-0.281067
0	-0.000422466	0.169258	237336	206891	-1.15924
0	-0.00187812	0.0977179	247182	225270	-3.14843
0	0.0613517	0.0661421	256768	243546	-1.38951
0	0.051956	0.0631394	243548	233138	0.727427
0	-0.0747336	0.0517514	242266	237796	-0.614209
0	-0.00697888	0.00892105	251228	250721	1.09581
0	0.00450512	0.255407	251874	80479	0.210941
0	-0.0325859	0.210862	230878	133893	1.07649
0	0.0229954	0.251399	238962	175344	-0.341593
0	0.0112146	0.14972	245536	219249	1.21216
0	-0.0610623	0.0621442	239652	227081	-1.43952
0	0.0184697	0.0635604	236620	225410	1.60538
0	-0.0200885	0.0813125	254680	246397	2.78526
0	0.00199467	0.0285176	255368	252325	-0.214518
0	-0.026293	0.0138782	246196	244209	-0.570265
0	0.0434795	0.237973	232578	35121	0.0393329
0	0.0234632	0.248466	244674	84955	0.541417
0	0.0235566	0.232485	243796	109893	1.8297
0	0.00396953	0.198259	245446	117494	2.2423
0	-0.0207107	0.153912	246804	134366	-9.30206
0	-0.0122077	0.115403	252092	158631	7.23177
0	-0.0118945	0.0880231	245818	154032	2.95483
0	-0.000745181	0.0802592	244208	161737	-5.66078
0	-0.00776965	0.0635707	245794	165903	17.8161
0	0.0285784	0.241937	236234	69490	-0.000126103
0	0.0544852	0.237132	256430	138650	-0.306094
0	-0.0494665	0.159158	243728	168256	-0.66209
0	0.00422469	0.151386	247890	196792	-3.21881
0	0.0460868	0.165111	235840	187727	3.95889
0	-0.0071554	0.0707731	239790	212743	4.49056
0	-0.0210688	0.0519278	236308	209771	4.25225
0	0.00874826	0.0653273	232112	210597	3.84052
0	0.0284241	0.0642871	246178	222438	7.88986
0	-0.00176712	0.227346	244100	69835	-0.0128037
0	0.0031973	0.257531	239182	131115	-1.03677
0	-0.0108363	0.179259	261378	208411	-0.149515
0	-0.0220545	0.131497	248110	211093	1.07039
0	0.0228558	0.155727	227802	199934	2.02052
0	0.00559744	0.147321	241088	221613	-0.296293
0	-0.0419096	0.0480711	240020	230872	-3.56483
0	-0.00344542	0.0384325	242716	235881	2.07557
0	-0.0570126	0.044162	235880	231032	-3.34139
0	-0.00736875	0.280579	252074	73581	0.0215444
0	-0.0127622	0.249125	241782	130846	-0.391832
0	0.00354477	0.189999	238458	186069	-2.43774
0	0.00620142	0.15123	231836	205457	2.73477
0	0.0505338	0.127633	238414	217094	3.41641
0	-0.0220272	0.0632662	239478	230051	-3.15129
0	0.00553176	0.0658253	241780	232198	2.30262
0	0.0248274	0.0435404	252818	244930	0.362008
0	-0.00766592	0.0214913	223852	220055	2.4182
0	-0.0026004	0.265516	235990	66046	0.153662
0	-0.0117709	0.217794	238672	139763	0.73533
0	0.0223862	0.171986	234212	173534	-0.389822
0	-0.00961845	0.111687	240372	214750	0.693367
0	0.0129895	0.0926618	247358	231763	-1.56444
0	0.019515	0.0801414	246312	235737	-1.53143
0	-0.0202614	0.0547907	248574	239103	0.385977
0	0.00914661	0.0604381	238074	232772	-0.40509
0	-0.0290464	0.0283543	229092	225578	0.199317
0	-0.0470282	0.268321	236790	62513	0.267889
0	-0.0421348	0.231949	236244	141543	0.802006
0	0.0189555	0.200737	257620	196676	0.232292
0	0.0254548	0.148928	240946	204442	1.3986
0	0.0051302	0.0824622	249802	236017	2.45481
0	-0.0207386	0.109375	260784	244842	-0.794602
0	-0.0180289	0.033919	256750	251687	0.511643
0	0.0332784	0.0285853	240898	235526	3.78122
0	-0.042603	0.0195136	249656	246208	-2.59752
0	0.00326396	0.202196	253540	88956	0.0801261
0	-0.018002	0.245231	242526	140754	-0.0257152
0	-0.043876	0.189093	238902	186709	-0.220714
0	-0.0152099	0.147475	246762	218580	0.837792
0	0.0156654	0.107573	227818	211068	-0.0394441
0	0.0260805	0.0741209	241602	229946	0.8527
0	-0.0137251	0.0522828	246632	242281	0.624957
0	-0.0106809	0.0397207	245916	243720	-1.73078
0	0.0176834	0.0351951	246552	244181	-0.516183
0	0.00443646	0.260898	247582	73531	0.116079
0	0.0590388	0.206328	260308	161843	0.815548
0	0.00849723	0.176787	239698	190126	-1.07135
0	0.00241057	0.13257	245554	208920	-1.00402
0	-0.000361498	0.101992	241798	218408	-1.37307
0	0.000284964	0.0768326	239296	229753	-0.69189
0	0.0412694	0.0608275	247228	239426	-3.03907
0	0.00115346	0.0451028	254474	250307	-2.69069
0	-0.028107	0.0142702	254888	253710	1.37798
0	-0.0171073	0.28338	230168	67061	-0.100309
0	-0.0382393	0.219305	240880	152566	-0.136769
0	0.0190308	0.171713	233766	186458	-0.595257
0	0.0236679	0.188375	242764	208478	-1.0625
0	0.0297087	0.126548	234784	210599	0.123898
0	-0.0183037	0.117129	244626	231762	0.441839
0	0.0197466	0.0790615	250646	242207	0.674603
0	0.000478615	0.035489	249500	246998	-0.872559
0	-0.00433096	0.0368646	231754	228957	-0.34479
0	-0.0105856	0.258655	269164	25849	-0.138614
0	-0.0316374	0.248074	237888	58173	-0.670078
0	-0.011182	0.214197	237564	80693	0.311061
0	0.0706236	0.214234	234512	77371	-8.98831
0	0.0409835	0.170758	226096	98226	-4.72653
0	-0.0375656	0.132685	249678	111291	1.69679
0	0.00783173	0.0883216	238426	113871	8.29218
0	0.0152083	0.0734609	247552	121360	-2.05993
0	-0.0385505	0.0788059	249852	124133	-2.10257
0	0.0307483	0.263282	238874	42424	-0.409516
0	-0.0114248	0.215755	259912	104893	0.850042
0	-0.0189201	0.162398	247998	142307	-0.0451046
0	-0.0278309	0.179012	250110	154481	6.66649
0	-0.0108323	0.130839	247226	169922	9.47803
0	-0.0378919	0.105475	225274	167457	12.5962
0	-0.0240988	0.0658202	247766	184048	-1.96244
0	-0.000952138	0.0588852	249998	196079	0.615982
0	-0.0175381	0.0360894	252886	205202	-1.82082
0	0.0532351	0.237103	248362	60684	-0.72954
0	-0.00467927	0.238892	238080	127042	-1.2336
0	0.0101886	0.200863	238602	164240	2.57849
0	-0.0220705	0.20073	235654	182275	-1.60641
0	0.00417384	0.131415	241072	198192	-3.03542
0	-0.0339219	0.109466	245318	213158	0.447855
0	0.0275519	0.0421159	244246	226684	0.707503
0	0.0216219	0.0690898	245066	225159	-4.82472
0	-0.00502383	0.0335861	241938	223480	-0.424943
0	-0.0298795	0.268869	249046	74073	-0.152937
0	-0.0211569	0.24441	250276	135083	-1.42059
0	0.00103831	0.146304	250522	187875	2.67356
0	-0.0235177	0.185662	243026	200931	-3.16462
0	0.0196033	0.158715	238712	210925	-0.953999
0	-0.0316458	0.114616	241614	222005	3.76269
0	-0.0401091	0.0736772	255964	242652	-1.33394
0	-0.032587	0.0472688	260640	251627	5.87301
0	-0.0199441	0.0511229	249972	242602	-1.2701
0	-0.0237703	0.249984	236464	74946	-0.0205058
0	0.00182534	0.269822	242458	135902	0.955479
0	-0.0389107	0.186668	239852	189853	1.32956
0	0.00671587	0.115914	239730	211453	2.12534
0	-0.0280508	0.190801	245246	216598	0.341366
0	0.0489734	0.0610406	244120	228961	4.47904
0	0.0150105	0.0495601	264732	254571	3.45186
0	0.0496371	0.0480977	250372	241898	0.665382
0	-0.0265181	0.0367877	239148	234352	-3.1217
0	-0.000183964	0.23182	259050	86628	0.118615
0	-0.0536429	0.249387	242324	135584	-0.0391139
0	-0.0387211	0.162404	236958	187838	-0.353961
0	-0.0369783	0.128613	240988	218044	0.366004
0	-0.00310825	0.0987268	247476	233300	1.5022
0	-0.0152821	0.0676231	253034	242682	4.013
0	-0.0127098	0.0542509	234276	226442	0.304775
0	-0.00832021	0.0342408	257558	251542	-2.24986
0	-0.0128472	0.0390311	248954	245187	0.268975
0	-0.0201074	0.251089	243410	61632	-0.0901708
0	-0.00852181	0.243982	241438	145759	0.76671
0	-0.0301611	0.18758	236896	182938	-0.893356
0	0.00124825	0.15194	228774	200152	0.335703
0	0.0256742	0.114694	257040	242190	0.543793
0	-0.0230406	0.0678446	249706	240231	-1.55172
0	-0.0118112	0.0870106	237752	227200	0.887758
0	0.0084506	0.0286485	252896	248668	0.0668204
0	0.00530108	0.025086	253736	250201	0.47888
0	0.0194759	0.261296	240450	76387	0.173797
0	-0.0121383	0.218379	243252	134686	0.475136
0	0.0455149	0.2262	241294	174933	1.70003
0	0.0256512	0.170511	244206	212981	-1.16982
0	0.0738687	0.131668	241340	222979	-0.796505
0	-0.0465437	0.0767063	246550	232690	1.23872
0	-0.0352601	0.0552913	240880	233697	-2.8857
0	-0.00160255	0.0296792	243970	238289	0.757499
0	-0.0138665	0.0116807	240940	239006	1.54218
0	0.0245651	0.25443	238322	77463	-0.203146
0	0.0190444	0.220624	254230	142382	0.0590622
0	0.0506464	0.185409	237742	183142	1.26329
0	0.00906241	0.12506	242060	216327	0.610863
0	-0.00752092	0.0874034	253514	242229	0.520426
0	0.00263194	0.0936941	226594	215326	-1.90285
0	-0.0037612	0.046003	241596	237107	2.38777
0	0.0147204	0.0304902	243602	242060	0.157078
0	-0.00510401	0.044418	250396	245038	-1.26591
0	-0.0124398	0.215791	233522	19861	-0.137556
0	0.0457863	0.22964	257574	47143	0.27488
0	0.0242404	0.211497	236500	54322	1.63762
0	0.00340706	0.200234	237532	70189	0.400362
0	0.00281853	0.204096	247066	84264	1.72474
0	0.0199695	0.152161	241252	83881	4.17108
0	-0.00500502	0.108241	247524	100893	12.0169
0	-0.016708	0.113492	234212	94341	2.93676
0	-0.0431873	0.094346	250454	101732	2.98584
0	-0.00622164	0.275986	245052	40545	0.169252
0	0.00200858	0.228687	243200	81266	-2.37129
0	-0.0347755	0.228535	239430	109071	0.33019
0	-0.0364287	0.218539	235406	113667	4.16345
0	0.0232175	0.114963	244862	147835	3.44793
0	-0.0515185	0.139027	249688	160625	10.5484
0	-0.0170803	0.0917354	242758	159159	0.0108815
0	-0.0273109	0.0584982	258740	172626	-0.743871
0	-0.0260784	0.0375996	252570	175367	4.8638
0	0.0375395	0.270347	235950	54422	-0.385979
0	-0.0179699	0.209243	245498	126368	0.524893
0	-0.0323308	0.16827	254438	159590	-0.354498
0	0.0150126	0.148156	233874	159291	-0.38119
0	0.0274842	0.0949071	236366	184784	1.43803
0	0.0257394	0.0868413	255454	203485	-6.54569
0	-0.0514655	0.037331	247998	204034	4.63115
0	-0.013692	0.0427029	249906	206912	1.19167
0	-0.0428797	0.0429394	245020	206084	0.146424
0	0.00976578	0.230967	244246	66479	-0.00247208
0	-0.0288924	0.23663	264432	135343	1.37122
0	-0.0129314	0.190301	241652	162738	-2.77805
0	-0.00848827	0.167845	243890	190528	4.27216
0	-0.0273175	0.109927	234080	198594	2.78883
0	-0.00779437	0.0793924	233694	207265	7.80628
0	-0.0267369	0.0500198	249110	226318	5.00651
0	-0.0152669	0.0773683	227174	208520	-2.3941
0	-0.00706849	0.0514896	237934	220290	-5.29271
0	0.040992	0.25585	258156	76357	-0.0923094
0	0.0294202	0.185881	238646	140116	0.503422
0	-0.00954502	0.194925	244172	180682	-4.54528
0	0.0397602	0.194994	239572	196131	-0.582105
0	-0.0039848	0.127205	234282	207074	-0.684195
0	-0.00734736	0.111258	253492	228224	0.762635
0	-0.00295964	0.0488433	245442	233825	-4.60415
0	0.0282194	0.0498855	265394	256188	3.2123
0	0.021163	0.0484168	221062	213207	-2.87967
0	-0.00729726	0.212458	246862	72234	0.417114
0	-0.0363402	0.238213	225022	147670	-0.187119
0	-0.00321469	0.176141	236200	177459	0.596957
0	0.00898181	0.131232	215232	176410	-0.0277027
0	0.00357065	0.124986	234706	206316	1.23122
0	-0.0168849	0.0615977	226060	217364	0.516527
0	0.0159507	0.0806978	253046	238490	0.721163
0	-0.0325236	0.0633928	258090	249527	-1.67475
0	0.00156645	0.00716064	242758	239093	-2.02173
0	0.0113837	0.277783	246020	54594	0.0891484
0	-0.0175892	0.212365	246822	144024	0.712589
0	-0.00944151	0.20204	217712	169805	-0.969155
0	-0.0098519	0.144283	248046	214503	-0.332042
0	0.0162554	0.123896	245518	222433	-1.57879
0	-0.048121	0.0989786	232476	220142	0.753441
0	0.0259152	0.0548781	227712	219030	-1.9277
0	-0.0248056	0.0377706	241106	236963	-0.159724
0	0.0197593	0.0331395	240428	235297	1.26228
0	-0.0027489	0.229034	243210	78462	-0.105145
0	0.0421985	0.233724	238894	144627	0.197982
0	0.0122632	0.187241	238218	177785	-1.35303
0	-0.00781186	0.113542	242172	211728	1.41145
0	-0.0444184	0.137201	248658	227050	2.30439
0	0.0257518	0.0691071	240610	232455	2.52769
0	0.0534667	0.0308327	235718	229764	-1.36893
0	0.00658769	0.0427108	246028	241746	-2.59528
0	-0.011424	0.026261	227826	225069	1.82985
0	-0.0238705	0.208692	241674	75041	0.0567406
0	0.0270256	0.223703	230444	129835	0.217752
0	0.0264714	0.16511	234874	180103	0.167674
0	0.0108816	0.0916222	237460	217623	-2.15528
0	0.0419694	0.100931	246990	227902	0.941271
0	0.0178838	0.0720982	242740	233696	0.571661
0	-0.0103859	0.0440304	251382	248255	2.68711
0	0.0140751	0.0556835	239348	233537	-0.52951
0	-0.00174605	0.00331826	247222	246587	0.777621
0	-0.0326283	0.255878	246714	25524	0.0953115
0	-0.0363847	0.229601	244938	41964	2.11929
0	0.00442672	0.200423	236278	43951	-2.7665
0	0.032103	0.213874	249270	60288	6.55014
0	0.0351348	0.173499	236190	66549	0.640538
0	-0.00898413	0.153298	242252	76559	12.2065
0	-0.0108016	0.119067	248410	78401	-5.17474
0	-0.0366312	0.088786	236836	82055	-1.53658
0	0.00744282	0.0821184	246010	83301	-12.2874
0	0.0594756	0.232944	247826	31255	0.342406
0	0.0170482	0.255815	242588	68366	-0.938287
0	0.0254257	0.227941	239220	89537	0.588001
0	0.00191299	0.200137	239208	101056	7.63241
0	0.0317895	0.0911429	243076	129249	11.5148
0	0.000682587	0.10494	245342	135953	-0.589987
0	0.00765413	0.0909129	254376	144623	-2.41449
0	-0.0170859	0.0266826	242688	144034	1.06654
0	-0.029958	0.0728083	259760	154599	5.96537
0	0.00811133	0.209509	244094	44143	-0.830969
0	0.0337971	0.22679	245826	114005	-1.93807
0	-0.0660869	0.175304	253354	146928	5.52235
0	0.025756	0.181837	253896	151752	4.03443
0	0.0172318	0.12086	223038	141849	-4.51736
0	0.0131423	0.0760215	243394	180342	3.57557
0	0.00303428	0.0689098	246022	182467	-9.13735
0	-0.0229209	0.0544283	243944	186549	3.07585
0	-0.011411	0.0398968	222248	173145	8.61707
0	-0.0378084	0.256096	247492	53731	-0.167618
0	0.00355293	0.230349	257848	132823	1.41217
0	0.0175586	0.168181	238550	156432	-0.850474
0	0.00859998	0.193581	232402	155632	6.6744
0	0.0516651	0.12322	246128	194566	0.273823
0	-0.00751014	0.0985651	239970	190152	-1.91708
0	0.0293812	0.0715354	248248	209823	-0.694781
0	-0.00680202	0.0834565	230454	189414	8.16648
0	0.00125149	0.038233	244894	213606	5.24432
0	0.0248195	0.227153	214128	60433	0.184056
0	-0.026445	0.246398	247744	121201	-0.613186
0	-0.0445984	0.237364	239924	156919	-0.751546
0	0.0228912	0.141661	233552	183022	4.32153
0	0.015838	0.149323	239830	197554	0.890175
0	0.0413787	0.135483	235978	199609	-6.79029
0	-0.00452226	0.0436368	240044	223680	-2.26061
0	0.0249193	0.0467884	236872	219618	1.29564
0	0.0117789	0.0439262	246640	228441	4.97896
0	0.0281747	0.248731	231968	65595	-0.0115206
0	0.00332588	0.216077	246842	154599	2.25842
0	-0.0103711	0.177436	250992	183351	2.37615
0	0.0439104	0.151392	243436	210964	0.0890159
0	0.00559622	0.117431	248428	219297	1.11573
0	0.00554617	0.077608	262160	243496	2.19933
0	0.0238977	0.0589518	243796	228459	0.0631615
0	-0.0151191	0.0261021	246192	237782	-2.21397
0	0.0324413	0.046856	250202	239464	-3.07337
0	-0.0465132	0.241522	248264	80791	0.353049
0	-0.00585247	0.24007	226628	118872	1.31022
0	0.023158	0.212039	247234	187786	0.793945
0	0.0121072	0.159927	236226	201132	-0.0778706
0	0.0210154	0.152348	247318	216514	-1.6177
0	0.00687112	0.0754938	247898	233395	0.221485
0	-0.0436299	0.0518553	245616	234100	-1.50603
0	-0.00762096	0.038806	251618	244397	-1.2616
0	0.0164187	0.0111396	255292	251868	-6.66313
0	0.0152342	0.240454	231664	58178	-0.0122824
0	0.0173697	0.231779	219066	133027	0.56691
0	0.0339554	0.230526	226538	165798	-1.3026
0	-0.0173175	0.112845	246260	214401	0.0685124
0	0.00175294	0.0744707	247898	228164	0.997129
0	-0.0352659	0.0605524	237214	224684	3.00975
0	-0.0488777	0.0316997	248318	239537	-0.324955
0	0.0310547	0.0286377	242972	238338	0.821282
0	-0.0122443	0.0175676	252648	249737	1.61379
0	0.00468572	0.241762	254026	71690	-0.340046
0	-0.0171615	0.231545	247328	134925	-0.33644
0	0.0622648	0.229354	243694	183118	-1.55176
0	0.0174642	0.14589	244370	208186	0.334736
0	0.0345797	0.100739	252396	233725	-4.2359
0	0.0449317	0.0574241	253554	243834	-1.35071
0	0.0310651	0.0344996	249406	242318	-1.63384
0	0.0161829	0.0411798	247700	242593	0.910906
0	0.0320527	0.0188913	238654	234945	0.491019
0	0.0150538	0.236307	258936	19305	0.0912025
0	0.0188755	0.243292	239978	33651	-1.21261
0	-0.0214701	0.198772	239760	44232	1.07958
0	-0.025795	0.210595	245348	51464	6.09835
0	-0.0266223	0.216711	260230	55266	2.21131
0	-0.00955063	0.196844	249022	67214	9.20392
0	0.0157276	0.122414	249504	78444	-0.249636
0	0.0249172	0.174445	222508	61029	-5.18602
0	0.0391226	0.11339	259306	81719	6.28985
0	-0.0002387	0.266523	250222	27176	0.124094
0	0.00743954	0.23073	226464	52851	-2.58055
0	-0.0449432	0.212416	252578	73916	0.85803
0	-0.0160836	0.219353	242984	91772	9.87012
0	-0.0521843	0.131514	249144	120312	4.67642
0	-0.0190412	0.140132	247798	117877	4.06182
0	-0.00693258	0.09955	246334	121785	8.84946
0	-0.034607	0.10038	246630	130308	4.04552
0	-0.103865	0.056715	240732	121622	19.7051
0	-0.0052365	0.244542	250358	46310	-0.168717
0	0.0333829	0.248795	241786	85583	1.3611
0	0.0144141	0.229967	235116	110612	0.170461
0	0.00908081	0.178258	265892	140220	9.96304
0	-0.000111694	0.052699	248384	165622	-1.03274
0	-0.036528	0.142168	233278	151136	0.45519
0	-0.0259127	0.09772	247180	169547	0.0721156
0	0.0148323	0.0704102	249758	163137	10.5693
0	-0.00113607	0.0415185	240440	170054	-3.87784
0	0.0325944	0.226933	248666	56737	-0.622489
0	-0.0180575	0.225504	226606	98042	3.31046
0	-0.0301929	0.18413	234646	135210	4.54169
0	-0.0301486	0.186492	249640	160956	-3.46659
0	0.0335945	0.118894	238534	175725	-10.873
0	0.025023	0.0770783	221268	174050	1.9959
0	0.00528641	0.0863367	237012	180484	-0.66967
0	-0.00695996	0.0517686	246960	197293	-2.8601
0	0.0467529	0.0140529	224582	186182	0.703217
0	-0.0112053	0.284825	247884	56495	-0.244947
0	0.0102738	0.259797	252136	106193	-1.86122
0	0.0130106	0.188525	253364	162492	-1.57567
0	-0.00541663	0.149892	255246	197837	-1.49346
0	0.0155408	0.11437	250102	203358	-3.99856
0	-0.00418856	0.0611291	257760	225475	5.24922
0	0.0146449	0.0415094	249392	220416	2.71771
0	0.00777301	0.0564844	250464	221160	-0.458583
0	0.0258962	0.0463466	236214	211761	3.38542
0	0.01146	0.226884	257174	76028	0.02642
0	0.0244747	0.242842	248472	135082	0.729804
0	-0.0673701	0.179928	238700	173352	0.675779
0	0.0149593	0.115277	235136	192817	4.61491
0	0.0020555	0.0874032	246484	219614	-1.73008
0	0.0121169	0.0740682	245284	217439	5.0765
0	-0.0778229	0.0326152	243856	226149	0.868577
0	-0.0647128	0.0560261	225482	206807	4.02079
0	-0.00531535	0.0455551	248484	234843	2.85893
0	0.0198747	0.217885	215758	69608	-0.317152
0	0.0143595	0.249178	242362	123549	-0.999882
0	-0.0315258	0.178236	245646	178448	0.247481
0	-0.00491042	0.138442	227552	189362	-2.41075
0	-0.0130656	0.088061	243244	213938	0.401476
0	-0.024504	0.100581	240380	216550	2.90426
0	-0.00142567	0.0847052	242784	224915	-1.2324
0	0.00666204	0.0279228	250302	240971	0.154672
0	-0.000826867	0.0485517	235284	225908	-1.07814
0	-0.02673	0.242014	250662	73767	0.289696
0	0.00348515	0.212716	261988	146745	0.152955
0	0.0740613	0.221351	251182	189669	-2.64311
0	-0.0136237	0.171032	233794	189712	-0.125967
0	0.010781	0.104587	236206	213363	0.647011
0	0.0479362	0.0779046	246816	233350	2.44776
0	-0.00501532	0.0340913	254458	246394	0.986595
0	0.0499809	0.035035	249916	243169	3.99317
0	-0.0668092	0.0154056	237838	233926	-2.33066
0	0.046371	0.228878	255796	79161	0.179625
0	-0.0242034	0.24976	251356	157129	-0.0584082
0	0.0216295	0.180517	236330	179170	-0.287124
0	0.0121376	0.13258	232940	203215	2.03764
0	0.046444	0.118394	255472	230962	-1.97207
0	0.0298125	0.0781419	234154	216980	1.1627
0	0.0141518	0.0417761	253386	243900	-0.77355
0	0.0263097	0.0196641	231466	229352	0.879683
0	0.0118412	0.0219069	239330	236202	-0.818407
0	-0.0181584	0.246979	245454	13955	0.0750907
0	0.0185367	0.234704	232542	20572	0.798478
0	0.0588209	0.262604	227384	32129	-0.584292
0	0.0468512	0.203465	245096	58424	1.27178
0	0.0288292	0.18439	251732	51153	-7.04272
0	-0.0554654	0.211986	243102	54631	0.286285
0	-0.0472739	0.152895	228426	59939	11.3459
0	-0.0230527	0.134999	260298	73303	10.1709
0	0.00499313	0.128301	229712	60105	5.57111
0	0.0354981	0.252665	252282	25841	-0.797451
0	0.0328317	0.231721	248950	68595	3.5138
0	0.0176122	0.207365	239012	77395	8.61871
0	-0.021292	0.202566	232478	80740	1.96997
0	-0.0215991	0.167251	246044	97386	5.04721
0	0.024617	0.174548	236448	92429	-1.54536
0	-0.0563945	0.135355	234044	113013	13.6957
0	-0.0123128	0.0766537	249898	124277	5.08215
0	0.0132941	0.0502313	254816	120954	-12.2241
0	-0.00661016	0.305111	244564	31830	0.355365
0	0.0189068	0.246759	255952	70322	-0.653126
0	-0.0096071	0.211438	246296	112436	-1.30041
0	-0.0224396	0.160394	235986	122488	15.1919
0	0.0223177	0.147427	251376	141157	2.03285
0	0.00777545	0.137452	258230	154976	5.97877
0	-0.0341229	0.108327	260332	153930	13.0566
0	-0.0178557	0.0754194	239590	145605	-2.63949
0	-0.0491966	0.0502451	245106	156611	-7.45398
0	-0.029254	0.25408	245472	42243	0.719833
0	-0.0413106	0.264631	246544	91866	1.61895
0	0.0211539	0.230376	233548	115446	1.8201
0	0.0421318	0.172802	227554	132649	-1.56089
0	0.00403784	0.129543	225392	152780	9.8061
0	-0.0640935	0.0963575	235220	167133	10.2275
0	0.00300658	0.0680723	252166	191495	-4.72465
0	0.0290418	0.035116	251710	195071	-0.687946
0	0.0178787	0.0372567	248016	190170	1.69808
0	-0.0269288	0.276543	228034	49157	-0.167343
0	0.018849	0.217272	251584	107014	1.49627
0	0.00584443	0.224241	233014	137172	5.72938
0	-0.0296994	0.118546	238250	175349	6.45498
0	0.0634904	0.130077	238670	175474	1.68233
0	-0.010141	0.0993661	260236	213317	3.5385
0	0.0286428	0.102529	241510	198472	2.09876
0	-0.0202473	0.0496405	240394	204915	2.80699
0	-0.00420834	0.0124885	250456	216932	2.40496
0	-0.00199874	0.227024	252590	66896	0.393445
0	0.0274834	0.191201	230976	116025	-1.96313
0	0.0244189	0.204315	245174	144970	-3.81749
0	0.0129887	0.151518	236938	169234	-1.26543
0	-0.00512577	0.110293	235876	191487	0.876609
0	0.0197278	0.0942062	240366	208906	1.97505
0	-0.0537876	0.054388	238548	207611	6.25038
0	0.036537	0.0677989	230712	202115	-1.5491
0	0.024604	0.0360384	244470	223772	-3.97591
0	0.0212527	0.234006	248962	80692	-0.306993
0	-0.00071874	0.242028	232860	119019	2.12801
0	-0.0347165	0.182848	255176	189772	-0.233257
0	-0.000321543	0.130523	246342	203010	3.06754
0	0.0128549	0.138088	251944	217986	-2.70392
0	-0.0102911	0.0807753	249766	225043	3.37847
0	0.0192556	0.0570143	244768	225941	-6.39676
0	-0.0196815	0.0386838	240424	223661	3.38297
0	0.00350498	0.0696258	241832	223697	3.52311
0	0.0266404	0.248501	252310	64602	-0.465741
0	0.00214865	0.25567	251548	130973	0.49766
0	-0.000518907	0.177694	237378	180161	2.35311
0	-0.00265651	0.179777	224906	188084	-1.54046
0	0.00851299	0.0870551	247920	227709	-3.41255
0	-0.000423036	0.0727191	230092	212702	-2.69815
0	0.0356799	0.0452401	245588	232085	-1.5409
0	-0.0146896	0.0360462	253828	240868	-2.56561
0	-0.0209117	0.016692	246064	238806	0.692086
0	-0.00335447	0.258433	258082	62490	0.300528
0	-0.0315748	0.204899	240114	140478	0.432826
0	0.00921478	0.252804	234510	162771	-1.88315
0	0.0069608	0.124404	248286	208063	0.606361
0	0.00576013	0.115026	239048	219344	1.35632
0	0.0643292	0.10198	246710	229861	-2.91984
0	-0.00158773	0.0494516	253078	240928	0.0550016
0	0.0153673	0.0659656	245362	235857	2.76586
0	0.0400581	0.0111648	249080	245765	-0.648334
0	-0.0436046	0.277573	243802	10032	0.325074
0	0.0255166	0.222091	245256	15535	0.202171
0	0.0346199	0.241644	243596	32455	0.205146
0	-0.00711806	0.217466	228856	41644	-5.52201
0	0.0226109	0.241523	232178	48035	-5.84245
0	0.00156246	0.228467	254288	42032	-2.11306
0	-0.0617105	0.118279	255316	57266	9.72279
0	-0.0374181	0.146386	231244	54681	4.23786
0	0.01017	0.133213	251848	64515	1.44578
0	-0.0136943	0.27	238880	21029	0.181199
0	0.0380893	0.259589	237746	46263	-0.613257
0	-0.0112012	0.24905	237438	58362	6.62588
0	-0.0433346	0.174566	250818	90457	10.8049
0	0.00690917	0.133037	241502	82110	-6.04642
0	-0.00130797	0.169907	254024	98023	2.8329
0	-0.0932795	0.14245	237632	99866	0.2902
0	-0.0346788	0.083629	242518	97383	8.16344
0	-0.0103643	0.0842264	241338	105261	0.40029
0	-0.0224119	0.255007	241758	34218	0.263219
0	0.0121491	0.261017	253994	63820	0.405865
0	-0.036411	0.169677	236810	98787	1.66895
0	0.0102988	0.162025	236234	115211	0.275471
0	-0.0443912	0.166493	250432	126930	1.25262
0	-0.0193296	0.102049	249914	141584	4.76838
0	-0.0288813	0.0885356	241872	136423	10.7291
0	-0.0117591	0.0688734	237848	136544	8.08865
0	-0.0385701	0.0290882	253960	149531	0.153019
0	0.00274862	0.257516	242708	39121	-0.0884461
0	0.0100201	0.208728	254020	94114	-1.27735
0	0.0273086	0.225605	251348	118814	-2.58992
0	-0.0436952	0.144231	250350	144202	19.0086
0	-0.0400413	0.124468	245392	151943	-0.11258
0	0.0110194	0.121376	257886	172742	14.5979
0	-0.0304482	0.0386395	258366	184556	5.80921
0	0.0406101	0.0524431	247336	174158	-5.38392
0	-0.0299139	0.0257414	251816	182472	6.78358
0	0.0125874	0.252491	254198	58405	-0.739814
0	-0.00779785	0.226408	241424	88135	2.36961
0	0.0351994	0.248926	251724	118264	1.02132
0	-0.0121378	0.181522	248008	152349	3.21348
0	-0.078745	0.155887	247912	171576	-0.69169
0	-0.0442563	0.081272	250204	191765	-3.12515
0	-0.0757525	0.0892935	236188	178786	9.4532
0	-0.00217999	0.0554946	261868	207672	-4.50398
0	0.0246883	0.0214082	237384	191618	2.54716
0	0.00604162	0.236612	226746	44425	0.227621
0	-0.0678169	0.227954	254372	108955	0.583201
0	0.0034897	0.19006	232850	154685	5.39469
0	-0.023473	0.163344	217960	154992	-1.31525
0	-0.0122776	0.0938868	260426	211920	-2.62203
0	0.0502525	0.0854477	242468	197812	0.750616
0	-0.0434616	0.0534512	254134	217441	-0.424859
0	-0.0376179	0.028647	243400	208669	3.7473
0	0.0431378	0.0500759	238892	207713	-9.54428
0	0.0063186	0.217977	235592	59708	-0.246719
0	0.0156328	0.257281	237862	115398	0.145834
0	-0.00291685	0.208269	250098	161030	-0.851649
0	-0.00703835	0.184336	249232	185422	-0.163006
0	-0.0231613	0.115336	231136	193722	-0.838019
0	0.00620402	0.0761633	250686	222724	-5.77777
0	-0.0401788	0.0578709	242140	212127	0.913977
0	-0.00335605	0.0456007	265564	237831	-5.85112
0	-0.000458124	0.0376836	240982	220876	5.58683
0	-0.0243179	0.27833	249180	61036	0.0550919
0	-0.000494783	0.249607	241008	122684	-0.136887
0	0.0716115	0.177692	241116	170518	0.186971
0	-0.00490882	0.123476	238144	197818	-4.96076
0	-0.0494009	0.143476	222122	189844	0.938962
0	0.0214366	0.101481	242236	213555	-0.896188
0	-0.0262216	0.0621682	239924	222940	2.5496
0	-0.0132305	0.034861	235546	221253	-2.4197
0	0.044594	0.0172204	254150	241856	-1.64182
0	-0.0126564	0.241543	238572	58247	-0.16449
0	0.0437277	0.209007	255210	141786	1.12859
0	-0.0385675	0.183079	232430	165493	2.59254
0	0.0232618	0.138896	233746	191443	3.58922
0	-0.00165673	0.0761138	243438	222642	-2.4566
0	0.0160356	0.119349	239904	211718	-2.25099
0	0.00388513	0.0720447	256446	238705	1.10007
0	-0.0158953	0.0415724	216374	207563	-0.269337
0	0.0142162	0.0437862	248478	240942	-3.31128
0	-0.0170542	0.260372	254040	11997	0.00146576
0	-0.0516638	0.265925	253598	19752	-0.370471
0	0.0206306	0.26676	246150	29151	-1.01342
0	-0.0255348	0.226916	253290	38753	4.24216
0	-0.0464923	0.247537	232790	46604	1.48778
0	0.018223	0.180514	257270	54732	0.216716
0	-0.0975261	0.170481	253400	56883	1.91332
0	-0.0297739	0.129284	229604	54235	-7.67118
0	-0.0337856	0.0987024	249548	52592	11.4753
0	-0.000292932	0.217109	239872	27216	-0.209292
0	0.0082334	0.251132	239502	39223	0.229483
0	0.053219	0.250697	242260	52233	-3.92366
0	0.021639	0.257774	240318	65037	-5.54828
0	-0.0235304	0.136865	232812	81360	7.87132
0	-0.0218434	0.105024	228138	88966	8.0432
0	-0.0161431	0.126253	253268	99688	15.0141
0	-0.00111473	0.107429	249356	100426	-3.39273
0	-0.024269	0.0533127	238790	98101	6.59163
0	0.0372041	0.254506	256664	40066	0.345244
0	-0.00929365	0.202115	246506	70090	0.0429997
0	0.0372287	0.244996	255108	84812	0.120271
0	-0.0191076	0.174694	237962	99802	-4.87939
0	-0.0455997	0.104798	250716	122621	7.86822
0	-0.0197378	0.122362	245864	120441	6.83146
0	-0.0317774	0.0821494	239488	126800	10.0608
0	-0.0698551	0.0819072	255852	141744	12.4615
0	-0.0191016	0.0192862	251598	139162	5.00643
0	-0.00648684	0.259582	254888	34867	1.01513
0	-0.00719512	0.235684	247324	74131	2.53207
0	-0.0186051	0.19364	239816	111189	1.95214
0	-0.0217856	0.208936	227750	121318	0.735698
0	-0.0378217	0.161948	240722	145798	6.13798
0	-0.0711958	0.0843301	254094	164639	9.60461
0	-0.0100274	0.103181	255150	163199	-0.215485
0	0.0182244	0.0627378	239270	161320	-14.6775
0	-0.0186169	0.0467544	254178	168261	7.63555
0	0.0433387	0.232186	242936	53635	0.376471
0	-0.000299979	0.2412	234782	85015	0.111182
0	0.0196877	0.218091	249792	132508	2.71573
0	0.00624849	0.185523	231912	146041	0.732931
0	-0.046596	0.147288	251330	165296	9.9434
0	-0.0165465	0.129817	248734	176802	1.4721
0	-0.0141054	0.0827563	248036	181609	-1.78255
0	0.00409509	0.0565356	245812	181053	8.29595
0	0.0186034	0.0366014	239422	183038	3.44567
0	-0.0390666	0.26805	259112	57097	0.767545
0	0.0138653	0.248828	240074	94955	-0.978721
0	-0.0360911	0.214898	255184	147246	7.06147
0	-0.0174198	0.195958	255946	163834	6.47738
0	-0.00256803	0.160632	260142	187433	2.68661
0	-0.0127622	0.0572421	238930	194686	1.08674
0	-0.047766	0.0965893	234450	186170	-4.9261
0	0.002107	0.0411971	246436	208344	-5.10832
0	0.00114878	0.0303394	260034	219151	-0.316521
0	0.0347569	0.262719	235574	61318	-0.405858
0	-0.0216185	0.229574	256388	115788	-0.451798
0	-0.0495813	0.237864	238690	143706	0.514678
0	0.0156957	0.142029	231774	165867	0.901028
0	-0.0234219	0.159649	242080	187656	-3.14199
0	-0.0245212	0.0735076	236672	199874	2.92574
0	-0.0444311	0.0594465	256274	223423	-3.46431
0	0.02525	0.0496531	245490	217408	-1.96964
0	0.0391315	0.0123766	252578	227844	3.24173
0	-0.0150853	0.215828	243604	60731	-0.0150952
0	0.00623721	0.23214	248844	133522	0.649182
0	-0.00631375	0.178313	247464	168090	-1.1792
0	0.0559765	0.136503	242166	195835	0.385842
0	0.0328949	0.0844273	241338	209345	-6.44769
0	0.0196038	0.0894633	244380	212988	3.65198
0	-0.00988686	0.0546336	240454	216103	5.73967
0	-0.00905339	0.0371008	241414	222565	-1.91155
0	-0.0159262	0.0280882	251222	231306	1.81321
0	0.0187252	0.259094	256904	71491	0.194967
0	0.00846093	0.276388	238882	109128	1.24828
0	0.0102903	0.202996	236926	164629	1.71522
0	-0.0431217	0.173379	233428	181383	0.683625
0	0.0354588	0.0909976	236990	210140	1.31383
0	0.00542301	0.1339	259738	224324	2.30088
0	0.0110365	0.0354624	251646	235974	0.113294
0	0.0294814	0.0270559	243196	231417	-0.0246629
0	0.0104121	0.0291784	255700	244034	4.45245
