0	-0.0397391	0.25022	270316	17892	0.145556
0	0.0243183	0.235573	280262	53811	0.376741
0	-0.0226691	0.206026	274284	81828	0.295176
0	0.0166999	0.202412	258422	85757	0.506158
0	0.0682162	0.219343	264378	91675	1.40799
0	0.00937032	0.206966	288228	117194	-0.968399
0	-0.0292866	0.221891	274264	114743	0.129247
0	-0.0275688	0.194145	260330	119604	2.6842
0	-0.0260346	0.14605	268332	128045	-1.44196
0	-0.0231842	0.287458	276274	21904	-0.00993388
0	-0.0116008	0.268688	278238	41952	-0.0516193
0	-0.016905	0.224341	254372	62136	0.518626
0	0.0612383	0.216258	280274	82976	-0.743635
0	0.0273883	0.241575	276286	109208	-0.178766
0	0.0582641	0.221192	268318	99694	-0.982699
0	0.0105565	0.220046	278256	116645	0.347295
0	-0.00824161	0.208813	282230	125234	0.0151058
0	-0.00952978	0.193739	262320	124635	-1.62364
0	0.0126127	0.23798	268326	20064	-0.115159
0	-0.00421749	0.229825	278264	42058	0.0943081
0	-0.0119779	0.252853	278296	73202	-0.0495855
0	-0.027969	0.210716	278318	85828	-0.364972
0	-0.0175176	0.242952	270272	93004	-0.0951237
0	-0.0210963	0.23479	276264	112181	0.684423
0	0.0311188	0.187453	282236	119007	0.358868
0	0.0141113	0.152623	268296	125323	-0.428766
0	-0.000909518	0.163812	282252	132448	2.80821
0	-0.0155982	0.232732	276254	23992	0.0360292
0	-0.0267144	0.277926	276294	48025	0.215527
0	-0.00359526	0.259888	272296	62760	-0.362918
0	-0.0372218	0.226956	282236	88716	-0.138727
0	-0.00541022	0.198774	264314	97803	-0.0556241
0	-0.00277234	0.182692	272322	110884	-0.795848
0	0.0516706	0.18201	278282	126143	0.231999
0	-0.0134708	0.206435	270294	122336	-0.382674
0	0.0187559	0.185581	270314	127607	-1.66488
0	0.0213199	0.26701	274286	28145	0.0518296
0	0.00624587	0.224111	258348	40885	-0.0700136
0	-0.000114567	0.269158	268332	63079	0.600183
0	-0.0191672	0.238105	282220	84149	0.7356
0	0.0403252	0.208307	264322	93951	1.70266
0	0.0425697	0.205552	272300	108679	-1.0901
0	-0.0338204	0.195923	276296	121684	0.0824097
0	0.0198098	0.20515	274244	122883	0.196886
0	0.012339	0.159542	274276	125998	1.51547
0	0.0133049	0.297171	278310	20913	-0.138741
0	0.0336715	0.243871	276258	41965	-0.453838
0	0.0170974	0.270582	272286	54835	-0.288669
0	0.00274559	0.22096	272278	93039	0.459745
0	-0.0166948	0.240091	282276	99088	0.510021
0	0.0346659	0.234265	270304	101250	2.10991
0	-0.00415746	0.22287	280274	121856	0.332449
0	-0.0204034	0.169416	266294	119952	1.66555
0	-0.0039863	0.142306	276276	135375	-1.02954
0	-0.00502785	0.258331	260380	14983	-0.0389624
0	0.0175876	0.268423	276266	34025	-0.359535
0	-0.00616498	0.262726	280254	69152	0.782103
0	0.0471846	0.212493	270302	92837	2.13108
0	0.0261053	0.22279	256378	90907	0.538436
0	-0.0199248	0.22492	270284	105913	-1.0443
0	0.00438962	0.186567	282258	126003	3.01798
0	0.0196022	0.228708	260372	118256	1.73355
0	0.0175722	0.174384	274274	130000	-1.65634
0	0.0319902	0.256532	278256	20870	-0.0956403
0	-0.0169103	0.223482	276266	32984	-0.0865527
0	-0.00514421	0.28625	270306	63035	0.362648
0	-0.00529702	0.279653	254394	74746	0.303122
0	-0.0129854	0.223041	272266	96018	0.183767
0	0.0589952	0.219916	260352	99244	-0.68256
0	0.0522045	0.20013	280256	116959	0.652865
0	-0.069508	0.203938	276316	125945	-2.18189
0	-0.00570657	0.155882	278264	129623	0.714116
0	0.00496201	0.256955	272298	21949	0.0738747
0	-0.0317973	0.223646	262332	44873	0.839904
0	0.0221378	0.291442	270324	62941	-0.0843226
0	0.0172821	0.246714	262342	80132	-0.60808
0	-0.0636112	0.193303	278262	102023	-0.67485
0	0.0282128	0.211006	266354	104079	-1.31757
0	-0.0134752	0.215697	274294	118911	0.801248
0	0.00451327	0.206761	274260	127294	-0.970099
0	-0.0205905	0.148116	280234	132092	-2.28101
0	0.043903	0.238142	268312	22922	-0.0877183
0	0.0245555	0.255861	278228	50528	0.213751
0	0.0345942	0.261772	270322	62996	-1.48156
0	0.0126708	0.252529	278276	81740	-0.368075
0	-0.0495175	0.233453	278264	104983	-0.660026
0	0.012108	0.205861	272282	110853	-0.0629365
0	0.00110662	0.194769	268310	114303	-0.945495
0	-0.0168256	0.211074	272280	122778	-0.836663
0	0.0477096	0.157624	272290	123330	1.17236
0	0.0286139	0.242475	278244	23955	-0.0107785
0	0.0529278	0.250316	278262	47964	0.161136
0	-0.0511921	0.208935	270298	75608	-0.144438
0	-0.00357525	0.244179	270358	80909	-0.878829
0	0.0597913	0.234246	282238	98921	-0.152443
0	0.00687182	0.176418	280254	109777	0.282391
0	-0.0144917	0.191872	266316	116971	2.2791
0	0.0239328	0.176504	266380	120875	-0.714835
0	0.0640465	0.192212	272264	129239	-2.79686
0	-0.00159148	0.228529	276256	24956	-0.0654957
0	-0.00186999	0.271412	282244	42851	0.483416
0	-0.0129626	0.239831	280198	57066	0.488387
0	-0.0182444	0.222064	260350	77154	-0.0726662
0	0.0263242	0.249734	278224	101669	0.979988
0	0.000314812	0.251776	276274	112640	1.28849
0	-0.0545	0.166367	278314	121220	0.212276
0	0.0138862	0.130642	274282	126748	-3.12391
0	-0.0726589	0.20479	270302	121516	1.3525
0	-0.00734113	0.281093	276298	20959	0.0132582
0	-0.0149162	0.26048	276288	43940	0.254384
0	-0.00314073	0.236313	266342	70960	-0.432094
0	0.0147245	0.225292	272340	88928	0.177835
0	0.0674877	0.232893	268338	96112	-1.66977
0	-0.0426984	0.194232	280266	111533	3.05009
0	0.0132164	0.212955	262336	113691	-0.00277914
0	0.028585	0.192405	272284	121798	-0.76528
0	-0.0053712	0.148715	258366	120719	1.72978
0	-0.00245377	0.266582	272264	26895	0.109673
0	-0.0105934	0.235918	268316	41892	0.382079
0	0.0201947	0.207282	280198	60932	0.26762
0	-0.0101136	0.234966	276302	83949	0.841912
0	0.00666842	0.213733	276258	93139	0.33187
0	0.0180372	0.214117	260344	103792	-1.0881
0	-0.0158802	0.203398	272324	114143	-0.928363
0	0.0149923	0.164411	274286	127539	-2.1588
0	-0.0330468	0.180195	268324	125077	1.39941
0	-0.04575	0.269436	272302	27985	-0.115574
0	-0.0401961	0.24463	278278	48060	0.220403
0	0.0188367	0.242983	276280	67858	0.267941
0	0.0289945	0.235708	278260	74941	0.336685
0	0.0197224	0.232815	266308	94860	-1.92285
0	-0.0258442	0.223829	274244	103881	0.737083
0	-0.0210587	0.167704	282254	123008	1.4206
0	0.03996	0.165096	276278	129856	1.77674
0	-0.0526821	0.167493	262346	124283	0.426224
0	0.00309066	0.204218	276306	37931	0.132117
0	-0.0186687	0.259975	278252	51770	0.174281
0	-0.0459416	0.255791	266348	56849	0.398957
0	-0.0122612	0.240139	248390	81892	-0.0468402
0	0.0206587	0.22862	278288	109161	-1.53743
0	0.030823	0.201744	262344	101223	-0.570036
0	-0.0112361	0.206431	254402	110601	-0.121745
0	-0.0178498	0.183598	266296	128621	0.419907
0	0.0175701	0.155663	262348	124530	-0.48219
0	0.00489843	0.261865	274282	22178	-0.0225135
0	0.0622865	0.232845	284230	41050	-0.158765
0	0.00548569	0.234183	274300	74745	-0.167884
0	-0.0042219	0.21332	282254	82942	0.98572
0	-0.00388279	0.191029	270312	97708	-0.316679
0	-0.00528986	0.191361	254396	105425	0.980556
0	0.0359649	0.192431	268330	116523	-1.44772
0	-0.00990998	0.165509	272278	123696	0.628345
0	-0.0240903	0.156531	268306	130168	0.172962
0	-0.017705	0.284295	260398	20086	0.0790207
0	-0.0382231	0.23672	270306	50040	-0.141613
0	0.0147144	0.247089	234442	61094	0.699671
0	0.0186536	0.286541	256388	68876	0.44179
0	0.0307045	0.252965	256398	86097	-0.174834
0	-0.0239073	0.225384	274272	109864	2.1229
0	0.0158244	0.213197	292166	122669	1.85128
0	0.00632458	0.16513	276268	126702	-2.62635
0	-0.0192798	0.159283	276232	132035	4.13987
0	-0.0115544	0.259783	284238	21019	0.15201
0	-0.0327195	0.251829	256368	36972	-0.34545
0	-0.011294	0.220104	272302	67788	0.344686
0	0.0401518	0.25191	268298	75223	0.153206
0	0.0276709	0.214412	266342	92752	-0.732744
0	-0.0332184	0.213812	268294	107297	0.392614
0	0.0291163	0.159816	278270	119940	1.9068
0	0.00466091	0.181964	262312	126292	1.10429
0	-0.0534756	0.151454	260340	124078	2.37498
0	0.0293314	0.261483	268352	19973	0.015546
0	-0.00737557	0.227319	276298	39862	-0.364726
0	-0.0168894	0.222391	278254	60002	-0.654289
0	-0.00813202	0.237866	266328	78927	0.756817
0	0.0229182	0.207301	278264	103227	-0.647105
0	0.00528003	0.19684	250388	98853	-0.355402
0	-0.0338543	0.163779	274236	124278	0.964216
0	0.00197217	0.182653	262326	119993	-0.261309
0	-0.0280184	0.174178	282234	132098	1.32328
0	0.0511696	0.237514	270306	23888	-0.109905
0	-0.00863027	0.249072	270322	56982	-0.0483003
0	0.0167826	0.236758	262308	64916	0.60029
0	-0.0217003	0.260671	274304	81164	-1.71746
0	-0.00661859	0.240859	264344	90342	0.202312
0	-0.0366385	0.219045	268338	109309	1.26282
0	0.0309808	0.167519	266310	118012	-0.321169
0	0.0124023	0.183354	278264	128756	-2.05886
0	-0.00382933	0.12751	268284	127599	-0.783295
0	-0.0307659	0.270398	258362	18071	0.112997
0	-0.0252112	0.256948	264318	43967	-0.204282
0	0.00929615	0.220294	274328	66928	0.196204
0	-0.0362748	0.278448	254376	71868	0.662522
0	0.0119122	0.25308	258330	90462	1.35333
0	-0.0242446	0.215559	276276	113074	1.54233
0	-0.0445853	0.225016	268296	116051	0.00889226
0	-0.0174287	0.154833	286262	129143	1.32553
0	-0.0160295	0.175305	264302	119035	-2.44447
0	-0.0241163	0.250384	290176	25257	0.0833011
0	0.0061891	0.282838	280234	41846	-0.353649
0	-0.0369542	0.24332	276284	74983	0.742609
0	0.0171283	0.206023	276196	93592	-0.998391
0	-0.0276295	0.300114	284256	94889	0.214984
0	0.0589182	0.192334	258390	112933	1.49562
0	0.0291008	0.185013	266354	114714	-0.775232
0	0.049364	0.19946	274290	122551	0.747315
0	-0.0296604	0.153689	280232	128841	-2.17902
0	-5.06521e-05	0.232575	280268	23972	0.0786212
0	-0.0529555	0.260856	288216	38879	-0.245308
0	-0.0425504	0.238741	276270	68601	0.794828
0	-0.0352854	0.219054	278260	89154	-0.141856
0	-0.00101058	0.229615	274240	100606	0.872895
0	-0.00557646	0.203926	278272	115934	1.10131
0	-0.0127063	0.210367	276256	115502	0.30374
0	-0.0148855	0.214278	282232	131865	-0.280267
0	-0.00639384	0.172736	280238	127950	-1.66703
0	-0.0196738	0.252394	282218	18094	-0.22026
0	-0.00484907	0.261528	284232	46181	-0.335112
0	-0.0310655	0.274898	272262	63743	-0.622026
0	0.000323872	0.236671	286222	83815	0.613016
0	0.0272762	0.250244	266328	94727	0.0632117
0	-0.0233974	0.197863	268308	110735	-1.44467
0	-0.00603404	0.253301	262352	107557	-0.845405
0	0.00072593	0.144368	282260	131118	2.38422
0	0.0092262	0.166353	272320	129748	-0.698657
0	0.0200785	0.262375	266334	16989	-0.0069755
0	-0.0097841	0.232657	270282	44988	-0.231129
0	0.0490096	0.274996	278248	55085	0.651632
0	0.023349	0.250628	276318	89250	-0.479156
0	0.0673378	0.233446	274280	100342	1.16277
0	-0.0417489	0.194422	268310	104381	-0.199747
0	-0.0433788	0.210434	276256	117788	-0.450075
0	0.00193677	0.171872	272328	122851	-0.304299
0	-0.00793749	0.14168	276266	130206	-0.236514
0	0.0239444	0.255482	274294	27828	-0.0169442
0	0.0191341	0.248008	284200	30027	0.0321606
0	0.053653	0.246344	274290	72004	0.361317
0	0.0112553	0.223307	274268	83821	-0.0470182
0	-0.00213485	0.239002	268296	99100	-1.09539
0	-0.00723713	0.214021	268280	106220	1.05787
0	0.00010491	0.219012	276230	113166	1.22793
0	0.0124585	0.194418	270298	123922	0.835635
0	0.00460803	0.229721	272302	124233	-4.17952
0	-0.0132246	0.217368	268306	24940	0.0978875
0	0.0461131	0.231869	270290	50023	0.176849
0	0.0359676	0.224843	278244	64028	-1.88056
0	0.00349318	0.217973	276294	78642	0.374524
0	0.0118663	0.228497	280220	96063	-0.989594
0	0.0370701	0.227661	276282	113872	-0.959085
0	0.0338471	0.18103	274318	116991	0.361215
0	-0.00328866	0.187075	262338	125024	-1.08903
0	-0.0347099	0.159376	270310	127342	0.442604
0	-0.00540288	0.277275	256402	23864	-0.0763766
0	-0.00614164	0.234655	266270	46057	0.0737761
0	-0.0321075	0.251355	270310	61977	-0.470213
0	-0.0230669	0.262097	262366	79716	0.154918
0	0.0394671	0.220398	280266	95891	-1.42693
0	-0.0144163	0.23509	280250	107804	-0.58226
0	-0.0201768	0.17775	266314	111991	0.939817
0	-0.0293459	0.155086	274298	130210	-0.133383
0	-0.0194073	0.164457	272320	131827	2.86247
0	0.0358586	0.270216	266330	21033	0.118295
0	-0.0178737	0.221585	278258	48969	0.496038
0	-0.0323773	0.233501	274284	66224	-0.340557
0	0.0148826	0.223766	278236	89832	-0.342205
0	0.0328641	0.190189	276270	102299	-0.175914
0	0.00419335	0.199757	272282	112220	-0.0818792
0	-0.0421815	0.171361	284220	121736	1.84596
0	-0.00984201	0.173013	276294	123254	0.0366669
0	-0.0374907	0.157512	272272	127269	-1.47027
0	0.00919351	0.231347	272324	19872	0.16921
0	-0.0226698	0.255801	280202	41086	-0.495568
0	-0.0207626	0.262472	278278	67172	-0.428688
0	0.00715218	0.238626	266320	77208	-0.419976
0	-0.0169196	0.213923	270340	104929	-0.330543
0	0.0197899	0.182192	266292	102919	-0.469004
0	-0.00213587	0.201676	248418	109814	-2.37381
0	-0.0259011	0.201139	260368	121128	0.796182
0	-0.0334239	0.19421	270306	125981	2.61391
0	0.0404806	0.256478	278270	18874	0.0611154
0	0.0327617	0.202849	272298	51928	-0.499018
0	-0.02445	0.237392	258380	61021	-0.0737984
0	0.0417523	0.27741	270302	82799	-1.17975
0	-0.00744318	0.234321	272258	99695	0.353321
0	-0.00947036	0.216571	272312	109821	1.39954
0	-0.0178822	0.179173	286228	125804	-0.127386
0	0.0354293	0.166528	282236	122191	1.04931
0	0.00979828	0.167998	270286	131140	0.529752
0	-0.00597091	0.212925	274308	23992	0.0192079
0	-0.0376162	0.251328	262366	47800	0.195682
0	-0.00346347	0.235635	266316	73722	0.671591
0	0.00841425	0.229707	288198	88144	0.142564
0	0.00414339	0.241781	280280	90787	1.05939
0	-0.0189062	0.206237	268328	115107	1.12292
0	0.0204611	0.23047	268314	119375	-0.631944
0	-0.0406858	0.206976	278270	129096	0.773884
0	-0.00501867	0.143457	266316	120052	-0.046196
0	0.0116489	0.278121	282228	21062	0.0095745
0	-0.0166463	0.226225	258372	48044	0.429719
0	-0.00755718	0.230031	276216	81130	-1.53445
0	-0.0134564	0.250134	268312	81994	0.749305
0	0.0155022	0.230525	280290	98394	-1.35282
0	-0.045927	0.234567	276294	105813	0.0952455
0	0.0234082	0.190562	284216	119986	-1.1756
0	-0.034896	0.222552	278296	125833	2.86738
0	0.0253362	0.136599	278270	134122	-0.410802
0	-0.00235984	0.230104	280266	25924	-0.221863
0	0.042022	0.247455	280286	56979	0.250938
0	0.00725703	0.256096	284214	65038	0.148822
0	-0.00170339	0.202794	282240	87148	-0.421087
0	-0.0386029	0.248579	268292	94859	0.559733
0	0.031172	0.203138	282244	118376	0.901635
0	0.040401	0.156913	268316	120328	2.55079
0	-0.000654252	0.17337	274300	129079	-0.422695
0	-0.00738745	0.168901	264336	127142	0.618885
0	-0.0237287	0.210919	282222	19907	0.01419
0	0.0287791	0.231767	276256	51921	-0.30829
0	0.0292049	0.227444	266304	58806	-0.652356
0	0.00615953	0.223217	280228	96061	-0.738645
0	0.0466535	0.198339	280290	94765	-0.46394
0	0.0186154	0.23475	266356	112574	0.352194
0	-0.000628399	0.175894	274308	121752	-0.240148
0	0.00511972	0.190724	262330	112737	2.1571
0	0.00307559	0.175412	266378	121865	-0.668874
0	-0.0323838	0.255382	252338	28907	0.0219614
0	-0.0294441	0.22803	270274	44821	0.0371132
0	-0.00338678	0.207775	272272	66885	-0.422452
0	0.0535595	0.218988	260334	80892	0.113206
0	0.0350581	0.213367	282218	104359	0.663556
0	0.0307896	0.21695	272258	110070	0.274412
0	-0.0330753	0.169376	264306	118481	1.50737
0	-0.0435873	0.163472	282246	126774	0.550245
0	-0.0259567	0.151258	266356	126318	-2.26755
0	0.0603226	0.233135	272264	22921	0.0883074
0	0.0124949	0.261906	274306	44665	0.427706
0	0.0257967	0.257772	280260	69841	0.476681
0	0.0262084	0.238112	266328	81781	0.343793
0	0.0685221	0.172183	278258	109338	0.495016
0	0.00585083	0.181455	278282	118847	-2.14046
0	0.00452742	0.177532	276326	119255	-1.47647
0	-0.0165296	0.134972	264322	126558	0.899642
0	-0.0211259	0.167103	282218	136817	3.31574
0	0.00565476	0.210776	290226	16903	-0.0939997
0	0.0271361	0.239045	276232	44799	0.0602376
0	-0.0478341	0.226568	260380	72761	0.0465084
0	0.0406728	0.236764	278266	87143	-0.440598
0	-0.00213701	0.225714	244426	79109	1.29327
0	0.030064	0.17813	282224	104244	-1.50094
0	-0.0219462	0.161608	284232	128551	-1.6432
0	-0.0230743	0.179296	266278	121192	3.12187
0	0.0269275	0.138642	270332	129558	-2.88447
0	-0.0377461	0.255722	264324	16048	-0.186304
0	0.00854672	0.246752	280274	58083	-0.0859647
0	0.0151293	0.219406	260354	57858	-0.121671
0	0.0260476	0.283043	268288	79106	1.44012
0	0.0536138	0.219037	274240	93176	-0.310795
0	-0.0102026	0.218315	268302	111599	-1.10936
0	0.0227514	0.182056	266324	113300	1.29417
0	0.0127497	0.21227	278246	124886	2.30096
0	0.0174527	0.174299	276286	132501	0.383958
0	0.0255884	0.227626	270264	24693	-0.0465895
0	-0.0273148	0.2622	268342	49858	-0.352254
0	-0.0484686	0.276457	264324	56167	0.409522
0	0.0365492	0.230368	276262	81114	0.224111
0	0.02141	0.21075	276272	96038	-0.781416
0	0.015608	0.269923	266324	97851	0.94093
0	-0.0142036	0.151365	276318	123770	0.643804
0	0.0293253	0.181129	274296	128897	-0.0261474
0	0.0270001	0.162429	264310	122228	0.412612
0	0.0281217	0.249102	274274	28844	0.00435455
0	0.0114479	0.242054	264316	39240	-0.1782
0	0.000287803	0.234207	280234	64025	-0.82153
0	0.0435436	0.246336	264310	82201	0.199047
0	0.00490518	0.247661	266336	96815	1.32305
0	0.0127417	0.216844	266284	99816	0.0406824
0	0.0242424	0.186863	272308	122870	-0.0402539
0	-0.0198496	0.151397	260352	123258	-0.794795
0	0.0226914	0.184626	282258	130898	-0.148395
0	-0.04544	0.241825	282264	16992	0.0311023
0	-0.000978803	0.248208	278278	36868	-0.151883
0	0.0253496	0.269251	270308	72053	0.136467
0	0.0109776	0.254497	268296	77517	0.261005
0	0.0134422	0.260666	286240	102969	0.654245
0	0.00449837	0.211079	274320	115061	0.933311
0	-0.0377148	0.163955	274280	123144	-3.28056
0	-0.00832551	0.200422	274244	121909	-1.05023
0	-0.00679182	0.139441	280262	134870	0.300037
0	0.015503	0.241981	264302	21016	-0.0929172
0	0.0186636	0.244643	278262	44039	0.178743
0	0.0298601	0.265897	272310	68322	-0.0740102
0	-0.017074	0.204729	280238	87972	-0.00453692
0	0.00717914	0.186855	264328	95887	-0.63073
0	-0.0327698	0.198654	278240	113668	2.26091
0	-0.0401333	0.166523	264326	115216	-2.9483
0	0.0340572	0.197418	268310	124141	-0.0794624
0	-0.00662317	0.147375	274236	129658	-0.0725363
0	0.00402614	0.242898	278246	17913	-0.142173
0	-0.0179045	0.24868	288224	38732	-0.113549
0	0.0595551	0.258539	272272	62912	-0.738859
0	0.0201902	0.22246	280268	79681	-0.483066
0	0.0289381	0.216919	262372	96040	-2.54341
0	0.0511343	0.186402	272346	109692	-3.21147
0	0.0240284	0.186736	270320	114285	0.477179
0	0.0243851	0.175019	282268	127206	-1.54977
0	0.0227001	0.167073	266276	126367	3.29682
0	0.0152977	0.234806	278308	19147	0.018022
0	0.0146732	0.245337	280250	58034	0.0480827
0	-0.0189252	0.205705	272292	70096	0.316112
0	-0.00195116	0.222366	282276	92765	-1.0548
0	-0.0219544	0.236897	274230	87781	0.810942
0	0.0206832	0.232993	282238	115044	0.133775
0	0.031406	0.1846	268274	115409	-4.95317
0	0.00389629	0.240985	246438	111192	1.12026
0	0.0644093	0.173681	284256	133890	-1.29616
0	-6.26066e-06	0.26662	258348	16961	0.0543618
0	-0.00124104	0.231998	262362	44117	0.0236236
0	-0.0418974	0.232259	282238	56774	-0.0557288
0	0.0154447	0.252619	274288	86004	0.411614
0	-0.0381933	0.216922	274304	91902	0.479112
0	-0.000480673	0.21982	252402	107652	-1.50634
0	0.0148895	0.225254	260346	117124	2.30285
0	-0.0197694	0.171018	278304	130059	-0.405736
0	-0.0420238	0.180907	272314	128059	1.15272
0	-0.00623332	0.245156	268318	25890	0.130328
0	0.0396186	0.253408	270330	42124	-0.509612
0	0.0109478	0.258836	276256	73043	1.21035
0	0.0427931	0.252109	268304	69891	-0.150635
0	0.000650047	0.162244	270352	99835	-1.26126
0	-0.0427605	0.2314	266326	106986	2.32492
0	-0.0243714	0.221707	272258	111253	-0.390263
0	0.0508358	0.220628	256368	119248	-0.231761
0	-0.0169415	0.156926	268320	127180	0.863785
0	0.0308075	0.227843	282222	20873	-0.086409
0	-0.00703212	0.236285	284248	38918	0.00284344
0	-0.0125478	0.223523	258330	56931	-0.751835
0	-0.044409	0.237734	272314	82950	0.811544
0	0.00789217	0.206569	278244	101776	-3.1623
0	0.0358114	0.188766	270322	114127	-1.24063
0	0.00630914	0.178835	272276	123068	-0.976489
0	-0.0159638	0.201859	264326	115035	-0.158963
0	0.0486803	0.138058	268316	129110	0.125007
0	-0.0115155	0.285023	276270	20270	-0.151896
0	0.0043524	0.259942	264356	43820	-0.0848037
0	0.00517175	0.249925	266332	64203	0.775976
0	-0.00972886	0.237142	284222	87327	-0.19979
0	0.00334307	0.227368	274278	90071	-0.339231
0	0.0173342	0.212749	272272	107799	-1.20761
0	0.0224337	0.181471	284208	125426	0.381058
0	0.00551521	0.20028	264330	119848	0.218756
0	0.0307025	0.161111	284222	131831	1.94354
0	0.0114532	0.227964	268310	31104	0.0284581
0	0.0261464	0.251604	282266	51935	0.228296
0	-0.0660832	0.2256	270244	68976	0.2897
0	0.0311388	0.22502	282226	82659	-0.238946
0	-0.0033113	0.199647	274298	105339	-0.120037
0	0.0241148	0.17593	264334	114180	1.47712
0	-0.0749217	0.162608	266322	112915	-0.00177867
0	-0.0571107	0.188987	268316	120894	1.74017
0	-0.00563213	0.178523	282266	132071	2.95397
0	0.0177141	0.219652	270302	25076	0.331028
0	0.0111423	0.262073	252436	45091	-0.0347233
0	-0.0287541	0.217432	276284	66779	-0.58402
0	-0.0133996	0.225084	270302	87217	0.135996
0	-0.011425	0.192709	268332	93734	-0.0906767
0	-0.019189	0.225051	284242	114759	1.30977
0	-0.00670781	0.215972	274304	113958	0.352244
0	0.00741829	0.149526	282218	132712	-0.0722025
0	-0.00596361	0.170071	282226	133290	0.462883
0	-0.0260252	0.2431	272296	22172	0.0782298
0	0.00442275	0.242096	268340	45121	-0.128324
0	0.0624438	0.286444	264350	66313	0.842149
0	-0.0114622	0.259104	250388	65809	-0.774431
0	0.0144536	0.234375	276274	92457	-0.454762
0	0.0598187	0.204892	268336	111753	-1.11699
0	0.00313439	0.178293	266356	115104	-1.45832
0	0.0582366	0.212466	270284	120444	1.51644
0	-0.0788835	0.128756	280232	129541	1.29161
0	0.0469104	0.231259	286220	20935	0.0178076
0	-0.0252918	0.260456	282276	28964	0.268111
0	0.0225628	0.248828	260360	66715	-0.567117
0	0.019021	0.226126	260384	78945	-0.0273704
0	0.0424096	0.22404	282242	104601	-0.761746
0	0.0346726	0.209959	284264	114247	-0.295347
0	0.00881328	0.18833	284178	124858	0.828006
0	0.0211272	0.160179	280272	129078	2.43443
0	0.016087	0.154705	272290	126925	-2.09214
0	-0.0182425	0.246341	276262	21979	0.100317
0	0.0216307	0.233262	274302	54189	-0.129744
0	0.0571473	0.263863	258422	58156	-0.0821981
0	0.050405	0.211057	270302	81715	0.205662
0	0.00541786	0.184938	268270	103732	-0.0193081
0	-0.0526369	0.22698	274274	107414	-0.562244
0	-0.0145878	0.178728	280246	120857	1.54007
0	0.000453247	0.201596	286238	126328	3.11913
0	0.0224279	0.14946	272290	130446	0.340682
0	0.0330234	0.252685	262360	26965	-0.0550481
0	0.0444654	0.236474	286230	45907	0.0237028
0	0.0454408	0.235498	276282	69997	0.270144
0	-0.0150805	0.245596	262306	80895	0.106542
0	-0.00146583	0.214765	276304	99773	-0.99277
0	0.0233855	0.246461	286250	105002	-1.17591
0	-0.00967691	0.218176	270284	115099	-0.319522
0	0.00838193	0.189169	290166	134601	-1.12628
0	-0.0248123	0.161916	286232	131342	-0.79222
0	-0.00558908	0.305432	272324	23838	0.0490419
0	0.0161036	0.250155	278280	46918	0.18785
0	-0.0128144	0.239077	268302	67843	-0.338219
0	0.0273975	0.227585	270272	83061	0.240737
0	0.0284561	0.232816	282246	96831	0.191341
0	0.0320713	0.242446	276274	111411	-1.30999
0	0.00998149	0.221018	272314	115989	-0.174721
0	-0.038176	0.229046	254400	117324	3.4566
0	-0.0778255	0.165995	280264	129438	1.1347
0	-0.0268745	0.254898	284254	28795	0.00598769
0	-0.0364882	0.266976	262368	48974	0.172259
0	0.0271682	0.261698	254344	63782	0.0157919
0	0.0352302	0.248263	270280	80755	0.509597
0	0.0387799	0.217679	284228	96850	-0.616517
0	-0.0258446	0.240793	278282	108946	-1.24721
0	-0.0142455	0.187161	274282	115061	0.450985
0	0.0374378	0.145738	268308	124026	-3.20676
0	0.0268351	0.147989	286212	134046	-0.988823
0	-0.0276781	0.276782	272272	27948	0.0574652
0	0.0214437	0.228815	274262	48897	0.717845
0	0.0241686	0.26536	266318	59243	0.23212
0	-0.00737798	0.215683	268314	92862	-0.241457
0	0.0758651	0.232054	276288	103849	-2.03008
0	0.00274332	0.199103	262356	110142	-0.326811
0	0.0405468	0.224457	276266	120181	-1.47243
0	-0.00354867	0.19673	262324	119038	-2.20258
0	-9.9584e-05	0.138933	278234	133633	1.17234
0	-0.000443679	0.228778	256384	24869	-0.0730727
0	0.0207708	0.205835	272294	42296	0.0506551
0	0.00840935	0.238136	282212	60885	0.98536
0	0.0100927	0.229433	264330	69172	-0.39663
0	-0.00258758	0.212637	282230	103125	0.115152
0	0.0340048	0.210304	272298	118038	-2.30805
0	-0.0374169	0.181281	248368	106015	1.33918
0	0.0296808	0.217918	272286	122548	0.507771
0	0.00195982	0.196038	274260	130722	2.81735
0	0.02012	0.235946	282254	31779	0.0328204
0	0.00577498	0.2559	274274	42094	0.179896
0	-0.035204	0.25363	276236	61938	-0.0870303
0	0.0085469	0.234113	278274	84594	0.407009
0	0.000714452	0.256201	246440	93288	0.938229
0	0.0002739	0.228372	250410	94757	0.208986
0	0.00753063	0.218623	282244	122267	-2.87926
0	-0.0198559	0.157168	256340	118154	3.43529
0	0.0144538	0.179046	254394	121984	0.23847
0	0.0249353	0.250481	266306	23987	0.0457692
0	0.00447507	0.263913	264332	40971	-0.200265
0	0.00577562	0.214074	286236	68173	0.464747
0	-0.00973443	0.265671	268284	85149	0.582919
0	0.00300099	0.20929	274260	102119	-1.75895
0	-0.00758674	0.218558	264346	104851	-0.549037
0	0.0269941	0.201324	270326	114978	1.06484
0	-0.024267	0.187595	272312	125223	0.307624
0	-0.0232972	0.162245	290236	138524	1.40774
0	-0.00236861	0.258845	272286	26918	0.0047701
0	-0.0299711	0.219508	278310	44993	-0.0483007
0	0.00339024	0.279505	282236	63910	-0.135791
0	0.0128195	0.201692	274318	77976	-1.15126
0	0.00825822	0.210468	280246	105979	0.606895
0	0.0622293	0.239412	276294	107909	-2.28986
0	-0.0113278	0.20863	260344	108201	2.97704
0	0.0319546	0.217352	278258	122968	-2.21032
0	0.0342882	0.166253	268314	130227	1.08263
0	-0.0423824	0.276898	278244	14956	-0.0415939
0	0.0240718	0.222271	272272	36191	0.635595
0	0.0352278	0.238345	280260	66654	0.022774
0	-0.0246942	0.216838	272294	95572	-0.249164
0	0.00491022	0.232727	270314	91067	-0.532234
0	-0.0113087	0.234844	266320	105581	1.7483
0	-0.0286585	0.161633	278222	123027	-0.1928
0	-0.0189353	0.185963	260352	115857	-1.307
0	0.00210732	0.18978	262376	122147	3.86458
0	-0.0130189	0.269546	264262	29993	-0.021431
0	0.0346838	0.266678	276282	47689	0.408373
0	0.0125117	0.270153	270308	63942	-0.487991
0	-0.00484325	0.209157	278274	81758	-0.742539
0	-0.00919925	0.203589	274220	99497	-1.2139
0	0.00928511	0.226202	276248	110985	-0.345024
0	-0.094387	0.195437	262318	116185	0.622459
0	-0.00623761	0.15672	272266	125618	-0.368932
0	-0.011041	0.196223	272278	122811	0.603289
0	-0.0213318	0.254567	280248	19943	-0.0608072
0	0.0144303	0.261742	268326	40984	-0.278497
0	-0.0313878	0.205523	264322	72010	0.161978
0	0.0140961	0.219562	270284	80078	-0.863737
0	-0.0409086	0.251804	266348	87139	0.207833
0	-2.81023e-05	0.191603	278280	117780	-1.02208
0	0.00723568	0.22121	260320	116139	-0.106026
0	0.0130274	0.157524	284248	124138	0.652727
0	-0.0346121	0.159612	276288	130383	-1.03437
0	0.00275995	0.257841	282238	17023	-0.0918459
0	0.00599533	0.213054	274310	43856	-0.0699166
0	0.0199242	0.249378	262396	64894	-0.374605
0	0.0188771	0.210328	282234	85115	0.236885
0	-0.0451443	0.214875	272296	94642	1.41832
0	0.0578588	0.252515	274300	102744	0.546108
0	-0.020103	0.148267	284232	125264	2.70566
0	0.0174111	0.151191	280264	129044	1.57577
0	-0.00687742	0.172532	272284	127230	-0.12736
0	0.00986218	0.254377	282244	27888	0.077753
0	-0.000175582	0.231835	258370	42952	0.0829329
0	0.0397106	0.272772	274284	59052	-0.332058
0	-0.00243004	0.279968	274288	81106	0.301144
0	-0.080544	0.247023	256412	90882	-0.152018
0	-0.0506162	0.187221	278280	118089	-1.21718
0	-0.0486051	0.217672	250448	109905	1.30898
0	-0.0195307	0.161315	274270	124074	0.701247
0	0.0338438	0.133319	280264	133678	-0.199486
0	0.00691496	0.235772	282278	19975	-0.0343814
0	-0.0663052	0.236646	280238	40914	0.12967
0	0.0238207	0.2357	270308	57208	-0.704606
0	-0.027666	0.245206	280248	94959	-0.0573678
0	-0.0246048	0.203074	272262	105035	1.07614
0	0.0455717	0.235043	282274	109671	2.15487
0	-0.0427407	0.168678	270358	120760	-0.641141
0	-0.0252065	0.16709	284260	128815	0.0238812
0	0.00625123	0.164337	256396	117814	1.52169
0	0.00647533	0.218795	270296	20051	-0.293736
0	0.0162183	0.265175	268308	43206	-0.0297901
0	-0.0059781	0.258665	268320	62127	0.0667254
0	-0.0100298	0.242641	262374	78918	0.734416
0	-0.0265869	0.223637	276294	103730	0.189669
0	-0.024263	0.175629	280264	118492	3.36234
0	-0.0417381	0.193892	286228	124709	1.38179
0	-0.0195326	0.184516	276282	127523	-0.998169
0	0.0142987	0.209907	264336	127927	1.15977
0	-0.0241879	0.277319	274268	20961	0.0161016
0	-0.000618608	0.263891	268330	36901	-0.0997391
0	0.0741325	0.250149	276292	55933	-0.569325
0	-0.0159742	0.245519	270348	85030	-1.64115
0	-0.0515553	0.238813	276294	101618	1.58529
0	0.0228334	0.196792	280310	116544	-1.31522
0	-0.0219965	0.191409	268308	116359	1.28205
0	-0.0273325	0.199528	270344	121084	1.8109
0	0.0390507	0.170782	270306	126032	0.0211673
0	-0.0129038	0.242229	264368	22078	-0.0902515
0	0.0462694	0.225613	274268	43066	0.366059
0	-0.0335081	0.232231	278298	55834	1.07471
0	0.0361856	0.237166	278264	82947	-0.287911
0	-0.0113424	0.176632	278240	99947	0.449113
0	0.00179057	0.254079	260334	102381	2.02254
0	0.0118945	0.187124	282228	125436	-1.30273
0	-0.0181513	0.174147	270346	117700	0.407442
0	0.00343639	0.201435	268316	125206	-0.0773267
0	-0.0174924	0.260337	270288	17944	0.132919
0	-0.0531578	0.264792	280252	48969	0.0777076
0	0.0199604	0.265153	286224	74276	-0.812365
0	-0.0115568	0.228328	280200	82072	0.048753
0	-0.0400269	0.252771	278252	96920	-0.451849
0	0.019477	0.200895	276314	107180	-0.159482
0	-0.0916505	0.186532	270296	110041	0.15064
0	-0.0588884	0.183827	256360	114078	1.06316
0	0.00859072	0.133226	260386	123444	-1.23758
0	-0.00114949	0.217126	256390	20884	0.0476742
0	0.00855712	0.248857	262334	38933	0.132368
0	0.0408527	0.253133	270352	72888	-0.213766
0	0.0047163	0.270841	272282	85532	-0.47147
0	0.0022678	0.210474	280234	102974	0.131872
0	-0.000968076	0.190384	266318	104751	1.78061
0	0.0384763	0.212721	268300	114725	-1.37169
0	-0.00849431	0.186653	280248	122522	-1.17886
0	-0.0119171	0.151988	280252	131050	2.88607
0	0.0385091	0.25517	290224	29044	-0.046252
0	-0.00826696	0.212892	272318	48960	-0.265009
0	0.0366649	0.255241	274244	59951	0.289424
0	-0.0330838	0.225412	270288	84200	-0.686544
0	-0.0213385	0.175029	282258	97076	0.589874
0	-0.00501557	0.22655	274230	106859	2.41479
0	0.00133941	0.202777	282194	124828	0.12572
0	-0.0316083	0.211546	286236	128997	0.987431
0	0.00350202	0.141053	282234	133748	-1.77467
0	-0.00285529	0.260447	266312	19003	-0.0743336
0	0.00135982	0.246127	260368	40725	-0.03441
0	-0.0129234	0.224981	270326	60892	0.247641
0	-0.013477	0.272218	282268	90037	-1.75688
0	-0.010145	0.265217	278238	99092	-2.16503
0	-0.0400377	0.190864	282252	111773	0.257185
0	-0.00186524	0.21798	282180	116615	-2.66413
0	-0.0400015	0.196849	278270	123776	2.79026
0	0.00257989	0.146569	276250	125547	1.27651
0	0.0442277	0.230953	262326	15111	0.109753
0	0.000529083	0.243215	280264	43047	-0.137537
0	0.0292425	0.244831	280212	66160	-0.150718
0	0.0099252	0.256917	262362	79716	-0.370082
0	-0.0161689	0.246637	268308	93785	0.815269
0	-0.00130211	0.258423	278246	104923	-3.10123
0	-0.0158026	0.207575	278282	116615	-1.2734
0	0.0322821	0.171271	272302	122832	-0.16014
0	0.0383335	0.148393	272270	129079	-2.47335
0	-0.03641	0.269743	258348	17154	-0.0294469
0	0.0110394	0.259478	264362	44899	-0.130971
0	-0.0122876	0.258648	274276	60019	-0.0795919
0	0.000763955	0.255052	266346	79971	1.02225
0	0.00448202	0.271719	270296	86117	0.571594
0	-0.0124068	0.188053	280252	110153	0.98014
0	-0.061828	0.225757	278250	117075	-0.707475
0	-0.0179931	0.172506	282218	129548	0.921712
0	-0.0051703	0.143979	282264	134141	1.5792
0	0.0335417	0.263985	268312	25883	-0.0412861
0	-0.0234756	0.241936	268284	42017	0.105337
0	-0.0471613	0.279583	264360	57791	-0.21133
0	0.0223652	0.212508	292164	75979	-1.09982
0	-0.0368359	0.256137	272328	90909	0.882213
0	-0.0161614	0.195768	268302	112999	0.417793
0	-0.0584067	0.227801	256380	108092	0.72835
0	0.0126588	0.190746	258360	115214	1.8077
0	0.0421273	0.133435	282260	136707	2.34301
0	-0.0151661	0.215725	266356	24845	0.00914618
0	0.00847479	0.242762	272276	48908	-0.0220935
0	-0.00876131	0.224281	278252	64215	-0.444931
0	0.0609649	0.211064	268330	72857	-1.11066
0	0.00759582	0.212063	274278	99772	1.14204
0	0.0383171	0.193407	278254	106307	-1.96202
0	0.00541045	0.207835	276296	119656	1.15047
0	-0.00741542	0.193244	268328	120202	-2.40294
0	-0.00828366	0.169002	268316	126280	-0.479561
0	0.0194243	0.261663	266352	19009	-0.014774
0	0.0126183	0.285157	272290	33879	0.00106418
0	0.0171843	0.236804	276302	70609	-0.352965
0	-0.0436678	0.252049	282280	87082	0.84744
0	0.0428679	0.19569	266340	98963	-0.908901
0	0.0152812	0.24936	262358	97992	-0.656572
0	0.019157	0.204914	270282	112201	-2.32287
0	0.023805	0.177111	266356	121053	1.67824
0	0.0176126	0.161923	268328	127778	2.29229
