0	-0.0388354	0.249539	243210	74797	-0.125537
0	0.0179237	0.213033	249972	145390	2.29512
0	-0.0180339	0.167536	216702	147995	-1.0954
0	0.0154716	0.109238	241180	191105	0.874638
0	0.0509495	0.158871	217720	173297	6.58801
0	0.00303002	0.11915	264222	227412	0.933692
0	0.00142032	0.101971	230320	194842	-9.08284
0	-0.0196373	0.0844731	229006	199961	0.304747
0	-0.0319048	0.026341	256332	236108	0.319099
0	-0.0236046	0.286213	240938	70792	0.116174
0	-0.0112606	0.259847	236318	134396	-0.153657
0	-0.0256294	0.144762	245648	193931	3.13595
0	0.0420191	0.144368	239974	205221	5.02213
0	0.0326983	0.155527	249536	230501	-1.77174
0	0.0694339	0.124044	251380	230150	-4.33365
0	0.0163769	0.132715	243804	226251	-1.39884
0	-0.0218884	0.0858107	253914	244712	4.10914
0	0.00310934	0.0762789	243182	237966	-5.41537
0	0.0117274	0.236862	240880	76379	0.150453
0	-0.00364449	0.217584	232812	133415	-0.0775938
0	-0.00337897	0.221773	226834	175622	-2.62926
0	-0.0302946	0.135188	247754	213531	0.332711
0	-0.0132078	0.144538	237370	216904	-1.38807
0	-0.0294103	0.132851	224036	205508	3.17861
0	0.0159057	0.0787172	233032	219318	4.92281
0	0.0404097	0.035358	247194	243054	-8.31827
0	0.00773989	0.051163	257934	251591	0.21339
0	-0.0150217	0.231855	254884	92698	-0.136943
0	-0.0247641	0.265317	205178	105135	-0.36955
0	-0.0103475	0.19342	245548	190291	1.66276
0	-0.0410063	0.125355	244628	220774	0.996613
0	-0.0178042	0.0869094	247948	231475	3.66256
0	0.0191461	0.0780501	231988	217150	-7.37138
0	0.0414517	0.0743337	220034	212010	3.29768
0	-0.00845681	0.0556457	259058	253018	-1.88687
0	0.0163286	0.0482655	253878	246342	-0.936676
0	0.020945	0.265241	240378	71555	0.1643
0	0.0123791	0.205784	237306	141554	-1.91
0	0.00779644	0.222397	239982	174484	-1.77312
0	-0.019214	0.121552	249870	214861	0.749617
0	0.042176	0.115561	244840	223494	1.14742
0	0.0276747	0.0913077	223978	212472	3.3784
0	-0.00621266	0.0867503	244964	233819	-8.19991
0	0.00474877	0.0652208	262232	255154	4.71521
0	0.00931715	0.0211511	242968	239267	2.42201
0	0.0116084	0.295208	231374	66921	0.370207
0	0.0322174	0.227345	231526	142958	-0.0175918
0	0.0165821	0.225954	239896	174642	-0.134064
0	0.0118696	0.144557	232846	207005	-2.27745
0	-0.02125	0.130828	248748	229027	1.87657
0	0.0280055	0.119603	248524	236791	4.10803
0	-0.00197311	0.0713905	232050	220659	-0.322856
0	-0.0106952	0.0328622	239832	233201	-1.24691
0	-0.0146062	0.0223927	242020	239040	2.15643
0	-0.00432699	0.256998	244552	69793	-0.249219
0	0.0187645	0.256724	235854	123223	-0.712593
0	-0.00665539	0.208441	227776	158758	0.929225
0	0.0434658	0.134005	231280	200029	3.24674
0	0.0316469	0.0979138	229418	210673	-1.12406
0	-0.0170281	0.0792836	240608	227675	-1.91329
0	0.014782	0.0641419	247204	237092	-0.0997438
0	0.0252547	0.0757331	255634	245278	0.0377863
0	0.0135982	0.0351673	256346	251900	-0.464136
0	0.0337245	0.25478	250518	71192	-0.615923
0	-0.0196721	0.206911	226932	136121	0.741989
0	-0.00786278	0.217942	239078	179298	1.17822
0	0.00719835	0.164166	236784	203775	-3.44549
0	0.0186797	0.1073	232862	209366	-9.31577
0	0.0431617	0.0616006	244522	232207	4.06751
0	0.0554669	0.0636524	243944	235186	-0.325846
0	-0.0711096	0.0635839	247658	241899	-1.70139
0	-0.00663532	0.00766446	248710	247532	0.992742
0	0.00433247	0.255058	239400	72584	0.262737
0	-0.0330834	0.209314	241424	148067	1.22576
0	0.024884	0.25636	235586	172810	-0.90816
0	0.0123308	0.163175	229164	199871	0.877297
0	-0.0535213	0.0542062	245342	234410	-3.70181
0	0.0153023	0.0673429	248088	237881	2.55558
0	-0.0142933	0.0838394	245064	236040	1.04667
0	0.00188352	0.0382713	259756	256042	-0.181174
0	-0.018301	0.0148474	247840	246672	-2.96787
0	0.0474474	0.236316	240434	39040	-1.15105
0	0.0328596	0.243066	247958	79743	-2.2775
0	0.0177025	0.221369	251970	111689	3.58596
0	-0.000563125	0.202107	250998	121212	3.6021
0	-0.0514552	0.154885	239224	131036	-0.0787142
0	0.0256507	0.11886	240970	148857	-4.12574
0	-0.0193928	0.0918767	248256	160445	5.20434
0	-0.0280566	0.09787	229844	149313	2.53264
0	-0.000974639	0.0648337	245128	163386	15.7776
0	0.0285466	0.24223	236772	64720	0.00940037
0	0.0610701	0.235022	242080	141266	-2.28155
0	-0.0364285	0.161646	256670	184194	-4.5735
0	-0.00577833	0.163839	252644	194143	-0.217904
0	0.0551342	0.164941	244038	197308	1.2447
0	-0.0031378	0.0763962	242386	208395	3.28528
0	-0.021354	0.067006	243502	218087	4.33781
0	0.00323931	0.0844768	236680	207922	5.49321
0	0.007411	0.0616007	250346	227116	14.1938
0	-0.00094328	0.227022	243994	73673	-0.259957
0	0.00181892	0.253956	248618	139125	-0.623258
0	-0.00964103	0.197689	242348	187641	-0.508094
0	-0.0267809	0.13713	242214	205546	2.48829
0	0.0210484	0.160587	243116	211190	2.56274
0	0.00994958	0.160708	237672	215368	-1.60194
0	-0.023944	0.0759456	221818	207028	-8.95452
0	0.0060852	0.0511721	237284	226697	-0.783617
0	-0.0308215	0.0772173	255652	243920	-11.1987
0	-0.00747653	0.280481	242720	59550	0.0538764
0	-0.015414	0.244344	233776	126630	0.403731
0	0.00512537	0.196609	232528	181817	-2.91192
0	-0.00181839	0.14289	227768	202112	5.14071
0	0.0515776	0.136434	232988	210943	3.10327
0	-0.0313525	0.0602923	236076	225813	-0.353696
0	-0.0186172	0.077471	250764	236193	9.5473
0	0.0223165	0.0469422	246888	238753	1.11527
0	-0.0151202	0.0274913	240184	235406	4.65448
0	-0.00231015	0.265503	231942	61479	0.0665868
0	-0.0122071	0.220709	234374	137081	0.866195
0	0.0211351	0.160185	236530	184071	-0.0144878
0	-0.00129592	0.102301	254966	229234	-1.80339
0	0.00383494	0.0921069	238622	218107	1.18192
0	0.0115921	0.0637924	250878	239790	0.845449
0	-0.0166992	0.0406584	235316	226836	-0.682669
0	0.0148939	0.0466341	255166	250060	-2.12929
0	-0.03819	0.0425402	238990	233156	2.94238
0	-0.0462836	0.267832	239104	63963	0.0445007
0	-0.0418892	0.220639	242056	152441	0.728327
0	0.0209087	0.187314	242018	186953	-0.353661
0	0.0402025	0.146493	237156	193897	-3.0257
0	0.00280432	0.0947173	235862	222679	3.15258
0	-0.0100584	0.0981733	231778	219657	-3.99866
0	-0.00910827	0.0393197	262484	254085	-2.16453
0	0.0354153	0.031398	257914	251973	3.14015
0	-0.0370207	0.0213645	255928	251760	-4.27219
0	0.00314186	0.201313	239092	78148	0.116756
0	-0.0164297	0.248411	245320	136762	-0.497409
0	-0.0431696	0.183178	245838	193371	-0.432628
0	-0.0119383	0.140671	236226	205266	-0.143699
0	0.0130615	0.104323	234508	214488	0.741719
0	0.0161995	0.0566853	247696	237836	3.81701
0	-0.00919889	0.0555716	227250	221384	-0.732898
0	-0.0203366	0.0461729	247616	243486	1.16593
0	0.0228591	0.0296786	249624	246743	-2.06892
0	0.00485093	0.261288	237634	61072	-0.00826367
0	0.0603651	0.197764	245508	153801	0.417673
0	0.00118869	0.182974	234022	178220	1.12122
0	0.000131943	0.123496	252378	215338	-0.320434
0	0.00106061	0.0876568	232976	210006	-1.7997
0	0.0131145	0.0777126	244622	232882	-4.54075
0	0.0334005	0.0620905	244328	235099	-0.678418
0	0.00457151	0.0380323	234628	231400	-3.7161
0	-0.0466106	0.0198874	235294	233092	6.92904
0	-0.0176359	0.283275	235332	63056	0.0582804
0	-0.0385388	0.226285	247896	149090	-0.046905
0	0.0220773	0.194034	246670	197403	-1.50921
0	0.0258092	0.151489	255678	230500	-1.7049
0	0.0288512	0.152977	229346	203824	0.381161
0	-0.0238806	0.0985195	244924	230808	2.11489
0	0.0279864	0.0695047	255092	245141	-1.79733
0	-0.00913294	0.0347792	237254	233150	2.01091
0	0.00244913	0.0234301	253806	250459	-2.37882
0	-0.0117983	0.258843	259426	30794	0.225196
0	-0.0371473	0.243521	248858	58035	0.982873
0	-0.0260279	0.208054	243616	82262	4.76483
0	0.047915	0.203936	235654	82599	-2.17574
0	-0.000531076	0.17581	217400	92790	7.72786
0	0.00283268	0.137983	243730	121486	-10.4227
0	-0.00767837	0.0879555	254672	126238	12.9452
0	0.0324875	0.0919475	223354	112488	-7.24367
0	0.011658	0.08881	231572	117447	-17.1651
0	0.0303468	0.261732	252342	46866	-0.289078
0	-0.0141675	0.206041	241150	100080	1.67285
0	-0.0256995	0.16952	243522	137779	1.98873
0	-0.0172966	0.20318	246644	153817	3.50619
0	0.0178497	0.12076	247796	174427	0.873436
0	0.00860244	0.101586	232202	175472	-1.35212
0	-0.0384415	0.0864905	248788	183642	2.34038
0	-0.0293436	0.064075	246780	191820	9.13342
0	0.00648518	0.045331	245754	192199	-9.02781
0	0.0536761	0.23667	235952	56944	-0.86185
0	-0.00783973	0.235774	247856	138952	-0.285461
0	-0.0123227	0.186972	236714	168791	9.33188
0	-0.00785419	0.191056	243814	190297	-5.87129
0	0.00791236	0.120759	234214	195457	-4.15697
0	-0.0232857	0.111789	244968	210994	-2.74302
0	0.0302605	0.0462478	244880	228394	-0.105072
0	0.0192081	0.0897597	250718	226802	-4.10058
0	-0.0117602	0.0278926	250676	232806	1.59596
0	-0.0305741	0.26943	246398	68166	0.0554448
0	-0.024364	0.24175	251220	143929	-0.458455
0	0.0203808	0.177656	243578	183035	-3.12918
0	-0.0129604	0.185522	251356	215169	-6.3318
0	0.0246506	0.149075	259336	233143	-2.4682
0	-0.00472512	0.130569	244034	219427	-4.31351
0	-0.013967	0.0743807	248746	234529	-9.17659
0	-0.034542	0.0561523	250598	240115	6.4595
0	-0.0353136	0.0587815	256248	244806	3.34075
0	-0.0237092	0.249699	230780	67802	-0.0388267
0	0.00553159	0.276428	241278	137618	-0.156398
0	-0.0268677	0.205611	248088	192722	-2.28334
0	0.00474176	0.120529	261122	234438	2.71758
0	-0.0269913	0.199047	244226	208441	0.0235127
0	0.0326254	0.0751138	246154	229317	9.38346
0	0.0217149	0.0636666	252730	240951	1.44052
0	0.02897	0.073997	245358	231796	6.86549
0	-0.00485955	0.0466732	242022	236386	-9.61928
0	-0.000401239	0.231192	245010	89566	0.183797
0	-0.0543382	0.243969	246776	140795	0.169491
0	-0.041502	0.192408	244070	192484	0.48031
0	-0.0359397	0.130344	244776	218545	0.0544429
0	0.00255206	0.103663	246822	225447	-0.195896
0	0.0116625	0.071172	255228	244352	-4.07039
0	-0.0140368	0.0380775	251136	244348	0.702894
0	-0.00727615	0.0262608	250078	246584	-2.56308
0	0.00635896	0.0444047	249966	246731	-5.49287
0	-0.020095	0.251441	238942	51495	-0.0939058
0	-0.00853355	0.248495	224878	133991	0.77023
0	-0.0278815	0.234682	215662	163651	-1.57724
0	-0.000799873	0.148954	231356	201603	0.95014
0	0.0155642	0.0885664	248390	233093	3.57682
0	-0.023165	0.0733277	239418	225835	-1.51441
0	-0.00721927	0.0852465	231232	222688	-0.489834
0	-8.34682e-05	0.0198255	242900	239758	2.62704
0	-0.00414884	0.0265856	254662	249816	3.31386
0	0.0192081	0.261591	240018	75195	0.254136
0	-0.0134571	0.215567	256832	152887	0.87077
0	0.0517257	0.218654	237242	165566	-0.163209
0	0.0160568	0.191272	242522	213377	1.70851
0	0.0716989	0.13637	247296	224916	-0.145561
0	-0.049538	0.08281	244400	229632	2.137
0	-0.0337857	0.0546247	251484	243174	-3.32801
0	-0.00738661	0.0461597	242430	233826	2.49272
0	-0.0269447	0.0117658	251668	249027	5.46564
0	0.0254734	0.254945	230844	70107	-0.475638
0	0.0211413	0.234121	244002	136592	-0.570002
0	0.0479913	0.177704	246126	193648	2.05983
0	0.00610188	0.134482	235594	206240	1.49902
0	-0.00500173	0.103268	225722	211842	-0.235331
0	0.00319296	0.0786693	248662	240052	-2.07116
0	-0.0121972	0.0262489	239114	234791	4.91857
0	-0.00342728	0.0158704	246080	243965	5.60137
0	-0.00641609	0.0263519	235592	233007	-0.872288
0	-0.0129289	0.21579	236892	19980	0.00919546
0	0.0412101	0.233792	247732	53776	1.64775
0	0.0163154	0.203829	235488	69118	4.01511
0	-0.0209724	0.188479	230976	74146	7.71421
0	-0.0268937	0.208549	238816	86924	10.6384
0	0.0609724	0.178575	252598	89655	-8.12979
0	0.0591172	0.0964067	239692	100796	-7.21981
0	0.00606149	0.0745611	241214	101143	-3.89407
0	-0.0129508	0.103585	234920	100454	-6.08512
0	-0.0060696	0.275592	233708	37456	0.123639
0	-0.00811341	0.22834	249668	89926	0.665309
0	-0.0136054	0.215942	246606	109241	-6.02085
0	-0.0167471	0.206192	248814	126899	-1.74102
0	0.036902	0.125639	249278	150334	-0.657396
0	-0.0276602	0.147919	251538	164979	3.39093
0	-0.081889	0.101564	245040	160808	19.4535
0	-0.0723621	0.0656679	240496	162942	12.7715
0	-0.0391532	0.047303	250782	172342	8.78625
0	0.0365371	0.270533	246828	59982	-0.085252
0	-0.0242315	0.213728	245452	110640	2.40336
0	-0.0297366	0.169587	239032	148986	-1.13277
0	-0.00399837	0.12889	248648	174042	5.32209
0	0.00485136	0.110165	243978	187997	8.2279
0	-0.00745675	0.107759	242532	190671	3.41315
0	-0.0261005	0.0476757	229242	193962	-2.97834
0	-0.00632867	0.0407883	245158	206814	-1.01734
0	-0.0282415	0.0463778	248020	209001	-4.24502
0	0.00915155	0.229275	245032	68437	0.181799
0	-0.0331473	0.236139	251638	125764	2.64768
0	-0.0132744	0.199573	232132	161403	-2.67514
0	-0.00172791	0.170795	234150	175434	2.24405
0	-0.0183905	0.104449	241548	211220	0.11072
0	-0.0025434	0.0817561	244184	218588	6.23098
0	-0.0344654	0.0478214	236652	217659	7.32506
0	-0.0339059	0.101434	258314	234662	3.1976
0	-0.0321903	0.0496997	247780	226554	2.24384
0	0.0411685	0.255257	248974	76502	-0.145258
0	0.0326663	0.184236	246606	144460	-0.470401
0	-0.0169069	0.161407	244468	179423	-2.3367
0	0.0191799	0.194354	250734	210236	5.59199
0	-0.00121706	0.129513	242048	216207	-1.51452
0	-0.015662	0.117709	228498	201531	3.25703
0	0.0110532	0.0544747	243024	231068	-8.80801
0	0.0232046	0.055563	253380	240521	4.71674
0	0.00451019	0.0402931	255950	246890	2.11618
0	-0.00760049	0.212796	223244	69349	0.508081
0	-0.0405027	0.243722	248558	151254	1.06163
0	0.00226575	0.175894	243862	189018	-1.04717
0	0.00899095	0.143399	245782	210230	-0.030446
0	0.00369583	0.116845	242552	216496	1.19366
0	-0.0116387	0.0618457	241422	230663	-1.05735
0	0.0124118	0.082351	237010	220268	1.78285
0	-0.0354059	0.0742744	253468	242917	-0.810066
0	0.00855975	0.0108909	242310	238466	-4.11972
0	0.0120883	0.277348	257948	68249	-0.122245
0	-0.0170909	0.20078	231468	134665	0.563098
0	-0.0109328	0.192108	223334	176100	-0.521774
0	-0.0163342	0.127873	247084	221339	1.61265
0	0.00256329	0.115713	237970	216089	2.52885
0	-0.0507971	0.0669279	242976	232602	1.55627
0	0.0156565	0.0603587	238686	228386	1.14993
0	-0.0159684	0.0412372	236620	230752	-2.81088
0	0.0125703	0.0319267	249036	244204	3.41898
0	-0.00302321	0.22971	237808	76094	-0.0228516
0	0.0443265	0.233388	244550	151131	-0.440395
0	0.0106786	0.200649	228652	177092	-0.877642
0	-0.0107799	0.1198	249820	221698	2.30185
0	-0.0443853	0.126572	254026	236497	2.29447
0	0.0212871	0.0669188	241802	231693	3.86711
0	0.0613078	0.0322175	248984	242832	-3.72124
0	0.00813191	0.0451195	238856	233463	-3.05854
0	-0.0131775	0.0335312	229000	224355	2.3559
0	-0.0243302	0.208909	246612	72959	0.194651
0	0.0287122	0.2207	242484	131620	-0.288225
0	0.0257451	0.164421	239662	183642	0.385577
0	0.0114658	0.0853445	262954	246528	-2.33052
0	0.0406745	0.097743	243374	220931	1.32976
0	0.0288017	0.0861403	257378	247505	-2.70369
0	-0.00561673	0.0427061	249202	246083	1.25635
0	0.00599664	0.0542973	242160	235838	1.89403
0	-0.00192645	0.0126389	230794	229547	0.831739
0	-0.0325533	0.254978	246154	24517	0.0728129
0	-0.0342491	0.230186	230788	41161	1.47859
0	-0.01268	0.204147	235302	46583	2.36551
0	0.0286661	0.219909	240924	57934	7.58123
0	0.0240827	0.17923	241184	67566	3.95617
0	0.00905717	0.176578	249020	77782	6.79413
0	-0.0251208	0.132444	237822	80880	-0.878971
0	-0.102581	0.0895917	245182	90562	18.2482
0	-0.00553728	0.0450103	251544	89810	-8.39336
0	0.0611873	0.231245	233088	40075	-0.171103
0	0.016563	0.259422	234674	62096	-0.792721
0	-0.000125486	0.228058	234300	101377	8.25334
0	0.021077	0.186609	252142	112553	1.88322
0	0.0609082	0.0849111	235114	128683	2.77917
0	-0.0137459	0.114083	237562	135012	3.73856
0	-0.0266746	0.0912491	231762	131903	7.88412
0	0.00190356	0.0531378	233438	138098	-4.6303
0	-0.000317612	0.0699613	240604	147707	-2.92674
0	0.00695	0.209453	251336	58628	-0.482571
0	0.0260907	0.22597	232420	90084	0.373857
0	-0.0328611	0.181134	258360	151914	-4.44538
0	0.00414553	0.163419	249480	161677	10.5176
0	-0.00630865	0.126525	249802	169178	2.54476
0	0.046142	0.0875641	245666	181798	-6.32433
0	-0.0115867	0.0854669	236900	173882	-4.75106
0	-0.00292463	0.0777099	246640	185430	-2.92304
0	-0.00563862	0.0522141	239874	184804	6.88537
0	-0.0381734	0.257104	250792	57211	-0.0581043
0	-0.000779161	0.233533	238630	132458	2.7118
0	0.0210347	0.173938	223574	152234	-1.89331
0	-0.00193481	0.181077	249362	182985	9.83484
0	0.037283	0.121785	241242	190553	4.58844
0	-0.00908949	0.0872977	243476	193469	-1.44328
0	-0.00198342	0.0751025	245310	205312	8.71461
0	-0.0104073	0.0822817	240292	203927	9.24807
0	0.00270869	0.0422323	246882	215782	4.80716
0	0.0241686	0.226109	240916	71545	0.379328
0	-0.0129664	0.253861	239170	116007	-4.65676
0	-0.0398336	0.244096	252322	166893	-2.18096
0	0.0323123	0.140026	235078	185819	1.49521
0	0.0115506	0.130362	236796	197852	2.17638
0	0.0154249	0.139163	237010	195992	0.995859
0	0.00834594	0.0348379	239008	221908	-6.12107
0	0.00262635	0.0529599	257792	239423	7.98353
0	0.00862632	0.0449554	251474	233000	5.92475
0	0.0287364	0.247517	254578	68613	-0.180029
0	0.0110545	0.203988	247348	157067	-0.0601756
0	-0.0145266	0.168765	249530	186202	3.62278
0	0.032055	0.15733	251460	213966	3.64561
0	-0.0050749	0.117668	239060	212994	4.31707
0	-0.00223117	0.0632092	252448	236289	4.53253
0	0.0332688	0.0672405	238720	221157	-2.74816
0	-0.00608264	0.0278791	250556	242000	-4.9249
0	0.0367315	0.046743	246896	235572	-4.36044
0	-0.0449342	0.2407	239798	78370	-0.120659
0	-0.00415839	0.234605	232582	122173	0.801992
0	0.01183	0.227213	241310	178583	4.19234
0	0.00440919	0.183456	236332	193931	2.23154
0	0.00600444	0.135379	227422	203426	2.88557
0	0.00527487	0.0709905	244762	230317	0.70036
0	-0.0460933	0.0686419	256176	242092	-0.767025
0	-0.0215723	0.0425193	238878	231226	2.92379
0	0.000690803	0.0173731	234744	231244	-1.94475
0	0.0159481	0.239813	243444	67289	-0.226451
0	0.0185066	0.232443	238032	143947	0.225861
0	0.0341248	0.217535	231306	168928	-1.35343
0	-0.0139931	0.113962	229656	200386	-0.92882
0	0.0157081	0.0809179	259644	237142	-3.18942
0	-0.035478	0.059803	258138	244868	3.07336
0	-0.0471265	0.0443549	252840	241950	-0.850317
0	0.0390817	0.0438392	250746	246479	-1.58681
0	-0.0175175	0.0366171	232248	226407	3.19576
0	0.00516922	0.242587	248466	74839	-0.485097
0	-0.016868	0.232195	239344	135528	-0.424472
0	0.0609487	0.223868	248034	191649	-1.15692
0	0.0224921	0.13376	247648	216869	-1.17363
0	0.0355012	0.0991203	234212	213077	-4.51233
0	0.0390503	0.0627513	245138	230049	0.41371
0	0.0320527	0.0416825	252314	242935	-1.93011
0	-0.00700786	0.0237424	261018	256392	7.86812
0	0.0275532	0.0231548	252302	248234	1.84089
0	0.0163479	0.236545	261296	17282	-0.297019
0	0.0101399	0.244028	231374	24877	1.40808
0	-0.0337014	0.196574	242740	46758	4.74896
0	0.00132751	0.223329	232982	47609	-2.0384
0	-0.053828	0.22485	255694	63024	10.373
0	-0.0213877	0.209298	244100	70366	12.755
0	0.0528162	0.107058	243070	74215	-11.3762
0	0.0224051	0.157217	242814	75258	-4.43238
0	0.063859	0.111347	243030	79600	-1.13107
0	0.00128607	0.264796	247826	21632	-0.333338
0	-0.0075122	0.229048	243442	57848	1.90497
0	-0.0289619	0.221788	242240	66595	-3.93637
0	-0.0128062	0.211375	253768	99478	8.88689
0	-0.0111455	0.116529	230354	108001	-7.63524
0	-0.0543546	0.14161	241520	119747	14.6558
0	-0.00465078	0.129339	255256	125476	8.16492
0	0.00040974	0.0957861	240050	129105	-6.45949
0	-0.0249689	0.0702738	231736	118867	-3.96376
0	-0.00501794	0.244475	244048	42401	-0.234286
0	0.0339959	0.244483	233754	76647	1.17719
0	0.0277327	0.227392	248814	122801	-3.8251
0	0.00103822	0.191251	234688	118014	12.3758
0	0.0192614	0.0730643	236254	152642	-6.84465
0	-0.0327875	0.139463	243844	158531	-0.666969
0	-0.0331491	0.101514	230384	157898	2.24304
0	0.00472804	0.0918702	248470	161839	13.6006
0	-0.0411466	0.0377675	237048	168636	8.12532
0	0.0329982	0.227285	242640	52124	-0.743614
0	-0.0169853	0.222824	226792	97233	2.98881
0	0.00759305	0.189204	240928	149107	-6.79409
0	-0.0718281	0.182791	257154	168551	9.03726
0	0.00655913	0.109148	230318	168172	-2.76239
0	0.0342333	0.0886159	236354	182769	-0.767196
0	0.0270544	0.0680464	245882	191698	-7.20007
0	0.00923071	0.0726708	245286	192782	-7.7173
0	0.0472894	0.0217994	247728	205523	0.542267
0	-0.0100574	0.282877	238048	55435	-0.589326
0	0.00947037	0.25135	258216	110557	-1.62019
0	0.0324073	0.185888	245576	167055	-7.39469
0	-0.0460916	0.154188	243646	181153	10.709
0	0.0119449	0.115094	240714	197004	-2.91978
0	0.015728	0.0569496	246974	217936	-0.725743
0	0.00384286	0.0501585	241430	211018	5.95832
0	0.00456814	0.0381381	230290	204769	0.502876
0	0.0213806	0.0537863	251888	225438	4.74008
0	0.00982106	0.226773	252488	84060	0.518109
0	0.0330927	0.234171	235526	128179	-1.85558
0	-0.0693397	0.191913	235208	166252	1.26665
0	0.0298388	0.13591	261868	210950	0.151061
0	0.0188211	0.085852	253640	223919	-6.75977
0	0.0215006	0.078928	247362	221448	2.26139
0	-0.0471854	0.033581	239278	221530	-8.32267
0	-0.0617338	0.0375816	248614	230476	3.1271
0	0.0032394	0.061678	255848	237921	0.292509
0	0.0193771	0.21795	256230	78447	-0.167859
0	0.0165132	0.251033	240382	127050	-1.64601
0	-0.0345611	0.149573	243028	186490	1.15807
0	-0.0171565	0.144067	240450	203169	1.26307
0	0.00834724	0.104876	250816	223851	-6.02236
0	-0.0207547	0.100901	243334	222396	1.77948
0	0.00686896	0.0678083	242856	223372	-3.72079
0	0.00391882	0.0536674	221656	206922	0.977639
0	-0.0153401	0.044182	243706	234508	3.27582
0	-0.0257574	0.24147	235086	69724	-0.00208378
0	0.00718344	0.230126	232204	125882	-0.956531
0	0.0654006	0.225593	233402	174706	-0.0448965
0	-0.0216565	0.163116	231648	195457	2.28388
0	0.00669693	0.109015	221398	195892	1.87223
0	0.0551792	0.0653185	250156	238520	0.274866
0	-0.00167599	0.0375376	247120	239727	-0.0152052
0	0.0500769	0.0410358	255584	250304	3.96438
0	-0.0682753	0.0182572	217770	213890	-1.89085
0	0.0458461	0.228855	241436	73321	0.337103
0	-0.0199533	0.245619	249458	149352	-1.33344
0	0.0159501	0.198195	241910	188347	1.41671
0	0.0224231	0.132855	229610	196628	-1.04801
0	0.0210096	0.125642	231018	203421	5.65823
0	0.0335167	0.0878316	241652	224120	0.0514383
0	0.0226474	0.0249945	245650	238378	-3.32224
0	0.0227978	0.0262692	251932	246084	1.93327
0	-0.0068186	0.0314957	246344	242121	4.77954
0	-0.0166279	0.247248	258750	12338	-0.384062
0	0.0213862	0.232471	243000	22585	-0.0563829
0	0.0636412	0.261768	253214	33942	-2.0304
0	0.0705925	0.195024	247732	44943	-5.85058
0	0.00558638	0.173045	248420	51165	-0.0698639
0	-0.0537669	0.210669	214108	47783	-0.223259
0	-0.0177121	0.132522	242262	67431	2.47734
0	-0.0311365	0.139388	255156	69792	12.5961
0	0.0103514	0.0959541	247452	74175	3.96364
0	0.0349941	0.25343	249412	24541	-0.646256
0	0.044333	0.235347	255726	57770	0.0634218
0	0.0370395	0.215776	237466	75089	2.79053
0	-0.0363879	0.193122	231322	96752	6.49874
0	-0.0312179	0.159408	249216	95703	7.93286
0	-0.0261469	0.163029	248302	101332	13.6838
0	-0.0371191	0.130253	239454	103748	7.91314
0	0.00604612	0.0840966	250508	122164	-0.425537
0	-0.00685359	0.0482409	252792	122640	-6.17982
0	-0.00429804	0.303545	254690	39502	-0.338271
0	0.0179331	0.24145	241388	73843	-0.361012
0	-0.0326163	0.190971	249190	110466	5.60234
0	0.00186342	0.167945	248426	122179	7.90097
0	0.0750273	0.134219	238228	134232	-13.78
0	0.0109011	0.130032	236654	143674	5.04107
0	-0.00166038	0.0802234	252390	155477	3.31784
0	-0.028479	0.0841968	244782	150820	0.547515
0	-0.0374496	0.0441586	245112	154854	-10.9781
0	-0.0284889	0.253202	253756	40083	0.49031
0	-0.0365836	0.261754	232278	92491	0.200866
0	0.0313141	0.224565	228126	117913	-1.22798
0	0.0287272	0.168231	244338	142588	2.46051
0	0.00675423	0.131469	222478	142398	8.99118
0	-0.0198623	0.0998045	240374	173612	-3.04189
0	-0.0577274	0.075608	246184	179167	13.4956
0	-0.00971403	0.0412802	253146	191200	10.9388
0	0.00553828	0.0272737	246878	192285	5.40021
0	-0.0289275	0.276833	230270	47966	0.43226
0	0.0269583	0.220142	248222	108961	-0.936513
0	0.000532308	0.220451	237284	140581	7.32301
0	0.0012704	0.0973713	240528	180889	-2.83597
0	0.0688413	0.114883	236836	176556	0.0770585
0	-0.00361403	0.081573	249274	202942	1.58039
0	0.0261221	0.090399	243826	204487	2.85498
0	0.0332563	0.0570193	240708	201481	-13.2441
0	0.0123505	0.0192931	249334	216037	-2.56269
0	-0.00230744	0.227674	254294	81732	0.486055
0	0.0176274	0.18803	238252	124461	0.993667
0	-0.00154735	0.190346	227956	146498	3.97237
0	-0.0112514	0.159629	232986	176087	6.00659
0	-0.0205385	0.0979392	256138	216585	5.50042
0	0.0195883	0.0862823	238306	206205	2.01692
0	-0.0603241	0.0571457	246238	217658	8.21135
0	0.0235783	0.063268	219062	193046	2.33851
0	0.0201924	0.0368289	246388	225651	-2.65242
0	0.021254	0.234797	267372	74748	-0.307357
0	0.00170588	0.242117	237712	117932	1.40062
0	-0.0310121	0.186529	246498	177570	-1.34459
0	-0.00534887	0.135988	223028	184097	4.57574
0	0.0337897	0.154216	245532	209152	-8.98433
0	0.00592675	0.0836998	242604	212425	-1.48687
0	0.0200563	0.0763785	239230	218533	-6.63697
0	-0.0226461	0.0263954	238218	222149	4.27235
0	-0.00652058	0.0683821	237612	220037	6.53078
0	0.0270415	0.248308	247182	59684	-0.586071
0	-0.00140303	0.252811	238906	120986	1.56316
0	-0.00804587	0.170677	258560	198680	4.61119
0	-0.0123342	0.18304	220596	181781	1.36284
0	0.0172626	0.0797608	225532	202004	-6.03744
0	-0.0135547	0.0765457	241650	224447	1.24136
0	0.0310952	0.0619795	245124	228745	-0.165496
0	-0.0322968	0.0174156	245142	236254	2.71655
0	-0.0308312	0.00651375	241268	236047	3.66795
0	-0.00217055	0.258938	238150	68417	-0.0546473
0	-0.0238212	0.185322	253976	153182	-1.89325
0	-0.0062204	0.242723	250858	179862	2.7474
0	0.0155968	0.115739	241322	200636	-1.98444
0	0.00639777	0.122965	246742	219612	1.16503
0	0.0472088	0.125787	243854	218790	2.21627
0	0.0015024	0.0540902	243554	231124	-0.872037
0	0.00481444	0.0827254	251126	239674	5.93172
0	0.0354171	0.0110427	253764	249532	0.743956
0	-0.0438454	0.277361	245720	13977	0.397324
0	0.0279792	0.221764	235900	27283	-0.536602
0	0.0313691	0.2356	242408	30069	1.18037
0	-0.0195573	0.206911	246432	44228	-1.79025
0	0.0165151	0.230364	228144	45223	-4.01369
0	0.0206828	0.204414	250832	48755	-7.84915
0	0.011899	0.117793	231762	57024	-12.3601
0	-0.0428646	0.142098	252274	59888	5.8718
0	0.0178965	0.129035	239908	52379	-0.872166
0	-0.0131205	0.270047	236774	27998	0.00906464
0	0.039947	0.261538	236334	36232	-1.17058
0	0.0086374	0.23476	254946	70320	0.67429
0	0.0110911	0.168425	251962	88266	-5.52285
0	0.0133154	0.106216	243198	94415	-7.96829
0	0.0168237	0.138894	244560	99717	-2.6066
0	-0.00899654	0.106762	248704	104464	-24.9947
0	0.00538499	0.0884796	234468	97108	-3.85571
0	-0.0360091	0.0707194	261668	115615	8.09374
0	-0.0211005	0.254413	249258	43417	-0.130192
0	0.0150626	0.255414	250880	63966	-0.468189
0	-0.0326853	0.168527	243082	104394	0.551244
0	0.0150793	0.139278	243916	119737	-1.15868
0	-0.0379109	0.157374	240778	127254	-0.69147
0	-0.00294758	0.0986359	257384	143557	-0.14624
0	0.00777403	0.0866996	251826	145079	-0.26753
0	0.0101299	0.0556552	243172	142312	1.52196
0	-0.0331969	0.0297229	237486	141039	-1.45895
0	0.00311327	0.258764	245224	29448	-0.197841
0	0.00370156	0.196847	257632	102111	0.618216
0	0.0124769	0.21638	253972	122077	1.85959
0	0.0226064	0.156021	241492	139744	-0.881913
0	-0.0494539	0.124836	237120	151215	2.71121
0	0.0614672	0.127282	251918	160315	-0.53642
0	0.0197801	0.0473561	250036	167562	-9.25928
0	0.0252776	0.0676567	251942	177124	-0.784176
0	0.000204784	0.0344585	248844	179255	-2.25202
0	0.0119665	0.252167	249862	62697	-0.553542
0	0.000292799	0.228462	246504	91084	-0.0575812
0	-0.0114438	0.245432	261546	127015	15.0143
0	-0.025111	0.199241	245070	151098	7.10542
0	-0.0581154	0.172984	250994	180295	-6.88057
0	-0.0726859	0.0908803	245768	192499	5.40372
0	-0.037531	0.0946823	243656	190014	-2.01324
0	-2.49372e-05	0.0527227	255376	204607	-5.1505
0	0.0155771	0.022368	255952	205111	5.2805
0	0.00430926	0.235276	253978	52913	0.747328
0	-0.0675605	0.216155	256672	119837	0.506265
0	-0.00110721	0.18744	261560	171721	6.77377
0	-0.0314439	0.165501	231946	175530	1.076
0	0.00075766	0.0900734	246674	196539	-6.5326
0	0.0656238	0.114446	251546	198261	-3.86076
0	-0.0370119	0.0610056	240354	204454	-2.35979
0	-0.0400893	0.0358307	241136	206298	4.48871
0	0.0491205	0.0269506	231352	203932	-11.3391
0	0.00664457	0.216037	243206	52100	-0.344509
0	0.0150132	0.260757	221826	103682	0.331714
0	0.00805885	0.22409	246238	162511	-4.14436
0	0.00248685	0.198732	248036	177991	-3.02057
0	-0.0298989	0.129149	246858	196087	1.18328
0	-0.0147539	0.0632394	234056	202967	0.509607
0	-0.0343363	0.0523783	252288	225009	-0.838758
0	-0.026634	0.0539182	254118	229054	1.13227
0	0.00884843	0.0482148	246790	224116	2.79486
0	-0.0250134	0.276196	240400	51415	0.263744
0	0.00347625	0.260549	247868	120682	-1.3282
0	0.0866635	0.145909	256586	196980	-4.32862
0	-0.0240977	0.106988	247580	211472	0.795919
0	-0.0344485	0.135175	245796	209319	-3.54676
0	0.0221371	0.107577	237560	209361	-1.10636
0	-0.0187863	0.0557441	248420	228681	0.319007
0	-0.0361713	0.0515422	243824	227614	4.46256
0	0.0551694	0.0121243	246368	236035	-4.81442
0	-0.0141512	0.241614	232708	59610	0.283976
0	0.0518536	0.212854	243494	137970	-1.30918
0	-0.0383191	0.166466	234408	176595	2.51802
0	0.0290969	0.137406	251864	208623	1.8387
0	0.00545463	0.0796851	234890	213440	-4.59001
0	0.0119908	0.144765	253532	219837	-1.03755
0	-0.00405592	0.0646985	245162	230102	3.48238
0	-0.0388789	0.0207512	248372	240408	6.62573
0	0.00343354	0.0528932	245130	234793	-0.0764723
0	-0.0182758	0.26076	240414	7395	0.367934
0	-0.052496	0.266864	262154	14747	-0.120815
0	0.014167	0.272536	221518	26773	0.925664
0	-0.0190083	0.22018	248802	40476	2.28421
0	-0.0296682	0.235239	254636	54172	-3.55946
0	0.0305553	0.190459	250930	53484	-3.48298
0	-0.077192	0.167175	241226	49345	-4.1869
0	-0.0461161	0.115741	237788	50876	-2.76854
0	-0.0120003	0.0585621	253990	55415	4.93973
0	0.000355372	0.217681	241464	22257	-0.403783
0	0.0149153	0.253186	232792	35939	-1.77508
0	0.0520093	0.248659	234268	53980	-3.56075
0	-0.00229111	0.237449	248312	71330	1.63075
0	0.00153773	0.148659	233210	78132	0.350892
0	-0.0130358	0.118654	230150	81161	5.40094
0	-0.00535568	0.141873	240892	89534	11.7779
0	0.0196658	0.0725262	224522	94558	-9.62689
0	-0.0414794	0.0347609	245684	99747	11.7547
0	0.0376292	0.25446	247292	33676	0.217714
0	-0.0124446	0.201175	262052	78051	0.988292
0	0.0236584	0.245644	253442	80282	4.19136
0	-0.0246079	0.16258	240682	104073	-3.2293
0	0.00471218	0.0677944	246552	123975	-7.22533
0	-0.0230443	0.131182	237826	117975	7.8234
0	0.0822268	0.0836802	238860	127784	-24.1405
0	-0.00570119	0.0619041	240976	133363	-6.7847
0	-0.0653073	0.0222465	238868	133064	18.8681
0	-0.00602506	0.259165	258284	41232	0.876597
0	-0.00821019	0.242421	239068	71856	2.83659
0	-0.0299886	0.187904	243850	111690	5.36718
0	-0.00997155	0.182132	253340	133853	-2.80851
0	-0.0402909	0.144911	253472	154839	6.87875
0	-0.0446697	0.0780781	224694	141606	1.64677
0	-0.0417509	0.0942242	257048	166097	9.30156
0	-0.0429837	0.0580356	255626	171120	3.68492
0	-0.0305479	0.0382328	254880	177284	11.2148
0	0.0453506	0.229717	254678	51265	-0.227121
0	-0.00367074	0.238327	248486	103430	1.12241
0	0.0210206	0.21225	242334	133281	2.31586
0	0.0108602	0.191779	236774	144625	-0.650592
0	-0.0475709	0.146306	246688	167524	10.2359
0	-0.00730357	0.126083	236444	162595	-1.30079
0	-0.0186977	0.0690422	248498	186219	-0.404868
0	0.00724737	0.0627827	248390	184449	7.35027
0	0.012711	0.0221881	251932	196004	5.2134
0	-0.0386162	0.269208	267100	63475	0.632428
0	0.00837471	0.24937	242148	94554	0.668443
0	-0.00754903	0.207155	253054	152220	-1.50115
0	0.00290969	0.17887	249054	163596	0.378524
0	-0.00289325	0.171601	233164	167947	2.78417
0	-0.0293186	0.0536616	240044	195932	6.05367
0	-0.0623959	0.104413	222058	169515	-0.537109
0	-0.0412224	0.0281035	245972	205129	7.89051
0	0.00149476	0.0171748	245436	209042	-0.420313
0	0.0326811	0.261989	261114	69659	0.216891
0	-0.0223078	0.227472	241718	116971	-0.245008
0	-0.0516604	0.242974	250794	168241	1.13841
0	0.018607	0.119164	242340	180614	0.0276463
0	-0.0371027	0.148586	236452	187654	0.962236
0	-0.0461095	0.0779682	229254	194161	9.40222
0	-0.0291927	0.0615502	257126	221277	-8.03583
0	0.0275582	0.0539972	241424	213655	-2.66212
0	0.0611255	0.0192839	249670	226419	-3.35645
0	-0.0154723	0.214933	247408	56557	0.101018
0	0.0128801	0.224623	243218	135558	-1.34369
0	-0.00472558	0.188308	238008	143647	-1.65565
0	0.0322749	0.134357	245466	193496	7.49635
0	0.0250516	0.0772243	256144	219455	-4.09469
0	0.0233739	0.0898323	252868	222681	2.52093
0	-0.00840856	0.0637198	256094	229459	5.29618
0	-0.0252788	0.0400795	246752	226810	2.95608
0	-0.00539189	0.0266223	242608	226257	-1.34709
0	0.016833	0.26044	238052	65999	0.762632
0	0.0134558	0.281972	228894	92052	-0.250199
0	0.0112653	0.195478	261784	188463	1.42274
0	-0.0510755	0.156091	243382	196525	3.06976
0	0.0266331	0.0826966	254880	230436	3.96155
0	-0.0055309	0.12145	238928	209803	5.58705
0	0.0197691	0.0495328	241962	223366	-2.5065
0	0.0240315	0.0343133	256364	242574	1.61028
0	-0.00523164	0.031787	245596	233240	9.14557
