0	-0.0400409	0.249496	241264	77053	0.236097
0	0.0175425	0.224559	234740	148190	2.4095
0	-0.00958639	0.164548	241460	197358	-3.62965
0	0.00803152	0.0867179	237154	216783	3.10666
0	0.0900152	0.136879	247390	227644	-5.1317
0	-0.00948898	0.0828054	258972	252156	4.68939
0	-0.0181468	0.0848094	247082	238345	-3.21271
0	-0.0114062	0.0765212	246352	243938	-2.1646
0	-0.0432298	0.0192197	259160	256275	3.7166
0	-0.0218141	0.284745	237498	69485	-0.420988
0	-0.0163247	0.264853	234368	146006	1.36556
0	-0.013649	0.189213	245944	183299	-0.458187
0	0.0719764	0.150603	225174	201390	-3.96507
0	0.0547942	0.149435	240478	225858	-8.40053
0	0.0387565	0.128609	230564	216815	4.86959
0	0.0233535	0.100591	236836	228769	-3.4918
0	-0.0139503	0.0399559	246998	243895	1.7277
0	-0.00897799	0.0776602	243498	239308	-1.78917
0	0.0137789	0.23618	238302	70972	-0.465021
0	-0.00588978	0.221027	233546	130670	0.595996
0	-0.0175952	0.221988	247422	184846	1.6356
0	-0.0238195	0.131517	243826	219597	-1.60981
0	-0.0363857	0.107165	244412	228584	5.56531
0	-0.0399381	0.0768456	240764	231913	6.33695
0	0.0175666	0.100967	244454	236787	4.42454
0	-0.00460173	0.0242818	240406	238819	5.18515
0	0.0246981	0.0452691	259194	256598	-4.87409
0	-0.0124362	0.233184	252692	88640	-0.912571
0	-0.0242346	0.265097	228648	139904	-0.528402
0	-0.00349096	0.228029	244906	189028	-0.394206
0	-0.0340149	0.147708	235370	212737	-1.1008
0	-0.0259719	0.0801365	240822	229216	6.11289
0	-0.0265775	0.0696654	240656	229991	6.34571
0	0.0649995	0.0521258	242970	238175	-3.76668
0	-0.00752176	0.0415906	238176	235686	-2.16739
0	0.0352966	0.143673	231358	227909	-6.62708
0	0.0221949	0.265957	249168	78441	-0.210648
0	0.0101215	0.210528	250616	142472	-1.23271
0	0.00330001	0.237075	228794	172138	-0.42419
0	0.000357123	0.153971	228106	193203	-5.12171
0	0.0977891	0.35436	242472	228355	-15.5365
0	-0.00481631	0.0775653	237918	226879	13.1257
0	-0.0231337	0.0772755	246824	240760	-3.12361
0	0.0118653	0.0706298	254170	249005	2.58024
0	0.0124328	0.000203603	240632	240076	1.48732
0	0.0124001	0.296117	238836	74946	0.132697
0	0.0388543	0.231729	239328	134862	-2.00869
0	0.0217089	0.237738	242826	190132	-1.67212
0	0.0243526	0.143588	234930	208890	-6.02236
0	-0.0200798	0.249448	235920	216471	1.52553
0	0.0278841	0.155591	227362	216898	4.14444
0	-0.00575747	0.0963732	233690	225602	0.81245
0	-0.0773435	0.0506622	227796	223009	18.7476
0	-0.0167859	0.0471515	265678	262618	2.81034
0	-0.00348335	0.257552	245566	71755	-0.502312
0	0.0197876	0.260701	224408	121782	-1.01954
0	-0.0192986	0.211458	239098	178712	4.72219
0	0.0496489	0.140775	243842	212582	1.3918
0	0.00841215	0.143085	238940	220458	5.84638
0	-0.0471168	0.093754	241342	233424	7.11331
0	-0.000569056	0.0821911	246964	239705	4.50558
0	0.0338048	0.0952807	251394	244744	-2.52722
0	-0.0157065	0.0485621	252162	249595	8.32728
0	0.0337128	0.255214	250690	74624	-0.612427
0	-0.0156629	0.202365	239786	144299	-0.460792
0	-0.00345745	0.211059	240166	183258	-0.14338
0	0.0301494	0.187878	241924	207345	-10.3308
0	-0.00348749	0.0897301	247522	232976	-2.66561
0	0.0875566	0.104452	242872	232539	-9.25096
0	0.0587396	0.0954193	250042	240468	-1.30767
0	-0.091484	0.0841603	252148	246201	4.41093
0	0.0162715	0.0135034	254196	252775	-5.8793
0	0.0026623	0.255722	232178	74300	0.763789
0	-0.0282976	0.214233	243694	142781	-0.209996
0	0.0325094	0.261625	246256	184076	-3.19578
0	0.0177245	0.187336	238656	205215	-0.740811
0	-0.0764994	0.10153	243202	228863	3.19161
0	0.00998873	0.0861151	231926	221777	4.14966
0	-0.0179806	0.130206	247112	238672	2.15289
0	0.0275882	0.0610667	234022	230389	-7.89258
0	-0.034926	0.0061736	245428	243939	2.01963
0	0.0477725	0.23618	237608	65158	-1.24856
0	0.0226186	0.243572	239462	149533	0.794809
0	0.0355896	0.194366	231932	180214	-1.7802
0	0.0186067	0.177986	232772	206982	-2.14884
0	-0.0312597	0.234876	244362	227208	-6.13738
0	-0.00944072	0.525355	230274	219798	6.40168
0	-0.0168719	0.0650216	249140	242928	4.44806
0	-0.00791926	0.0302198	248312	246383	-3.50856
0	0.0755235	0.0270335	244680	240804	-7.17183
0	0.0296152	0.24023	239934	79354	-0.311176
0	0.0599388	0.225823	258790	170077	-1.94216
0	-0.0516128	0.143246	241708	200762	-0.0182135
0	-0.0133614	0.200493	243010	213157	2.05703
0	0.0480856	0.126332	211574	193733	3.35927
0	0.0116611	0.0554326	244706	238705	-1.15441
0	-0.0101672	0.0572961	234762	227540	0.981767
0	0.0149431	0.0491091	239412	236221	1.98208
0	0.023407	0.0368059	249132	247716	9.39499
0	-0.0011271	0.227589	253078	75456	-0.20481
0	-0.00310371	0.256341	238142	135515	0.853533
0	0.0125841	0.207133	242090	183861	-7.17563
0	0.00565554	0.102953	257044	226552	-7.24263
0	0.0276467	0.118478	245530	227444	0.583235
0	0.00628522	0.169561	246428	231351	-0.502628
0	-0.0833513	0.0521881	243686	239651	8.86766
0	0.044454	0.0439561	244982	242334	-12.2943
0	-0.0816647	0.0681349	243360	241280	4.05424
0	-0.00861136	0.282089	248144	64052	0.394328
0	-0.0144434	0.240158	258242	158952	0.112527
0	-0.00816735	0.189541	249948	195737	1.07589
0	0.0108538	0.160011	244924	215373	1.33906
0	0.0647437	0.116019	245554	226866	-0.84655
0	-0.000519425	0.0739748	249636	240924	-9.60361
0	0.0289664	0.0537921	247978	241809	-4.72778
0	0.0475497	0.0548536	227568	221113	-6.45469
0	-0.0258429	0.0216226	244186	240882	7.87129
0	-0.00286845	0.266779	228952	63859	0.234078
0	-0.00699713	0.211409	253430	153973	-0.696811
0	0.0190123	0.160179	255868	200410	0.622346
0	-0.0407281	0.118234	242110	216266	10.0263
0	0.0335018	0.106691	253972	242029	-7.71813
0	0.0340249	0.0673194	243650	238827	-5.88439
0	-0.0409521	0.0430732	238466	233947	6.5932
0	0.0618608	0.103376	241172	236486	-16.2193
0	-0.057117	0.029454	259958	258076	8.62048
0	-0.0457433	0.267905	246272	70809	-0.117586
0	-0.0418427	0.233266	238086	142634	0.714381
0	0.0254764	0.207924	228548	178302	-1.72397
0	0.0182448	0.162268	249144	214788	3.5616
0	0.0211065	0.111845	236418	220742	-2.33807
0	-0.0180414	0.111162	245502	229536	-1.60375
0	0.0795358	1.59065	259418	254602	-28.7578
0	0.0480264	0.0533869	243310	239311	-0.643182
0	-0.0446146	0.0280712	248682	247389	-1.99402
0	-0.000343442	0.201613	231998	82357	1.16235
0	-0.0230677	0.250232	238366	135130	1.49399
0	-0.0461157	0.165727	241250	186350	0.451198
0	-0.00169323	0.168031	227116	203575	-3.21722
0	0.0304268	0.142245	243616	228089	-4.46785
0	0.00265903	0.100238	254028	244296	7.87914
0	-0.0072631	0.161816	240184	233683	-1.31364
0	0.0153806	0.035093	249942	248421	-9.54921
0	0.0220315	0.0246991	240266	238017	-1.82062
0	0.00329158	0.26174	231072	64124	0.459541
0	0.0602452	0.221581	230288	146737	0.453637
0	0.00561695	0.17644	233296	176131	-0.207262
0	0.00549703	0.118914	240364	210126	-1.92996
0	-0.010892	0.103624	246652	231157	1.78608
0	0.0362345	0.0997537	251604	243332	-11.4767
0	0.0104298	0.0772578	250980	244136	6.21279
0	-0.0154761	0.0653552	251024	245380	2.29817
0	-0.0425197	0.022269	245540	243247	5.70179
0	-0.0130199	0.284576	225864	62186	-1.32652
0	-0.047086	0.230172	223002	148356	2.51724
0	0.0260815	0.203912	248184	195009	-2.71047
0	0.0118102	0.144367	245300	218390	2.49482
0	0.0543159	0.149896	229738	208323	-7.25825
0	-0.0391313	0.100409	255248	242350	6.69009
0	0.0378982	0.0832565	245308	236945	-4.77087
0	-0.0159686	0.0242542	238914	234405	4.06159
0	0.00327849	0.114971	242012	240586	-2.62762
0	-0.00905838	0.260615	237802	61492	-0.596793
0	-0.0397519	0.235166	234998	132720	1.76425
0	-0.0132721	0.173097	228746	178547	0.938103
0	0.0510115	0.180252	247514	217915	-3.10469
0	0.0373181	0.105105	246156	230265	-3.62689
0	-0.0194137	0.110572	238054	225596	-3.74878
0	0.0422988	0.0495438	238556	234907	-2.04793
0	0.0400785	0.0376289	245024	241009	-9.52098
0	-0.0464234	0.0493865	247424	244957	0.259299
0	0.0260883	0.260999	247980	61845	0.988495
0	-0.0138134	0.212329	239666	149327	1.56664
0	-0.0182074	0.159749	255866	192020	-0.258904
0	-0.0223301	0.192336	226136	189135	5.01623
0	0.0361853	0.119866	235176	221460	-4.62726
0	0.0109969	0.106361	230012	218720	-2.07046
0	0.0112422	0.0358858	240720	235397	-12.5647
0	0.0209912	0.0408084	244050	241426	-5.96703
0	-0.0216941	0.0308214	240812	238887	-0.574034
0	0.0504698	0.23871	229000	62922	0.100045
0	-0.00678344	0.242768	251914	158162	-0.602348
0	0.0183049	0.173326	239644	191260	0.14359
0	-0.014138	0.195626	248180	209900	-3.98616
0	-0.029973	0.100673	233834	216648	7.20865
0	-0.036267	0.121754	231682	219433	1.15137
0	0.0275011	0.0545521	253624	249265	0.722732
0	0.0327241	0.114566	249058	242026	-8.15539
0	-0.040693	0.0413071	246368	243121	10.2758
0	-0.0333516	0.271804	240454	75582	0.888686
0	-0.0203527	0.241249	244224	142786	-1.66185
0	0.0066408	0.185928	248066	189276	0.992807
0	-0.0159666	0.218141	249872	213316	-5.42996
0	0.0801911	0.186879	229886	213143	-19.1303
0	-0.0464572	0.124203	234106	220793	8.20613
0	-0.0446157	0.131218	244530	239493	0.0180172
0	-0.0378416	0.0311408	243404	241020	7.44939
0	-0.0152571	0.0457406	237168	236358	-2.67619
0	-0.0234686	0.251172	253258	82142	-0.11102
0	0.00474284	0.28085	229582	129198	0.0802283
0	-0.0328969	0.207049	228570	182962	-0.474592
0	0.0304642	0.174022	242274	220106	-4.99916
0	-0.0324379	0.202711	235494	208074	1.65748
0	0.0561533	0.083947	260342	249523	2.32509
0	0.0342525	0.0672148	229068	222813	-2.32074
0	0.101923	0.0815385	236792	233370	-15.0204
0	-0.0367397	0.0340596	242476	239629	-0.0552209
0	-0.000461913	0.230771	245778	86890	0.202
0	-0.0636369	0.255921	241574	141608	2.9591
0	-0.0629735	0.172584	232618	187306	6.92175
0	-0.02492	0.17447	233844	205318	-3.25148
0	-0.0118056	0.139126	253796	238029	4.11141
0	0.00501726	0.0784713	245438	233098	-2.07681
0	-0.000768616	0.069657	250900	242921	-3.27757
0	0.0262675	0.295342	249948	246449	-12.6262
0	-0.0205191	0.044999	258052	255943	2.57056
0	-0.0217977	0.250361	244478	64038	0.416916
0	-0.00388512	0.244742	251620	156455	-0.624299
0	-0.0422666	0.220821	242866	185703	2.73831
0	0.0130604	0.163311	236108	202455	-3.20794
0	0.0453271	0.114579	233218	216707	-5.35208
0	-0.0492715	0.068743	243254	235181	6.31755
0	-0.00626431	0.0852692	242400	235919	-0.776324
0	-0.0116688	0.0304327	250932	249127	6.10264
0	0.037749	0.0260078	244124	243292	-9.2555
0	0.0202037	0.263514	234242	69828	-0.0445313
0	-0.0206126	0.221763	245908	148429	3.01742
0	0.0343423	0.240811	252988	186119	5.05182
0	0.0150402	0.184901	235782	202867	2.01349
0	0.0624376	0.131072	248508	231497	2.63284
0	-0.0105178	0.075407	242080	232776	-9.56906
0	-0.0605514	0.0560983	247584	242669	4.70169
0	0.000466045	0.0731716	235954	231452	0.136919
0	-0.0236032	0.0215067	243142	242691	4.46321
0	0.028038	0.254387	242688	77189	-1.24503
0	0.0178946	0.241252	233658	123943	0.404009
0	0.0701805	0.205053	240592	187936	-4.59694
0	0.00176731	0.150353	242944	211065	2.79939
0	0.00674441	0.118291	239844	226522	-3.75917
0	-0.00279792	0.117249	242194	233985	-0.273893
0	0.0105242	0.0371503	234902	229045	-1.89786
0	0.0259597	0.201785	237536	233409	-3.21472
0	0.00200901	0.0630785	238994	237157	-3.39982
0	-0.0130051	0.215823	226188	69227	0.0320457
0	0.0354509	0.215688	242126	148235	3.37553
0	0.0267659	0.196575	235228	182734	0.879963
0	-0.0113367	0.154056	226310	196515	4.82348
0	0.0099247	0.134973	255092	238019	-0.407116
0	0.0642028	0.109328	262138	247748	-9.0989
0	0.0332345	0.121042	246044	242186	0.545008
0	0.0128552	0.0653291	244248	241330	-5.9322
0	-0.0192775	0.0438312	238436	234280	-4.18712
0	-0.00368605	0.277044	220396	61155	-0.591427
0	-0.0140491	0.211595	232550	134792	2.446
0	-0.0182864	0.183169	255228	205418	-4.61654
0	-0.0403295	0.198392	246308	213371	5.3337
0	0.0459281	0.114504	234486	224743	-3.36524
0	-0.0169879	0.144171	239438	224529	0.189216
0	0.000867935	0.0885237	240926	234029	-5.3736
0	-0.0177325	0.040799	237752	236346	-3.6174
0	-0.0057366	0.0285967	239462	236712	-1.23875
0	0.0325539	0.267063	226704	72051	1.1097
0	-0.0223838	0.204829	219730	131599	1.84906
0	-0.0388033	0.19853	236986	185697	1.58723
0	0.0110024	0.111267	248712	221443	0.821854
0	0.0221634	0.112288	236436	221574	3.03428
0	0.01244	0.0692423	237854	230301	-2.55587
0	-0.0430232	0.0275053	237216	233363	2.09845
0	-0.0446257	0.0260155	253990	251422	10.4718
0	-0.038114	0.0274321	234336	233029	-1.28329
0	0.00707006	0.230062	243926	73150	0.806245
0	-0.0170567	0.236102	252610	154322	-2.17952
0	-0.0189171	0.199795	233028	185212	-0.982355
0	-0.00139551	0.154954	235532	208485	2.14433
0	0.00319737	0.119011	242838	224215	-6.36563
0	0.0223044	0.0809942	243530	231894	-1.22336
0	-0.014234	0.118983	250838	247999	1.25564
0	-0.0173251	0.0358208	248480	244670	-1.77662
0	-0.019796	0.0546118	250212	244618	-1.47444
0	0.0406507	0.255386	248026	80049	0.0100745
0	0.0316815	0.19081	253348	143811	-0.174959
0	-0.0303322	0.181489	241742	181688	1.69087
0	0.0496445	0.187241	230408	205062	-3.54739
0	0.0167394	0.116908	227244	212501	-6.90144
0	-0.0206255	0.14527	255468	242210	4.74608
0	0.00248907	0.0480997	264856	260437	-6.23876
0	0.0257479	0.0515399	238414	233484	3.95374
0	-0.00751726	0.0345615	238362	236400	5.72441
0	-0.00809807	0.211966	234612	72054	0.657356
0	-0.0398225	0.241644	241354	154508	0.857582
0	0.0130155	0.200791	255786	194960	-4.2721
0	0.0229721	0.164138	230418	199689	-4.2248
0	0.027575	0.171836	244688	215453	-5.9701
0	-0.0493496	0.103047	238004	226478	10.2559
0	0.036525	0.105648	243896	235981	-5.45112
0	-0.0316236	0.0970311	265236	258911	-1.94475
0	0.0301939	0.0542144	250528	248965	-10.61
0	0.0118646	0.278359	250438	64351	-0.0551387
0	-0.0144829	0.217274	231954	132308	-0.219291
0	-0.000846863	0.198705	241736	188602	-3.54755
0	-0.0270084	0.186199	226146	198792	4.81491
0	-0.00525885	0.149397	245656	225597	4.87549
0	-0.0443529	0.0879068	262368	251815	-0.376994
0	0.0329173	0.0693915	240798	233549	-4.02831
0	-0.0250313	0.0366085	235446	232453	-0.0920254
0	0.109397	0.245362	239196	235217	-25.6291
0	-0.00430823	0.230373	239606	74803	0.362655
0	0.0476482	0.235354	248314	150106	-1.43693
0	-0.00635114	0.183288	242254	190481	4.23127
0	0.0135572	0.11407	248132	220399	-4.99926
0	-0.0185325	0.148247	237466	216546	-5.46137
0	0.0458522	0.0676512	233444	225296	-3.50242
0	0.0593437	0.0418946	253058	248696	-3.13202
0	0.00981891	0.0448402	241926	236958	-3.56464
0	-0.0158593	0.0421625	250458	246946	3.16044
0	-0.0253944	0.210626	226566	70049	0.513895
0	0.0185391	0.226953	240342	134396	2.76369
0	0.0301452	0.188931	211900	162363	-0.934445
0	0.0190876	0.120447	234982	213911	-4.61705
0	0.0288562	0.105089	249430	230277	4.87525
0	0.0468143	0.0856477	239852	231614	-8.1075
0	0.0185974	0.0466143	243254	240200	-6.0079
0	-0.00483218	0.0662787	236476	231790	5.14267
0	-0.0116485	0.0211821	247874	246360	3.74834
0	-0.0331876	0.252942	239102	77146	0.2631
0	-0.0234265	0.216894	223448	144115	-1.76818
0	-0.0205124	0.163863	241980	187520	4.71525
0	0.0505042	0.124749	245128	215858	1.02979
0	0.0246029	0.106552	234004	224542	3.80012
0	0.0210604	0.112239	241992	237094	3.19316
0	-0.00248482	0.0656401	251230	246329	-7.66976
0	0.0125345	0.0205252	243846	241557	-16.2863
0	-0.0396232	0.0109819	252442	251297	1.83241
0	0.0597082	0.230534	245962	80862	0.272624
0	0.00613371	0.240908	220150	132531	2.33607
0	0.0298672	0.220955	230894	188187	-0.744448
0	0.0483391	0.155652	223962	195870	-6.29541
0	0.0798646	0.0856906	243980	224139	-2.90774
0	-0.00509824	0.113576	238770	232280	1.14426
0	0.0205967	0.0743129	237474	231536	-6.29726
0	0.00550604	0.0246366	243822	241705	-5.71105
0	-0.00237592	0.0488086	266244	262827	-2.30925
0	0.00514126	0.210082	242678	72321	0.0600516
0	0.0353451	0.221901	229262	146662	-2.40245
0	-0.0429076	0.180925	249424	196307	-1.43143
0	0.0346074	0.152687	233092	206232	1.37902
0	-0.0202519	0.120852	247140	230899	6.72773
0	0.0655997	0.0617081	251692	240415	-12.1616
0	-0.0173953	0.0870058	245946	240302	-3.00847
0	-0.00426914	0.130567	248236	244999	-2.51968
0	0.0344733	0.0338055	241620	238774	-5.1482
0	-0.037363	0.255326	228334	71092	-0.301242
0	0.00702314	0.22091	248860	159801	0.371108
0	0.0190629	0.175265	232362	183534	-1.30177
0	0.0625757	0.184863	243962	217771	-9.51832
0	0.037679	0.143864	249012	220197	4.46966
0	0.00907783	0.0866959	242998	231969	-6.89348
0	0.0719847	0.0622322	248620	240614	-13.4758
0	0.0160063	0.0637799	266736	262406	1.32397
0	-0.00938089	0.0713172	230076	225649	8.43404
0	0.0248982	0.228407	241140	83178	0.160474
0	-0.0217853	0.255939	247620	143851	-2.01109
0	-0.0614723	0.240331	243812	186447	4.31063
0	0.0136277	0.116103	248340	224064	7.10056
0	0.048838	0.13738	246218	225321	-9.00982
0	-0.000426426	0.126971	246792	234232	5.75125
0	-0.00270339	0.0381021	228890	226069	-2.80627
0	0.062225	0.0349925	254628	252424	-9.89607
0	0.027389	0.0513081	242516	241907	0.295957
0	0.0294356	0.24752	233360	72027	-0.389814
0	0.0195873	0.229411	245050	157160	-2.62002
0	0.0100716	0.167766	255256	205316	-3.75665
0	0.0642192	0.155394	253204	230682	-6.00364
0	-0.0272776	0.108193	237618	217382	10.9779
0	0.0185917	0.076455	245028	235543	-1.71432
0	0.0212506	0.13842	222288	212595	0.857276
0	-0.0342804	0.0476048	250020	247430	3.53443
0	0.00889883	0.081518	242310	236927	3.98937
0	-0.0479674	0.240556	222968	76153	0.789295
0	0.00308459	0.241654	224594	120996	-1.3709
0	-0.000397537	0.24192	233774	168651	7.86062
0	0.0311975	0.182104	233930	195149	-5.80496
0	0.0313284	0.149434	238626	219527	-4.71162
0	-0.0225137	0.0725841	240208	229062	9.03693
0	-0.044433	0.054326	260360	254640	-1.26511
0	-0.0234893	0.065066	239764	235988	3.49889
0	-0.010367	0.00680534	248996	247819	1.37259
0	0.0120878	0.240832	225354	74239	0.931626
0	0.0178265	0.238761	224072	136511	0.429873
0	0.0174955	0.206217	247218	186586	3.63537
0	-0.0321888	0.123334	236264	204420	4.5299
0	-0.00805682	0.0721284	259958	245512	3.94005
0	-0.0292335	0.0686136	240532	230242	1.20003
0	-0.0202822	0.0256227	244472	239340	-8.90363
0	0.0317198	0.110887	226710	225338	0.621747
0	0.000306347	0.0350412	262062	261502	-2.15139
0	0.0054011	0.242998	250568	74306	-0.554661
0	-0.00236082	0.247896	237700	136650	-4.77664
0	0.0509618	0.229242	226082	168183	1.83914
0	0.0221668	0.133927	233208	200730	-1.07604
0	0.0141291	0.106456	261126	241979	1.89929
0	0.0401308	0.113677	241688	233906	0.0895645
0	0.0253785	0.0643508	249594	240074	0.0721588
0	-0.0306796	0.0795419	246576	241326	14.9697
0	-0.00167145	0.0228035	251028	248969	10.6083
0	0.0138602	0.234891	246970	68628	0.449295
0	0.0199669	0.232217	243154	165213	-1.54002
0	-0.0359022	0.175716	249710	203067	5.4092
0	0.0181881	0.123325	254688	220987	-7.09657
0	0.0129625	0.153486	228574	214930	-9.66414
0	0.00622127	0.115693	239050	229241	4.47235
0	0.0289173	0.0378474	239218	234853	-4.20655
0	0.00527312	0.0917775	257880	250327	0.707208
0	0.0671706	0.0374239	266036	264589	-2.12456
0	-0.00193186	0.265295	256112	76546	0.632043
0	0.0161962	0.221504	232726	134272	-5.20755
0	-0.0408618	0.158295	255094	203211	-0.366406
0	-0.000464316	0.163759	225662	196599	5.18433
0	-0.0576682	0.132456	221628	209547	6.32159
0	0.00518569	0.136165	235010	225910	-3.20625
0	0.0350651	0.0696598	236348	231379	-3.74984
0	-0.0286919	0.0860137	230680	222942	2.27099
0	-0.0345427	0.0392158	252570	251252	-1.09162
0	-0.0100297	0.244223	244326	79765	1.26925
0	0.0395972	0.235908	241154	133301	-0.503189
0	0.0237828	0.204423	244458	188035	-2.64015
0	0.0252643	0.163547	243574	215365	5.10799
0	-0.0204514	0.078177	239774	225494	5.06918
0	-0.0407994	0.134918	223234	213938	1.7366
0	-0.0423543	0.0871231	234158	222916	5.00459
0	0.0913879	0.0624737	257586	252982	-12.3974
0	-0.0444029	0.0369075	242424	240331	9.10221
0	0.0344295	0.227037	250274	75365	-1.17302
0	-0.00807512	0.217673	232666	143984	0.315745
0	-0.0072895	0.217744	240322	186620	-2.32933
0	-0.0641062	0.195857	248214	207174	6.7207
0	0.0135948	0.106855	248730	229554	-4.87309
0	0.0323595	0.0843054	250056	241664	-0.205047
0	-0.00306695	0.0489367	240838	234539	1.83634
0	-0.021497	0.0475197	215974	212402	1.50101
0	0.0571997	0.0373682	249358	247303	-2.4308
0	-0.0140072	0.282047	251172	70855	0.595627
0	0.00115828	0.252192	244410	130135	0.873434
0	0.0149596	0.205184	246480	189636	-2.16038
0	0.00212018	0.177571	238436	205626	-3.7545
0	-0.0172516	0.128925	222718	207025	5.83918
0	0.0234834	0.0744109	255014	247362	-3.05239
0	0.018958	0.0583064	251526	246770	1.42378
0	0.0225021	0.418783	245690	242701	-4.87731
0	0.0655443	0.0331521	246168	244776	-8.50903
0	0.0124337	0.226673	247880	80752	-0.265694
0	0.033233	0.232723	246318	154094	-1.89768
0	-0.0843304	0.1931	239510	184183	5.76388
0	0.0199682	0.128114	233666	209149	3.11222
0	0.0148582	0.1583	216308	206244	-5.57087
0	0.0175961	0.077026	234724	225504	3.43272
0	-0.0791518	0.0332864	253388	250850	1.26727
0	-0.0292873	0.0474601	245754	242131	-6.60685
0	0.0218443	0.0393728	250430	248591	-5.28897
0	0.0188923	0.221499	240596	85311	-0.0224362
0	0.0168428	0.255663	241864	138341	-1.74488
0	-0.0119353	0.173382	232476	180907	-5.62965
0	-0.0366834	0.148674	230664	200846	7.12114
0	-0.0192812	0.0786665	251048	237488	2.26618
0	-0.028885	0.0989961	240978	229220	4.21857
0	0.0116137	0.0765511	249944	243750	-5.14422
0	0.0395063	0.0605224	241668	237871	-9.6986
0	-0.000877461	0.0285703	259180	256072	-1.06296
0	-0.0293663	0.23953	243994	73221	1.08056
0	0.00483986	0.233979	253612	143956	-0.253457
0	0.0565988	0.234727	236070	183916	2.59564
0	-0.0152614	0.177951	234068	196173	0.365338
0	0.00413176	0.126664	242536	216586	2.64178
0	0.0404364	0.0835313	219262	208060	4.69772
0	-0.00476018	0.088851	247784	245304	0.910054
0	0.0453338	0.0561481	246644	243395	5.38729
0	-0.0498039	0.0291768	247744	246063	-7.43225
0	0.0496886	0.229147	251834	78958	-0.815637
0	-0.0201238	0.249597	238610	148686	-1.2823
0	0.0162815	0.218594	242762	187587	1.31728
0	0.00164012	0.148978	231694	206297	5.18689
0	0.0665491	0.160628	245360	223539	-8.00362
0	0.0324477	0.115218	247572	239251	0.372121
0	-0.00230214	0.0537296	237972	230090	4.16263
0	0.00617268	0.0505492	242080	237642	6.92079
0	0.0164255	0.0479884	252404	249876	-2.19369
0	-0.0179053	0.245249	235096	66417	-0.000855051
0	0.0254948	0.229274	237552	148885	-1.28898
0	0.0602782	0.250283	234694	185568	-1.02147
0	0.0446378	0.145019	246154	215619	1.93581
0	-0.00959716	0.0889638	234496	220656	4.4852
0	-0.0725669	0.111862	235278	223390	5.41676
0	-0.0244482	0.0763187	252910	246966	4.49818
0	0.0695066	0.530593	245510	240257	-17.5969
0	0.0157627	0.0960949	249306	247189	2.34024
0	0.0343805	0.251514	255322	75789	-0.46218
0	0.0303785	0.21848	240396	136679	4.24978
0	0.0168595	0.173228	235724	182974	8.84453
0	-0.0343833	0.138637	226622	198182	5.89737
0	0.00249339	0.148268	246366	225592	-2.18054
0	0.0186499	0.108029	237366	226109	0.244765
0	-0.00366701	0.101649	255334	248550	-2.12249
0	0.0111405	0.0332243	237996	235965	-1.95385
0	-0.0600148	0.0323861	237402	235426	9.76854
0	-0.00563942	0.303129	244468	67900	0.0641452
0	0.0120419	0.232053	252158	157183	1.40635
0	-0.0110316	0.186181	245954	198578	-0.873044
0	0.0465208	0.139514	241812	213149	-5.49625
0	-0.00343796	0.142487	245010	223893	9.75955
0	0.0787677	0.200162	231266	220910	-15.3189
0	-0.00671753	0.0739606	237682	230443	4.83498
0	-0.0560741	0.0401611	216990	213003	8.82603
0	-0.0924661	0.0310351	240490	239166	5.52688
0	-0.0260721	0.254901	237280	67588	-0.234715
0	-0.0328632	0.256653	252998	159379	-0.915256
0	0.03883	0.234785	234834	177143	-3.48274
0	0.0424168	0.174217	231856	196453	-1.64638
0	0.0556779	0.133748	224282	205778	-5.68591
0	0.0229671	0.0836111	236628	227083	-15.8907
0	-0.0546264	0.0903582	246268	237528	12.5653
0	0.0335481	0.0406728	247266	242248	-2.03985
0	0.0586875	0.0725916	258262	253946	-10.5446
0	-0.0277556	0.280192	247784	75192	0.0807094
0	0.0184002	0.23132	242176	149926	1.6309
0	0.0210285	0.224744	218730	162710	1.17416
0	-0.0201761	0.145414	233532	200217	3.59799
0	0.104588	0.10296	239728	226276	-10.647
0	-0.00235759	0.0992875	234420	222659	1.20346
0	0.0274651	0.0751298	252066	247647	2.45207
0	-0.020533	0.0583976	261782	257355	2.89273
0	0.0407325	0.0160115	255648	255222	-11.0773
0	-0.000161753	0.229492	259430	84707	-0.15765
0	0.0214289	0.186636	228704	133428	-0.146763
0	0.00894244	0.192757	235604	179663	0.825433
0	0.0071473	0.16014	237084	204891	0.486988
0	0.0182997	0.110221	233868	216274	-6.15103
0	0.00405289	0.0814921	242724	234905	6.67753
0	-0.0356452	0.0594311	250388	246401	0.807653
0	0.051034	0.0604271	246854	242960	-5.89821
0	0.0170504	0.0497793	244388	242093	-1.70983
0	0.0218065	0.234983	254426	88963	-0.473118
0	0.0135333	0.250068	228584	123940	-2.14759
0	-0.0204272	0.202486	251974	202610	-4.52007
0	0.00659345	0.175667	236484	205670	0.993042
0	0.000603752	0.153874	238488	218575	0.971439
0	0.00133909	0.0944057	250198	242392	-0.11057
0	0.00532753	0.101289	236234	229054	-2.21833
0	-0.038291	0.0478334	236158	232485	8.96582
0	-0.0331916	0.0754256	239398	232510	14.5321
0	0.0264306	0.250117	226698	58360	-0.4028
0	0.00398995	0.252253	233580	137897	-0.0547319
0	-0.00353557	0.179767	233764	182338	3.2581
0	-0.0119501	0.18721	228140	201869	1.24763
0	0.0170087	0.0689078	240236	230028	-5.96128
0	0.0456938	0.206648	248368	240533	-16.5332
0	0.0303316	0.0531083	246316	242585	0.063582
0	-0.0134961	0.0368287	256020	253542	-2.92367
0	-0.0470218	0.02052	254960	254310	8.52514
0	-0.00307433	0.258874	244898	71362	0.216487
0	-0.0421171	0.209813	241518	143641	3.59551
0	-0.00166977	0.258496	231640	183152	1.38221
0	0.0207044	0.125188	234014	201327	-3.51673
0	0.00825632	0.262478	250878	233517	0.607465
0	0.0484533	0.143615	251026	236557	1.84294
0	-0.0047587	0.0578774	248788	243554	1.00629
0	-0.0114902	0.0685332	241880	236584	10.8231
0	0.0254746	0.025878	238658	237504	3.72673
0	-0.0421595	0.2782	228578	72161	-0.108461
0	0.0345289	0.210135	234508	144865	-2.50151
0	0.0283541	0.192782	250838	193516	2.08489
0	-0.0141103	0.140163	254244	225356	-3.42433
0	0.00281843	0.13636	247974	228055	0.0953003
0	-0.0659944	0.156561	249690	240375	18.154
0	-0.00428596	0.0441234	263254	259504	-7.50457
0	-0.0395531	0.0713014	243384	239447	4.87836
0	0.0462599	0.0468097	260496	259927	-9.38119
0	-0.0109668	0.269138	232432	71954	-0.637042
0	0.0288431	0.263049	243930	145524	2.16058
0	0.0403435	0.283196	229446	169314	-8.83754
0	-0.0278041	0.134538	261294	234013	6.14572
0	-0.0026397	0.0881772	236818	225222	-3.18176
0	0.00254421	0.139498	240690	228312	1.67725
0	-0.100423	0.0842495	242534	233603	2.43324
0	-0.00413268	0.0605976	239250	233961	-1.00041
0	0.000395869	0.0527743	250148	247897	-2.82776
0	-0.020407	0.253487	254372	74213	-0.338247
0	0.0183571	0.244877	259828	150719	-1.45653
0	-0.0295244	0.166948	246860	195054	-0.39704
0	0.012023	0.139223	230936	206356	-0.241804
0	-0.0504342	0.167573	245224	219148	3.06552
0	-0.0109772	0.0628189	240912	234609	2.26265
0	0.0111412	0.0523318	249908	243732	-1.27768
0	0.0568108	0.0744866	247984	244476	-12.4823
0	-0.0447176	0.00594775	236710	235782	1.99728
0	0.00311943	0.258832	248962	60680	-0.199688
0	0.0238599	0.20192	243554	148591	-5.42928
0	0.0245688	0.211189	225078	161823	-1.76799
0	0.0165362	0.13446	251096	229928	0.939146
0	-0.0290862	0.169973	246986	233637	-3.3991
0	0.10153	0.0942243	237946	229349	-12.5552
0	-0.0474754	0.0470786	262292	257777	10.9174
0	-0.0624749	1.693	242950	237700	25.5416
0	0.00293533	0.0323239	253946	250949	-3.07118
0	0.0133748	0.252415	253302	92294	-0.976037
0	0.00832531	0.219102	238722	134984	-2.46734
0	0.0484862	0.236097	247724	180841	-2.96472
0	-0.00647711	0.227933	253778	213819	1.51526
0	-0.0814832	0.136225	249426	231613	0.129764
0	-0.0659345	0.0993008	223162	213924	3.37829
0	-0.0302829	0.0862731	243082	238670	-4.18767
0	-0.0114132	0.0576035	231114	226899	-1.73402
0	0.0763246	0.0334628	244604	242305	-12.9438
0	0.00881609	0.233767	247930	77441	-0.60472
0	-0.071961	0.225692	245448	147793	1.82643
0	0.0398899	0.185157	243214	194289	-5.52537
0	-0.018076	0.202366	223190	196908	-2.93435
0	-0.0122827	0.12116	259642	247180	-2.62048
0	0.0565834	0.103202	235644	222697	-1.14865
0	-0.0343633	0.0858098	250860	242911	-3.15434
0	0.0063889	0.0472903	240482	236729	-9.45474
0	0.031532	0.0375532	218096	216601	-6.06254
0	0.00885232	0.216923	241262	73065	-1.00683
0	0.0186802	0.254384	229946	133292	-0.768371
0	-0.000105236	0.207121	236940	177485	-1.69513
0	-0.0381781	0.184084	249978	210647	9.17892
0	-0.0299022	0.112233	237918	221518	1.18427
0	-0.000549342	0.0714448	266704	260195	-3.75176
0	-0.0731522	0.0457683	257572	248455	10.806
0	-0.0812001	0.193514	229448	223549	17.5021
0	0.0334379	0.0780672	249280	245085	-4.58197
0	-0.026922	0.276076	242766	67020	0.836327
0	-0.00172497	0.254796	247674	151849	0.232169
0	0.0811967	0.192855	229766	174339	-2.68856
0	-0.0388	0.16209	237566	207013	5.20658
0	-0.0283491	0.129255	246734	229827	-5.37657
0	0.041941	0.1227	239190	228651	-7.04752
0	-0.0374503	0.0336598	244914	239091	5.9182
0	-0.0447545	0.0651211	242520	238205	7.03752
0	0.0672922	0.0162448	252338	251068	-8.45127
0	-0.0121872	0.241078	239340	71043	-0.305242
0	0.0543805	0.213544	255566	156100	-2.06726
0	-0.0312268	0.197747	234718	177775	0.390333
0	0.0350408	0.122382	243586	212978	0.0555249
0	-0.0115648	0.0777788	245164	228296	0.515826
0	0.0321086	0.224881	239372	219597	-7.07289
0	-0.0237259	0.0764782	239498	232373	9.38337
0	-0.0253553	0.0225144	260340	257488	2.56865
0	-0.0156754	0.0813248	250752	246949	5.65621
0	-0.0166747	0.259111	242706	71065	-0.112401
0	-0.0575604	0.266665	230586	133151	1.39849
0	0.01875	0.179222	243480	195511	-0.449232
0	-0.00683472	0.138232	234908	208967	-1.36787
0	-0.0175008	0.10287	230274	217895	-7.20969
0	0.0340879	0.116023	251554	239375	-4.54273
0	-0.101592	0.0592287	249436	243443	3.13316
0	-0.0558983	0.0697296	258140	255070	0.166115
0	-0.016436	0.0220709	254598	251727	6.27044
0	0.000477173	0.216002	239690	74200	-0.440324
0	0.0172693	0.231253	232338	124602	-2.48129
0	0.0413376	0.227453	227656	176020	-0.359242
0	0.0114358	0.185476	254252	219913	-2.48732
0	0.0279926	0.10305	266470	251659	-7.58557
0	-0.0631672	0.555464	256710	246469	20.4403
0	0.0555269	0.131653	236940	227035	-6.48688
0	-0.0236904	0.0280875	251940	249020	3.37996
0	-0.0341125	0.0136563	241854	241389	9.54468
0	0.0383244	0.253602	250936	90809	0.00917468
0	-0.0013981	0.203092	259852	158797	-2.32567
0	0.0436911	0.214319	226796	173068	-1.81845
0	-0.0266874	0.141092	228928	203115	-2.60544
0	-0.00764881	0.0656062	262266	252359	-3.51703
0	-0.0378627	0.0859632	239848	228872	12.2689
0	-0.0106913	0.0794607	232710	225670	3.73494
0	-0.00252008	0.045564	252816	251031	-7.73903
0	0.0027898	0.0176826	251690	250517	-1.56101
0	-0.00244097	0.258534	256466	68145	-0.19863
0	-0.00284442	0.238978	252384	147036	1.22686
0	-0.0148379	0.174101	235742	182298	0.821985
0	-0.00327374	0.162808	233698	200324	-4.81786
0	0.000930146	0.161359	245520	227767	-5.48756
0	-0.0187003	0.0888299	256818	250472	-6.14402
0	-0.0299406	0.0892767	241410	235357	5.75847
0	-0.0656076	0.0349645	259002	256805	10.4721
0	0.0324195	0.0238379	242024	240593	-7.67537
0	0.0413042	0.23195	236128	75363	0.9868
0	-0.0104978	0.22531	238012	142469	3.17053
0	0.0050484	0.20746	243170	186628	7.10753
0	0.00307268	0.190756	230172	201385	1.68568
0	-0.028651	0.128171	240044	222042	4.55988
0	-0.0374323	0.135968	240184	230896	7.73784
0	-0.00693009	0.0872178	245872	240750	-3.93515
0	0.0411511	0.0500363	245376	240663	-2.82085
0	0.0354438	0.0413696	246838	245515	-1.60644
0	-0.0355773	0.269196	252914	79278	-0.279255
0	0.0151668	0.257246	240230	133965	-1.36917
0	-0.0171347	0.219343	258446	193710	1.37455
0	0.0147612	0.190994	225820	186243	-3.17691
0	0.0105254	0.197604	248144	227494	-1.24143
0	-0.0090347	0.0654759	250172	242524	-0.0314917
0	-0.0517886	0.0854535	249436	243713	-3.71931
0	-0.023156	0.0166001	259122	257538	2.47059
0	0.00715788	0.022822	249772	246716	-2.11925
0	0.0336492	0.26347	245188	83202	-0.0735397
0	-0.0150376	0.218346	243580	152974	-2.42606
0	-0.0417901	0.238011	237028	175496	-1.82269
0	0.020098	0.132826	248364	222240	-0.419645
0	-0.0418622	0.141068	237460	219499	2.39008
0	-0.0164781	0.0675444	244450	233507	0.512784
0	-0.0460031	0.0755847	246054	239724	-2.99273
0	-0.0322368	0.0613183	243532	239790	15.2764
0	0.0482882	0.0235478	247894	246430	0.494721
0	-0.0122754	0.215943	245370	79478	-0.858051
0	0.0175141	0.234011	228456	135970	-2.73388
0	-0.00147548	0.18793	241490	186066	-2.63068
0	0.0632815	0.155949	227738	192599	-1.80565
0	0.00722466	0.0782183	239330	226387	1.25339
0	0.039413	0.102762	238946	226630	-2.2908
0	-0.0071461	0.0677636	253836	247000	4.91744
0	-0.0102518	0.0480448	242778	239707	-1.55204
0	-0.0176913	0.0507662	236830	234755	2.34274
0	0.0121698	0.274661	245500	77570	2.16159
0	0.0138363	0.280429	243120	124931	-0.364335
0	0.0231988	0.212198	235786	188880	-2.15733
0	-0.0493428	0.180431	225278	190895	2.54996
0	0.000113705	0.099273	245328	225488	11.9174
0	-0.00714123	0.129357	258758	247212	6.07015
0	0.018331	0.0431531	260024	256993	-2.07508
0	0.0181577	0.0374728	248162	243364	3.37243
0	0.0317914	0.0525613	236310	232382	-1.96134
