0	-0.0390983	0.24868	254794	78667	-0.0466837
0	0.0189222	0.22008	259374	144990	1.99559
0	-0.0193989	0.165407	253298	179357	-0.685908
0	0.00684937	0.107576	226688	179650	3.46131
0	0.0844817	0.122642	244156	198933	-3.47166
0	-0.00495286	0.116856	227246	194164	3.32855
0	-0.0176883	0.103858	240202	204271	-3.35026
0	-0.0154559	0.0847645	236858	207116	-0.949686
0	-0.0281069	0.0387328	234460	212161	-0.820259
0	-0.0233685	0.286975	238414	67554	0.0453393
0	-0.0112099	0.252087	239968	145631	-0.16888
0	-0.0128077	0.151353	228250	179601	-0.710561
0	0.059505	0.121874	237834	208401	-0.22366
0	0.0375136	0.146765	249808	233540	-3.21635
0	0.0605308	0.114355	238478	221050	-1.66272
0	0.0152852	0.109848	239210	226107	-1.07131
0	-0.00677477	0.0746486	251286	242065	-0.424945
0	-0.00584114	0.0654082	245408	240211	-2.73023
0	0.0119273	0.237081	233244	73898	0.0904841
0	-0.00324529	0.214793	223632	126042	-0.197353
0	-0.00547235	0.216654	237194	180462	-2.00125
0	-0.028022	0.135886	246090	217117	-0.349075
0	-0.0234262	0.110994	244704	229844	1.67746
0	-0.0288853	0.109837	241444	226911	3.02113
0	0.0296588	0.0769221	234582	223868	0.796871
0	0.0253577	0.0320312	259008	255397	-3.80269
0	-0.00344391	0.0429228	242376	238139	3.56853
0	-0.0156835	0.231522	252326	87575	0.0616108
0	-0.0247871	0.265606	237648	133699	-0.362658
0	-0.0111529	0.187328	236366	181961	1.90438
0	-0.038397	0.119256	220598	196812	0.213828
0	-0.00970567	0.0594434	241400	229357	1.23301
0	-0.0013085	0.0674226	250314	238045	-1.235
0	0.0429378	0.0685352	223132	215909	2.85183
0	-0.0199274	0.048981	251364	247954	1.55431
0	0.00856562	0.0468927	225356	219855	1.39221
0	0.0215278	0.265797	233502	69707	-0.010539
0	0.00714016	0.205217	247794	143314	-0.338301
0	0.00488158	0.234873	240804	177827	-0.898662
0	-0.0154971	0.14571	241742	202352	-0.36545
0	0.0454581	0.120751	234846	214758	0.16279
0	0.0299956	0.0821013	240044	227841	2.68214
0	-0.0208863	0.0770264	250322	239946	-3.79781
0	0.0145866	0.0721252	239654	233525	1.76385
0	0.0162855	0.0123797	247770	244969	0.331518
0	0.0124831	0.296082	237442	66103	0.107787
0	0.0313	0.233921	241906	133001	0.257616
0	0.0131375	0.226361	232476	176753	0.899306
0	0.00346364	0.144216	241120	212848	0.24433
0	-0.0161551	0.126542	233072	217082	0.348095
0	0.032623	0.106281	247990	234932	2.72277
0	0.000968307	0.0724958	233116	223463	-1.20528
0	-0.0209906	0.0266163	255524	249375	1.84169
0	-0.0120892	0.0130493	257456	255382	1.40133
0	-0.00493966	0.257149	246490	74522	-0.0654192
0	0.017322	0.260326	227386	119092	-0.279852
0	-0.00623739	0.218443	230772	160060	0.803825
0	0.0484808	0.103008	250258	223335	1.74223
0	0.0312344	0.0954166	246804	231789	-1.00029
0	-0.0229913	0.0898551	244608	232909	-0.12435
0	0.012791	0.0551901	248720	242800	0.497579
0	0.0201941	0.0582022	242124	235164	1.55598
0	0.0195176	0.047948	226822	222168	-2.23997
0	0.032208	0.255529	236858	67792	-0.160977
0	-0.0178994	0.20269	246510	133843	0.210153
0	-0.00262759	0.218754	244520	181096	-0.392336
0	-0.0070763	0.167681	232100	197839	0.836907
0	-0.00567871	0.105455	237728	214116	-2.00825
0	0.059137	0.0536581	251848	240417	-0.725088
0	0.0553882	0.0687149	246068	233187	-0.302248
0	-0.0783728	0.0602551	249326	243463	0.477561
0	-0.00146242	0.017404	222622	220992	-0.559129
0	0.00439963	0.255669	240702	78074	0.242587
0	-0.0308284	0.212694	245578	147823	0.549259
0	0.0236796	0.226579	250454	185357	-0.54684
0	0.0102787	0.156981	241200	208981	1.49292
0	-0.0614161	0.0657927	248034	235167	-1.33336
0	0.0152077	0.0665499	230012	221813	2.58397
0	-0.0145126	0.0954389	251548	242917	1.11247
0	-0.00244611	0.0302105	236490	234045	1.11771
0	-0.0323397	0.0163694	251970	250334	1.24375
0	0.0411923	0.240293	231862	33682	0.725474
0	0.0226156	0.253937	226968	80354	0.795708
0	0.0210385	0.222516	238166	104439	2.58515
0	0.00647781	0.192548	254590	130217	1.48982
0	-0.0520037	0.144139	227678	131557	0.0858379
0	0.00502271	0.106842	250038	153404	2.06265
0	-0.0107357	0.0911513	245570	149707	2.60719
0	-0.0310626	0.0985894	229776	155985	3.43443
0	0.0222174	0.0566612	236456	158140	8.82
0	0.0286901	0.242305	243912	68792	-0.0336449
0	0.0580608	0.240808	245202	131361	-1.37876
0	-0.0435587	0.129947	246284	185249	-2.43444
0	-0.00760647	0.17015	235236	185707	0.330538
0	0.0553314	0.164263	245190	196738	1.18553
0	0.0143585	0.0568757	256080	226637	-1.96361
0	-0.0060262	0.0658995	247518	223538	-0.260542
0	0.00805421	0.073804	246460	220730	4.04873
0	0.0348256	0.0715488	238686	210946	5.96942
0	-0.00187485	0.227318	238200	72535	0.0195144
0	0.000882918	0.257026	248072	132989	-0.342457
0	-0.0111825	0.193518	243650	191471	-0.0456582
0	-0.0144099	0.129996	255596	214223	-1.223
0	0.0252907	0.147838	244346	220653	1.29004
0	0.0108397	0.145912	237182	217866	-1.86897
0	-0.0462468	0.0377491	239620	231836	-2.26368
0	-8.49809e-05	0.0437835	243332	234661	1.06744
0	-0.0608317	0.0637048	246930	239193	-2.19564
0	-0.00693777	0.280613	250954	65604	-0.107751
0	-0.0126147	0.235844	251266	144833	-0.436058
0	0.00525995	0.195602	244862	189287	-2.9523
0	0.00530915	0.154333	219252	190876	3.00245
0	0.053352	0.128726	238358	215958	2.57096
0	-0.0275006	0.0572024	239694	227534	-1.50926
0	0.0046967	0.0799583	240660	233682	2.55314
0	0.023298	0.0444577	238108	231510	0.820842
0	-0.00571857	0.0205987	253266	248575	1.83399
0	-0.00261371	0.265007	240650	69499	0.157656
0	-0.00912235	0.221892	233832	135153	-0.0592434
0	0.0180757	0.164555	240780	184137	0.903336
0	-0.011046	0.116895	229512	197327	1.12163
0	0.00482162	0.0919366	228468	213593	0.88591
0	0.0128826	0.075366	231910	222291	0.458295
0	-0.0178985	0.0431034	245386	236519	-0.32287
0	0.00966213	0.0500013	239130	234152	-0.559746
0	-0.0367245	0.0526389	239396	236198	2.50273
0	-0.0467401	0.268552	221864	63094	0.181449
0	-0.0390676	0.229527	244242	157779	-0.118156
0	0.0178237	0.198892	240576	179196	0.571843
0	0.0303404	0.163372	229266	192597	-0.0670897
0	0.0157618	0.115877	256622	244151	-0.73466
0	-0.0199435	0.109389	260970	249920	-1.03311
0	-0.0216571	0.0322841	245614	239225	1.60012
0	0.0309061	0.0368223	260984	255624	4.49293
0	-0.0411834	0.0140224	247756	245214	-3.0234
0	0.00341465	0.202389	245512	86424	0.0349205
0	-0.0184236	0.245443	254112	148964	0.10076
0	-0.0440095	0.204695	244424	187916	-0.180662
0	-0.0159205	0.169223	250080	212709	1.05096
0	0.0155832	0.0926858	251208	236641	-0.0147826
0	0.0331696	0.06145	267310	257888	-1.27403
0	-0.0142508	0.0510107	247338	241598	0.782685
0	-0.0177026	0.0531269	244792	242299	0.375735
0	0.0201995	0.036282	241152	238811	-1.27101
0	0.00493465	0.261145	234344	65618	-0.0333788
0	0.0608371	0.219724	231568	143865	0.276064
0	0.00511755	0.179391	247550	198374	-0.0574432
0	0.0041387	0.1286	231368	194175	-1.52246
0	1.6276e-05	0.0941275	239366	213335	-1.4864
0	-0.00250125	0.0877191	248150	234606	0.143974
0	0.0359082	0.062934	230448	221633	-1.43071
0	0.000506445	0.0390044	254040	250620	-2.49658
0	-0.0205015	0.0197312	236400	234365	-0.903676
0	-0.0168526	0.283602	228188	64765	-0.17672
0	-0.0371768	0.217737	242162	158905	-0.455525
0	0.0179475	0.176592	240516	190099	-0.270269
0	0.0195895	0.171007	254744	223844	0.161015
0	0.0271972	0.145503	228350	202143	0.877353
0	-0.016002	0.108276	240206	227133	-0.248679
0	0.02235	0.0805559	258594	250208	-0.10642
0	0.00227264	0.0368674	235696	230508	-1.41077
0	0.0012553	0.026631	234238	232423	-2.02067
0	-0.0128111	0.258787	249048	26806	0.529023
0	-0.036621	0.244009	239448	54940	0.825009
0	-0.0122163	0.209069	245474	79185	0.621354
0	0.0512092	0.214137	249054	87225	-3.16402
0	0.020253	0.171854	217676	90663	1.49264
0	-0.00675692	0.129855	242624	114402	-7.54583
0	0.0200314	0.0661998	243378	127328	4.63227
0	0.00201864	0.0746868	249298	130559	1.89697
0	-0.0745348	0.0855629	232298	114722	8.69274
0	0.0308009	0.2634	241476	44921	-0.425307
0	-0.00108275	0.218078	241624	96944	-2.25257
0	-0.0322255	0.16207	244908	142141	3.94652
0	-0.0108096	0.181675	237920	151016	1.56011
0	-0.0107683	0.116017	251274	180027	9.45885
0	-0.023497	0.10406	245294	182507	8.27771
0	-0.00123576	0.05256	250582	193519	-8.82133
0	-0.0217875	0.0707073	249160	192927	6.8666
0	-0.0147539	0.0456618	245040	195660	-2.6561
0	0.0517847	0.236552	238184	57697	-0.294423
0	-0.0097143	0.233587	244956	135696	0.276909
0	0.0171301	0.192277	240798	166992	0.496054
0	-0.0186332	0.185551	232816	181421	-2.6376
0	-0.0102908	0.117621	225188	187951	1.30397
0	-0.0258528	0.10399	243862	211742	-1.97289
0	0.00179933	0.0392466	234488	214505	8.43327
0	0.00624129	0.0517751	251074	232433	-0.210548
0	-0.00667403	0.0305132	262730	243029	0.0701166
0	-0.0305637	0.26985	234954	69505	0.0523413
0	-0.0280177	0.242415	258564	151263	0.637659
0	0.00603021	0.163441	249720	191726	1.17598
0	-0.0391643	0.213834	239850	191959	1.52936
0	0.0379786	0.154909	242514	209381	-6.46661
0	-0.0168107	0.122071	239482	216984	-0.68783
0	-0.0229844	0.081393	241556	227691	-6.47136
0	-0.0274589	0.0485926	260680	250096	4.33457
0	-0.0191791	0.0463808	257030	250278	-1.4996
0	-0.0236141	0.24962	237244	76489	-0.0673656
0	0.00177787	0.276359	227570	125459	0.969718
0	-0.0361914	0.173519	241686	187816	0.513757
0	0.015214	0.124046	248002	214784	-0.424084
0	-0.0285093	0.181397	239706	210656	0.478926
0	0.0490477	0.0670551	242116	226934	4.45676
0	0.0172883	0.0511469	232026	221278	2.76852
0	0.0517003	0.056848	245934	240567	0.046398
0	-0.0213127	0.0385921	248206	243712	-4.68334
0	-0.000192021	0.231852	247694	79114	0.121032
0	-0.0541952	0.244503	242840	148919	0.126588
0	-0.0378258	0.164623	236716	187981	-0.622551
0	-0.0338271	0.131839	245632	218284	-0.57933
0	0.00684005	0.0944497	251140	234677	-1.48229
0	-0.00881895	0.0699799	248374	240966	2.07405
0	-0.00801607	0.0719558	255248	246256	-1.10333
0	-0.0148261	0.0207311	247956	243162	-0.298105
0	-0.00736038	0.0327573	258186	256455	-1.37707
0	-0.0201956	0.251546	232930	52207	-0.0637041
0	-0.00794681	0.246642	240494	141447	0.59421
0	-0.032439	0.232871	218866	163882	-0.209988
0	0.00314395	0.15164	242728	210137	-0.233007
0	0.0274051	0.112635	243590	228982	0.0245276
0	-0.0233345	0.0687919	236112	224642	-1.46354
0	-0.0215303	0.0879855	250748	241230	3.80346
0	0.00745488	0.0107331	247776	245631	0.365537
0	0.00746662	0.0206698	251826	248081	-0.17078
0	0.019794	0.261625	226660	65972	0.078372
0	-0.0105935	0.221075	252786	130846	0.0116857
0	0.0444898	0.223908	242030	174808	2.00755
0	0.0262161	0.154483	253230	221195	-1.33929
0	0.069798	0.128298	253188	232130	0.424718
0	-0.0395112	0.0786753	242154	226789	-0.871056
0	-0.0358051	0.0663767	240448	233214	-2.72221
0	0.00102758	0.0382263	239452	233355	-0.0315424
0	-0.00920972	0.0115258	249856	247950	0.145155
0	0.0244889	0.254642	254200	76785	-0.180277
0	0.0213593	0.232922	241890	127894	-0.635407
0	0.0496502	0.188333	229542	178503	1.56215
0	0.00913039	0.135633	244412	213402	0.590468
0	-0.00700803	0.0992365	260684	244425	0.366559
0	0.000806321	0.0676585	242744	235099	-1.35516
0	-0.00443551	0.0520369	251696	247676	2.59006
0	0.0165349	0.0230118	243110	241053	-0.387291
0	-0.0139665	0.0546518	232680	229262	1.39283
0	-0.0123538	0.216525	243822	23679	-0.163344
0	0.0431881	0.230038	238134	39307	1.05436
0	0.0327424	0.211053	231804	57242	-0.913
0	0.00193928	0.193228	231904	68459	0.840696
0	-0.0152014	0.19423	234860	82757	7.13072
0	0.0187435	0.172912	232614	82050	4.53887
0	0.0308399	0.0955031	242110	102001	1.26338
0	0.00569375	0.110953	238874	92178	-3.78375
0	-0.031065	0.0933841	225798	90416	-0.650853
0	-0.0103687	0.277149	237056	38073	1.41337
0	-0.00926042	0.230019	243118	77723	1.00941
0	-0.0333801	0.22182	247446	107283	-0.0884275
0	-0.00386173	0.217092	249074	128490	-5.60663
0	0.0315119	0.124296	238796	145683	0.959622
0	0.000874172	0.11334	248770	161033	-5.16939
0	-0.00620946	0.095531	236978	157934	-3.25038
0	-0.0155123	0.0675814	226036	149171	-4.28346
0	-0.0446724	0.0368714	246196	170716	10.442
0	0.0359602	0.268389	236426	55613	0.0878245
0	-0.0189831	0.205746	247966	118916	0.828838
0	-0.0250048	0.185551	231774	138322	-2.5523
0	0.0191428	0.135273	228996	161269	-1.62026
0	0.0178938	0.0819507	243380	197566	4.31517
0	0.00960958	0.0972971	264960	213862	-1.70675
0	-0.0417129	0.0333776	249988	212065	1.70536
0	-0.019488	0.0450164	239964	199951	2.93046
0	-0.0409058	0.0304607	251380	210897	-0.445729
0	0.00826334	0.231159	245972	64115	0.448261
0	-0.0295016	0.251892	236542	110134	1.55396
0	-0.0264032	0.196121	244066	162193	1.26348
0	0.00245564	0.183818	235368	176850	0.988987
0	-0.0210778	0.102267	235444	202884	0.916915
0	0.0143176	0.0694142	239752	214789	1.17268
0	-0.0134552	0.0603801	251032	229013	1.022
0	-0.0133648	0.0739279	253534	230833	-2.96471
0	-0.0175388	0.0247252	252632	235915	-2.1516
0	0.0406726	0.255652	235492	64380	0.00351104
0	0.030287	0.182646	231408	126354	0.243394
0	-0.0169727	0.164129	241178	180578	-2.31699
0	0.0389222	0.187579	232286	194024	-0.33072
0	-0.00378185	0.13319	231296	203117	-0.745079
0	0.00130933	0.110489	238346	212831	-1.83437
0	-0.00694864	0.0529091	234272	221856	-3.40745
0	0.0313288	0.0484498	243916	233584	2.27946
0	0.00635666	0.0435672	252374	244401	1.56224
0	-0.00686778	0.211889	232132	71237	0.288268
0	-0.0400787	0.237673	243024	153911	0.934448
0	-0.00336447	0.186267	243036	187551	0.641891
0	0.00715787	0.108872	250822	218030	0.519478
0	0.00687128	0.123129	244676	218146	0.241026
0	-0.0191204	0.078439	253936	242123	1.18718
0	0.0232303	0.0597592	249672	237070	-1.46271
0	-0.0369882	0.057364	250912	242611	-0.335379
0	0.00327026	0.00545312	239742	237481	-2.53287
0	0.0117354	0.277703	235030	51463	-0.0163737
0	-0.0173983	0.206837	245656	140934	0.6553
0	-0.00762759	0.190764	201238	156687	-1.51333
0	-0.0114257	0.141442	238158	211432	0.140093
0	0.0113325	0.114858	235876	216522	-0.101916
0	-0.0397039	0.0734092	258156	248985	-1.77169
0	0.0194322	0.0432378	239960	232893	0.0172069
0	-0.0250318	0.0434909	238868	234637	-0.091876
0	0.023207	0.0203772	247464	244677	0.227976
0	-0.00266989	0.229219	242502	79090	-0.128849
0	0.0426661	0.232498	233582	147416	0.0577182
0	0.0112731	0.218924	226552	155641	-1.05601
0	-0.00759402	0.107226	250176	216149	1.3461
0	-0.0346706	0.139005	217866	202818	-0.619946
0	0.0246653	0.0665707	233430	224626	2.85364
0	0.0491627	0.0271746	261796	256816	-0.0777172
0	0.00159614	0.0414065	235422	231306	-1.09781
0	-0.0141343	0.034234	245936	241962	2.64294
0	-0.0236394	0.209062	229522	70555	-0.012611
0	0.0279381	0.22026	247836	136446	-0.0560008
0	0.0272284	0.16739	247218	188834	-0.0594013
0	0.00868098	0.0877243	231444	210815	-1.49508
0	0.0405434	0.0953963	245216	223969	1.36907
0	0.0201078	0.076076	251354	241524	-0.0955276
0	-0.00591613	0.0392347	244646	241798	1.34617
0	0.010822	0.0589629	221578	216117	0.446405
0	-0.0032809	0.0202755	249108	248323	1.23808
0	-0.0323611	0.255526	248270	20180	0.0151546
0	-0.0318848	0.227234	243600	41968	0.769328
0	-0.0106644	0.195819	258198	52914	1.76082
0	0.0477482	0.222156	220334	46026	1.85659
0	0.0566211	0.174514	230898	59729	-5.80534
0	-0.0254213	0.172424	247262	79139	17.1377
0	-0.0237799	0.11935	258340	91893	-1.28122
0	-0.0522666	0.112011	237826	82299	3.15402
0	-0.0310356	0.0737412	242812	82088	-0.743856
0	0.0579652	0.233402	235344	34713	0.795503
0	0.0226235	0.25828	251072	70669	-2.61087
0	0.0156521	0.24269	224386	92223	3.52007
0	0.00450785	0.191284	236892	102962	6.85396
0	0.0531499	0.114406	248560	138002	5.10668
0	-0.0162365	0.0952866	258850	150916	4.48575
0	-0.0276194	0.0794051	237774	134190	8.16757
0	-0.0332886	0.0561514	242278	146505	5.92735
0	-0.0356885	0.0569855	250656	152273	7.68453
0	0.00426042	0.211204	246588	47935	0.324302
0	0.045031	0.221121	223812	95638	-5.30822
0	-0.0231647	0.183129	246624	135517	-7.35432
0	0.0308716	0.178791	241264	148537	2.49977
0	-0.00864495	0.122269	233672	158232	3.24565
0	0.0117474	0.0799443	219992	161622	3.99403
0	-0.00216748	0.0652615	234024	174186	-7.57682
0	-0.0340598	0.0526308	255064	192005	6.41751
0	0.00282415	0.051904	242458	188661	4.34654
0	-0.0370728	0.256197	234738	50113	-0.388286
0	0.0176447	0.232111	259056	133487	-2.81537
0	0.00989401	0.165439	236098	154121	1.4489
0	0.0324039	0.168546	238172	165480	-0.466765
0	0.0590389	0.104373	244596	193356	-1.93831
0	-0.0197164	0.0906922	245016	196822	1.74481
0	0.0288343	0.0835394	236342	194012	-0.530716
0	-0.00325617	0.0688421	251336	211608	7.10272
0	0.0119294	0.0362306	250790	219546	2.04096
0	0.0265338	0.22641	240838	71842	-0.330218
0	-0.026209	0.249553	235540	113284	-0.683975
0	-0.042449	0.239231	249984	164408	-1.39636
0	0.0364202	0.121792	245514	203129	0.262823
0	0.00101939	0.116842	261762	226436	5.33576
0	0.011391	0.131098	244074	206548	2.20603
0	-0.00192848	0.0292625	254614	237790	-3.03874
0	0.0204925	0.0545253	257978	239002	2.62368
0	0.0302549	0.0595345	235396	216205	-0.563813
0	0.028166	0.247763	239902	69399	-0.00892132
0	0.0119077	0.227738	250664	150519	-0.316117
0	-0.00648475	0.180125	256560	191756	1.21024
0	0.0379029	0.155182	243138	205562	1.89126
0	-0.00226226	0.116717	221466	199422	3.47328
0	0.00961504	0.0682592	258110	238095	0.978667
0	0.0214437	0.0587563	242044	228765	0.79936
0	-0.00938015	0.0366747	244362	237611	-3.93564
0	0.0331192	0.0438035	251016	240717	-3.27675
0	-0.0463846	0.240756	235064	70622	0.314466
0	-0.00206275	0.237676	243080	125229	0.173301
0	0.0227328	0.209404	240238	179525	0.921526
0	0.00555638	0.177997	237948	196571	1.88738
0	0.0106587	0.142603	233690	204066	1.48929
0	0.00728408	0.0799942	247404	232942	0.0975954
0	-0.0409223	0.0602872	239560	227358	-2.31833
0	-0.00963965	0.0497277	249856	241746	-0.655992
0	0.0122517	0.0171574	245978	242916	-5.41303
0	0.0157656	0.240182	252134	74136	-0.171697
0	0.0184781	0.235475	232636	136174	0.234413
0	0.0331548	0.223449	251806	185843	-1.06241
0	-0.0121476	0.108598	259410	235351	-1.48245
0	0.00926631	0.0720198	249444	231994	-1.25688
0	-0.0291445	0.0703337	249124	233297	1.17333
0	-0.0553772	0.0385182	256412	246722	1.62489
0	0.0424913	0.0312056	256710	251022	-2.60972
0	-0.0165469	0.0221249	231486	228432	2.90459
0	0.00420585	0.242624	232606	65453	-0.196086
0	-0.0189167	0.233314	247654	140164	0.190116
0	0.0583446	0.222203	250756	182618	-0.375701
0	0.0162908	0.138154	255284	220156	0.686772
0	0.0335469	0.118806	247652	227730	-3.92606
0	0.0432208	0.0445017	243546	235977	-0.837427
0	0.0259285	0.0421742	250384	246297	-0.0928421
0	0.0141851	0.0475372	244478	238903	1.51023
0	0.0376011	0.0238532	231032	227598	-1.17348
0	0.0178984	0.234636	254926	18723	-0.762169
0	0.0180955	0.246473	239560	31461	-0.978609
0	-0.0161113	0.195544	251962	38940	-0.528068
0	-0.00574895	0.197768	252388	50753	0.0845398
0	-0.00542613	0.214825	238060	50816	-4.14754
0	-0.00510055	0.181312	240720	76339	7.86889
0	-0.0137002	0.148642	222192	60447	8.5787
0	0.00303758	0.165009	240224	67590	1.37787
0	0.0281351	0.12782	235232	73475	9.58609
0	-1.13532e-05	0.265452	243204	29007	0.0558896
0	-0.00855408	0.228016	246940	56720	2.21753
0	-0.0386953	0.209782	251774	74529	-1.01635
0	0.00493254	0.225363	248072	89264	3.56528
0	-0.03539	0.141574	246332	109441	-0.361863
0	-0.0230857	0.150418	246298	119602	5.27518
0	0.0107926	0.125849	252440	125658	3.53192
0	-0.057518	0.0914571	230600	123736	10.9188
0	-0.060258	0.0601608	240136	125904	6.62297
0	-0.00492999	0.244191	240126	45514	-0.260669
0	0.0377829	0.245038	244190	85438	0.0410783
0	0.0238408	0.221597	236262	113550	-2.65753
0	0.0117252	0.184083	232394	113932	9.16974
0	-0.035216	0.0575188	257850	173874	9.49856
0	-0.041444	0.137983	244538	160437	1.92998
0	-0.0489689	0.097242	227846	154352	6.98897
0	0.00863718	0.0942242	239154	156466	12.4278
0	-0.0217689	0.0377162	240668	175358	2.31201
0	0.0346118	0.22642	245254	55770	-1.22771
0	-0.00352237	0.226398	237900	107259	-1.05008
0	-0.0156929	0.178301	245242	149932	0.191687
0	-0.041018	0.166498	261424	170941	-0.205766
0	0.0143127	0.104756	247976	185727	-5.08846
0	-0.00490266	0.0715819	237580	185496	10.9736
0	0.0164728	0.0787365	246216	195992	-4.02559
0	0.00593057	0.0792968	254982	200621	-6.72726
0	0.0460673	0.0270802	243162	197466	0.908915
0	-0.0110975	0.28318	250410	51503	-0.27731
0	0.00884847	0.259257	242282	101222	-1.43362
0	-0.00744404	0.198071	237058	157151	4.56072
0	-0.0229748	0.152473	251888	193944	3.774
0	0.0333896	0.126514	236478	189845	-9.35319
0	0.00210094	0.0540366	259378	225324	3.36236
0	0.0187119	0.0701703	235442	207792	1.49762
0	0.00386599	0.0559642	244476	215636	0.713522
0	0.0238604	0.0391983	252832	228319	3.99615
0	0.0102386	0.22768	255448	79348	0.392841
0	0.0253794	0.248553	238048	132744	0.458421
0	-0.0726022	0.192365	247848	175007	2.24542
0	0.033373	0.124883	245554	201152	-0.9092
0	-0.00565733	0.100635	250652	222558	0.58377
0	0.0232988	0.0744991	233860	210627	1.72191
0	-0.0723335	0.0240099	259122	241326	-0.778248
0	-0.0595851	0.0491635	226014	207823	2.48247
0	-0.016216	0.0628542	242238	226147	6.12911
0	0.0199858	0.21811	225306	72502	-0.350462
0	0.0130886	0.254872	239268	121365	-0.618633
0	-0.0356402	0.16815	245438	182811	1.48181
0	-0.0163836	0.127948	249148	214049	1.0312
0	-0.0139502	0.0926497	244474	220342	0.666868
0	-0.0124414	0.0912989	246784	227207	-0.714499
0	-0.00172521	0.0893713	237002	218987	-1.14254
0	0.00893561	0.0333368	238152	229171	-0.527398
0	-0.00416404	0.0299012	260122	252190	-0.0769874
0	-0.026028	0.241831	231950	62854	0.0790741
0	0.00453646	0.231254	244448	136078	-0.162438
0	0.0654785	0.239741	240964	173575	-0.0682515
0	-0.0128326	0.169223	237026	189782	-0.363299
0	0.0149712	0.110664	248174	221611	-0.610053
0	0.0577666	0.0846666	239020	224579	-0.501354
0	0.00754015	0.0267364	248102	242764	-2.78004
0	0.048832	0.0323918	248902	244003	4.33785
0	-0.0715072	0.0159785	246684	242989	-0.921262
0	0.0461711	0.229034	253380	73500	0.239613
0	-0.0252668	0.246451	245738	150389	0.260604
0	0.0197501	0.196587	250996	190309	0.276713
0	0.0164025	0.135844	247630	217346	0.758191
0	0.0325665	0.112075	245878	223758	2.19116
0	0.0324552	0.0686093	249670	233864	0.369885
0	0.0202472	0.0440508	252052	244407	-2.60216
0	0.0264456	0.034851	254566	250117	0.838923
0	0.013274	0.0289994	249986	246593	-1.24824
0	-0.0180293	0.247185	251776	12373	0.0363547
0	0.0235063	0.233401	245542	24612	-0.69242
0	0.0584544	0.268201	232722	35682	-0.474332
0	0.0569351	0.198714	235902	46459	-1.75336
0	0.0014806	0.171816	239938	54701	1.16187
0	-0.0376597	0.202327	236960	59029	-5.0554
0	-0.0532561	0.133732	246692	64478	13.1406
0	0.026485	0.13357	262584	72760	-4.69038
0	-0.020972	0.112545	251124	69021	13.3606
0	0.034837	0.25202	238708	26791	-0.59913
0	0.0405431	0.234491	242148	48865	1.20038
0	0.021138	0.220527	249730	85539	7.56097
0	-0.0242058	0.198627	258224	93428	2.84413
0	-0.0460568	0.153692	248116	107368	12.3845
0	-0.013768	0.176892	227860	91763	9.97013
0	0.00162719	0.126324	246110	118134	-3.71075
0	0.0201517	0.072523	253090	120358	-4.6572
0	-0.00215479	0.0608882	240430	114003	-7.58946
0	-0.00423389	0.302992	251716	32636	-0.357516
0	0.0188508	0.240985	260682	79542	-0.636333
0	-0.0143409	0.201883	246178	109777	0.119748
0	-0.00254534	0.158865	243210	126540	9.2236
0	0.0247456	0.134755	238610	135825	1.30447
0	-0.0113022	0.142286	246862	149064	11.7021
0	-0.0115502	0.105794	250528	153567	6.28479
0	-0.0243055	0.085185	250936	157707	-0.704548
0	-0.0536154	0.0667169	246402	154904	-6.12835
0	-0.0291056	0.253615	252598	43181	0.675309
0	-0.0317098	0.266329	243112	95439	-1.26128
0	0.0285994	0.231734	238330	111739	-0.413564
0	0.0572329	0.169113	248728	139340	-6.09121
0	0.0304498	0.130925	238908	163520	1.8825
0	-0.0674817	0.0962514	231710	168283	11.2439
0	-0.0142628	0.0833747	252472	182696	0.456163
0	0.0044788	0.0388142	240288	185127	6.68094
0	-0.00332753	0.0267219	246228	189798	8.05995
0	-0.0298138	0.277862	247716	54138	0.698161
0	0.0236885	0.213141	245214	111171	0.0444282
0	0.017525	0.231442	252514	141722	2.22519
0	-0.0256516	0.119197	247526	177490	5.24062
0	0.0570557	0.132919	238048	181120	3.61276
0	-0.00822801	0.095654	244900	197833	2.96459
0	0.0514451	0.083383	248224	206279	-4.74193
0	-0.0133692	0.0635567	245042	204018	0.743582
0	-0.00562693	0.0281278	256388	221395	2.83054
0	-0.00211509	0.226333	246540	76963	0.428352
0	0.0270111	0.195391	239318	127302	-1.82144
0	0.00530478	0.191113	243788	156068	1.91673
0	0.00245629	0.154333	242946	177309	1.89429
0	-0.00835044	0.0996958	234112	193081	1.84401
0	0.0110005	0.0722165	233184	204237	4.59324
0	-0.0304689	0.049432	256100	224727	-0.745222
0	0.0134794	0.072097	254532	224363	5.36817
0	0.00995646	0.0397313	239448	217802	0.418357
0	0.0197885	0.233893	246160	74486	0.132274
0	0.00631731	0.242677	249738	125526	0.0171947
0	-0.0430732	0.195397	250068	177306	2.27375
0	0.00342104	0.151576	226570	179666	1.94477
0	0.0285641	0.123761	255072	215522	-7.41667
0	-0.00580677	0.106785	260270	229287	2.03319
0	0.0196137	0.0957602	235828	209501	-6.50419
0	-0.015904	0.0317096	243672	227770	2.24972
0	0.00180823	0.0611816	252708	233657	4.03213
0	0.0260065	0.249558	253640	66988	-0.275593
0	0.00757012	0.257079	241486	125813	-1.12878
0	0.00456509	0.168172	247082	184005	0.827905
0	-0.0153222	0.176471	240454	204128	2.25925
0	0.010226	0.0948355	235988	211927	-3.92646
0	-0.0218866	0.0602648	230584	214817	3.74092
0	0.0334451	0.0575066	220224	206214	-0.870456
0	-0.016608	0.0429823	254350	241367	-1.99007
0	-0.0171498	0.0303487	247376	239684	-0.436457
0	-0.00225363	0.257525	247450	66730	-0.0297218
0	-0.0283153	0.194684	249244	150667	-0.545022
0	0.00328586	0.215078	252216	174023	-0.104475
0	0.00762513	0.122455	246204	206041	0.407062
0	0.0116293	0.121481	243620	220512	-0.404425
0	0.0649357	0.121182	241460	216929	-3.10178
0	-0.00384967	0.0536342	242350	232534	0.733585
0	0.0217271	0.0742592	232748	221210	0.85791
0	0.0422172	0.00941317	252288	248331	-1.29604
0	-0.0439011	0.278218	237646	9502	0.414032
0	0.0257521	0.222054	253212	22170	0.131513
0	0.0293357	0.242508	230016	28400	1.7904
0	-0.0236243	0.210132	251916	49990	-0.570125
0	0.0141369	0.217325	224066	45781	-3.30025
0	0.0150153	0.221242	248912	47028	-6.14891
0	-0.0415051	0.124705	242774	53912	3.66117
0	-0.0504163	0.162612	227836	53693	8.13731
0	0.00943872	0.174349	245404	47269	1.66516
0	-0.0112384	0.269718	252032	28106	-0.555587
0	0.0314234	0.263656	245438	43260	1.38652
0	0.00894606	0.254179	230530	57199	0.581692
0	0.000256106	0.171776	253176	88448	-2.27235
0	-0.0291001	0.134456	257794	99089	4.75637
0	0.00145436	0.174115	260302	101675	2.0042
0	-0.0907217	0.145479	240380	99411	-0.477137
0	-0.00745774	0.0914472	256040	102440	-0.00289162
0	-0.0333044	0.0947211	237736	96416	7.28232
0	-0.0217164	0.254358	248024	31953	0.0545776
0	0.0211447	0.262727	257432	62001	-2.29281
0	-0.0467759	0.174615	232252	90623	4.77841
0	0.0265591	0.141557	253752	124591	-4.60262
0	-0.0646191	0.184117	247976	126872	7.32099
0	-0.00398526	0.0936629	255616	142290	0.165063
0	0.0164832	0.0979814	250916	143836	-2.88029
0	0.00751147	0.0470008	220692	126581	2.30749
0	-0.0129737	0.0239701	250850	149920	-7.52591
0	-0.000200084	0.257252	252632	32973	0.796165
0	0.00806729	0.209144	246084	85927	-0.691505
0	-0.000718027	0.222416	241190	106320	5.81807
0	-0.0115661	0.153663	234012	135540	9.36985
0	-0.0564276	0.135646	241536	149284	4.80333
0	0.0180676	0.13395	249732	157020	12.4835
0	-0.0300956	0.0377981	264814	189393	5.70341
0	0.0538535	0.0634011	245978	173527	-9.35693
0	-0.0242942	0.0406671	237060	175339	5.09768
0	0.0122127	0.252021	252936	64356	-0.627408
0	0.0025317	0.226486	236982	81090	-0.72925
0	0.0282993	0.246016	242874	113332	3.09133
0	0.00426778	0.189053	244654	150581	-1.7082
0	-0.0842798	0.149927	233548	167288	0.968727
0	-0.0638471	0.0861319	240178	183609	2.75209
0	-0.0534161	0.0863314	245932	195110	2.7523
0	0.00570826	0.052631	248642	198720	-6.87046
0	0.00742334	0.0223896	243548	195725	7.72664
0	0.00602996	0.235023	237690	48433	0.231119
0	-0.0691624	0.222943	234096	106616	0.986824
0	0.0207864	0.176448	251642	170661	0.205695
0	-0.0353898	0.175208	238138	176311	2.25979
0	0.0082821	0.0827879	237634	192956	-8.78993
0	0.0408483	0.0969098	243140	199676	3.57189
0	-0.0307774	0.058497	238724	202504	-4.23012
0	-0.0215001	0.0398337	247854	213831	-1.08805
0	0.013701	0.040466	227092	198147	-0.713245
0	0.00674779	0.217151	251698	58455	-0.375477
0	0.0136492	0.259091	239498	114092	0.74093
0	0.00526229	0.209154	247260	160156	-3.30539
0	-0.0124928	0.184555	257614	194227	1.47333
0	-0.0256582	0.12226	251594	206719	-0.0889508
0	0.00516852	0.0661398	241584	212510	-5.46712
0	-0.0440419	0.0617527	246524	216892	2.07292
0	-0.0118472	0.0640148	255260	225481	-3.30379
0	0.00629847	0.0254985	243278	223660	3.55985
0	-0.0233547	0.277143	233758	52049	-0.233874
0	-0.00635275	0.253444	244134	113393	1.62051
0	0.0787179	0.177503	251558	181559	-1.94495
0	-0.00530422	0.13786	230682	188219	-4.84214
0	-0.0421044	0.119812	242930	209427	-1.25
0	0.0172484	0.0841029	256044	230435	0.360261
0	-0.03788	0.0580588	247624	227024	6.04711
0	-0.00440318	0.0354202	233168	220047	-5.06789
0	0.0464411	0.0171163	251432	238138	-2.19594
0	-0.0145308	0.24205	240460	55970	0.397836
0	0.0424918	0.218632	241092	127991	1.49934
0	-0.0311586	0.197908	249672	180796	0.36986
0	0.0320193	0.127653	245126	200479	0.961965
0	-0.000237067	0.0752164	232082	212680	-2.8825
0	0.0175123	0.135326	247874	222562	-2.69398
0	0.0124074	0.0717536	233130	215078	-1.45662
0	-0.0215535	0.0234219	244656	236637	1.42812
0	0.0109797	0.0465648	245042	235740	-2.34031
0	-0.0171596	0.260968	253566	13397	0.0330594
0	-0.0485616	0.268155	249204	17298	-1.30114
0	0.0167983	0.270202	247610	28302	0.136274
0	-0.00718813	0.218584	258168	45059	-1.26185
0	-0.0501996	0.234569	229472	40724	2.59995
0	-0.00964575	0.185825	250018	49077	8.57735
0	-0.10677	0.169919	248514	54844	4.68654
0	-0.0384769	0.14518	235170	47307	-5.06029
0	-0.00561434	0.0856953	257046	53429	3.02394
0	-0.000522374	0.216814	239914	26172	-0.14046
0	0.00927742	0.254192	252742	30205	-0.083724
0	0.0425655	0.251249	257840	52962	-0.727615
0	0.00541719	0.262379	253074	68611	-0.681738
0	0.00165937	0.155207	233844	77652	0.314401
0	-0.00751452	0.140357	242476	83432	3.74455
0	0.0344924	0.149525	246026	96819	-0.176519
0	-0.0302361	0.0942645	240852	98241	5.34369
0	-0.0445346	0.0609681	243874	99528	12.6713
0	0.0359131	0.255249	243136	33816	0.73255
0	-0.0176104	0.205757	256562	74194	2.53802
0	0.0324162	0.246981	248124	81708	1.56404
0	-0.0254977	0.163205	247926	112421	-2.96237
0	-0.0211738	0.105701	243516	119015	0.540476
0	-0.0157741	0.111483	238232	125731	5.64237
0	-0.0196926	0.0832265	251396	138125	6.43533
0	-0.0528932	0.105197	239326	127848	7.3729
0	-0.0671892	0.0205022	246140	134714	19.4327
0	-0.00633697	0.258952	248772	40063	0.970171
0	-0.000541657	0.237823	230982	82842	0.536032
0	4.09469e-05	0.186251	245162	109393	-3.64168
0	-0.000456729	0.188236	237388	127712	-5.66296
0	-0.00697505	0.162895	254746	155838	-3.11601
0	-0.0454211	0.108188	246202	155471	1.8722
0	0.0144387	0.115275	249358	153331	-7.55531
0	-0.0195282	0.0724109	251862	167326	-3.35175
0	-0.0332633	0.042001	232620	160327	12.0295
0	0.0442282	0.23153	243472	54901	0.109616
0	0.000594426	0.239898	235758	80580	-0.157139
0	0.0422572	0.217452	249170	125489	-4.05512
0	-0.0105508	0.190821	245372	150422	5.77273
0	-0.0358556	0.16871	231088	150120	6.72128
0	-0.011005	0.138323	231788	161343	-0.190361
0	-0.0589381	0.0843861	229372	163794	11.6673
0	0.00437334	0.0608792	232534	173020	8.21248
0	0.0110172	0.0229455	243090	187485	5.72152
0	-0.0387272	0.269082	247774	51452	0.665737
0	0.00918564	0.256838	235074	91541	0.425164
0	-0.00538089	0.236857	257036	139787	-2.1516
0	-0.00265194	0.208476	242448	141408	2.04701
0	0.000217793	0.153864	243214	180061	1.85086
0	-0.0127672	0.0605212	245990	201484	1.08825
0	-0.0494599	0.109208	252440	199745	-4.41792
0	-0.0289683	0.0311673	243392	203006	4.21428
0	-0.0113812	0.0188082	247192	209806	3.44248
0	0.032042	0.264108	257856	64031	0.408609
0	-0.0213814	0.225989	233104	110502	-0.522925
0	-0.0389012	0.249467	255486	155860	-2.68936
0	0.0138621	0.132333	241332	175819	1.45111
0	-0.00961202	0.133046	249788	203099	-7.28496
0	-0.0150199	0.07637	246914	207495	0.0753407
0	-0.0604811	0.0668201	248386	213145	1.35067
0	0.0322059	0.0503074	226046	199643	-4.05643
0	0.0297522	0.0175964	242846	218170	6.05553
0	-0.014844	0.215576	232220	63177	-0.087481
0	0.0088643	0.23581	256122	135819	-0.138945
0	-0.00858364	0.185108	254150	166908	-0.498234
0	0.0557762	0.145638	235610	190692	0.445944
0	0.0309788	0.0923406	239508	207672	-5.87286
0	0.0223659	0.0842313	245238	212778	2.82334
0	-0.0057656	0.0833303	248840	218941	4.50329
0	-0.0267412	0.0413299	242154	221727	3.3948
0	-0.00511544	0.0223233	236800	221687	-1.43003
0	0.0179028	0.259962	251610	67980	0.441696
0	0.011601	0.277545	253476	105965	0.306259
0	0.0114268	0.194621	252390	183785	1.37427
0	-0.0461451	0.164534	245944	195819	1.59064
0	0.0419472	0.0854151	249916	222399	-0.632685
0	0.00701144	0.128211	236936	208904	1.82434
0	0.0170178	0.0484613	242118	226876	-1.6811
0	0.0272492	0.0361079	235620	225893	0.644972
0	0.0275081	0.0439501	252078	237777	-0.676349
