0	-0.04068	0.249642	234022	61321	0.427827
0	0.0141106	0.228131	250562	135038	3.43905
0	-0.00651361	0.167568	259062	184767	-4.55149
0	0.0158335	0.125735	241994	189741	0.766068
0	0.0603696	0.150681	247442	194749	3.76197
0	-0.012309	0.132822	236838	203312	5.53541
0	-0.0282099	0.0912513	250968	216858	-0.193759
0	-0.0417922	0.0900183	240342	210357	6.95121
0	-0.024182	0.0460802	226586	205704	-1.99772
0	-0.0241603	0.286697	231954	63824	0.282882
0	-0.00888257	0.256877	242302	142556	-0.867074
0	-0.0182142	0.150569	258912	201814	0.911383
0	0.0471813	0.147065	241988	210588	3.47347
0	0.0246959	0.156985	240600	221403	0.62896
0	0.0633452	0.1356	249838	229838	-2.50702
0	0.0209036	0.138571	251938	233479	-2.75685
0	-0.00287934	0.087786	245314	236901	-1.59357
0	0.00964925	0.0630371	233882	227861	-7.37735
0	0.0118371	0.23735	233010	66473	0.117527
0	0.000250202	0.215435	241660	138581	-1.246
0	-0.00536241	0.217539	235846	178086	-2.03423
0	-0.026667	0.13028	245638	219518	-0.755573
0	-0.01455	0.122121	239608	221328	-0.985423
0	-0.0250833	0.129896	241734	224616	1.88051
0	0.0202086	0.0831918	253776	240510	3.63194
0	0.0195412	0.0318566	240266	235927	-2.05773
0	-0.0025831	0.0552126	249558	244478	3.31028
0	-0.0165357	0.231969	245438	88513	0.317251
0	-0.0218449	0.255707	237634	136076	-1.24532
0	-0.00936574	0.171981	249096	195450	1.36823
0	-0.0288823	0.138547	232890	207212	-2.6406
0	-0.0150758	0.0740242	252676	236629	2.84405
0	0.00868831	0.0773351	244652	228251	-4.23404
0	0.0423078	0.0682623	225926	216722	3.04083
0	-0.00847155	0.0472375	244498	239158	-1.88245
0	0.0110661	0.0422427	247652	239819	0.642051
0	0.0210694	0.265405	244786	71133	0.12698
0	0.0047544	0.196765	255876	157575	0.377426
0	0.00222994	0.220887	228422	171038	-0.103169
0	-0.0182607	0.142551	242528	204450	0.463654
0	0.0458749	0.119731	244352	222980	0.0377528
0	0.0259189	0.0945627	253754	241666	3.90513
0	-0.0125171	0.088536	245798	233721	-6.30857
0	0.0139962	0.070401	250218	241189	1.94097
0	-0.00541831	0.0288176	251952	247480	6.84265
0	0.0118433	0.295258	238712	69318	0.299722
0	0.0305999	0.233304	229490	134263	0.467646
0	0.018722	0.224126	239918	183864	-0.776049
0	-0.00727989	0.140591	224756	200389	3.46739
0	-0.0259231	0.127054	253114	232641	3.27851
0	0.0353506	0.10802	244712	229082	1.90452
0	-0.0027397	0.078987	239666	227545	-0.0928809
0	-0.0151869	0.0228523	259374	254347	0.100589
0	-0.0108732	0.0229189	245768	242468	1.03652
0	-0.00469108	0.257047	240486	67781	-0.139993
0	0.0213146	0.25791	214000	115790	-1.47763
0	-0.00405744	0.21179	239110	164837	0.149842
0	0.0521428	0.122752	243174	217359	0.643617
0	0.014752	0.0959611	231684	215361	3.94441
0	-0.00896389	0.0894597	242740	230141	-4.33257
0	0.0178141	0.0558128	228392	220473	-1.00938
0	0.0134577	0.0707562	238950	228471	3.57692
0	0.0197952	0.0307214	247002	243007	-2.32324
0	0.0335814	0.254856	238968	73778	-0.573019
0	-0.0163565	0.206245	243288	136821	-0.252703
0	-0.00965106	0.215802	244708	182786	1.7147
0	-0.00771454	0.157719	239850	204026	1.02838
0	0.00029667	0.109785	238958	216378	-3.80086
0	0.0548434	0.0798833	248158	236692	0.562983
0	0.0630606	0.0778917	248624	236933	-2.60397
0	-0.0583904	0.0576346	256500	251258	-5.51718
0	-0.00883157	0.0193927	250258	246309	1.65162
0	0.00335985	0.25576	236476	81870	0.554523
0	-0.0327111	0.205754	240198	147180	1.11405
0	0.0218573	0.250912	241570	174258	-0.000158469
0	0.00931987	0.15939	253096	219931	1.78058
0	-0.05246	0.0504944	249416	237926	-4.02018
0	0.0274785	0.0719651	256030	246211	-1.09726
0	-0.0179909	0.0953756	255700	245623	2.15597
0	-0.0067263	0.0344093	239610	235978	2.40177
0	-0.0188544	0.00937762	249936	248775	-2.80183
0	0.0477607	0.23715	244388	31291	-1.24502
0	0.0141608	0.248889	239470	80748	3.33216
0	0.0202129	0.233752	244688	103174	2.83283
0	0.00091968	0.197857	238990	115924	3.15726
0	-0.0148857	0.156772	247198	137058	-11.0496
0	0.00640272	0.118454	236752	139193	1.64865
0	-0.0097802	0.111898	242450	147252	2.32055
0	-0.000790181	0.100799	246476	158909	-5.64728
0	0.0203493	0.071507	246124	160737	9.38044
0	0.0260163	0.241964	239376	67255	0.768488
0	0.0517398	0.243416	237252	126824	0.51753
0	-0.058448	0.163638	247482	176371	2.03234
0	-0.00888753	0.143223	238806	191154	0.714857
0	0.0517591	0.166591	252940	193647	2.25721
0	0.00139393	0.0838171	226966	193861	1.92576
0	-0.019077	0.0566986	242974	217625	3.65471
0	0.0196385	0.0820479	249308	222564	0.573436
0	0.0243431	0.0828269	238252	212335	9.11415
0	-0.00188731	0.226637	220386	63789	0.0232515
0	0.00339074	0.25311	232918	126067	-1.0948
0	-0.0174713	0.196706	254080	194150	1.84097
0	-0.0378572	0.118481	237444	205287	5.81117
0	0.0180246	0.167785	250256	215577	3.46989
0	0.000470063	0.139683	244482	223041	1.24192
0	-0.033598	0.0685213	228802	212880	-6.0583
0	0.00744532	0.0540826	250440	241973	-1.19165
0	-0.0306169	0.0839586	242190	229879	-11.2601
0	-0.00746923	0.280836	243144	65367	0.0516865
0	-0.0132538	0.248615	233606	125921	-0.244338
0	-0.00162677	0.194504	248392	189395	-0.886282
0	0.00312259	0.148661	230148	202511	3.65842
0	0.0485803	0.141548	240852	216419	4.00246
0	-0.0163251	0.0724959	232100	219792	-4.86191
0	0.000949338	0.0635035	253180	243614	3.67735
0	0.0166033	0.0692236	243338	231891	2.82924
0	-0.0209705	0.0338281	237788	230987	6.40958
0	-0.00261425	0.265526	219846	57012	0.157816
0	-0.0156761	0.216976	243012	155285	1.90688
0	0.0234686	0.149552	239888	185987	-0.71453
0	-0.00993797	0.107479	249100	219684	0.789223
0	0.00142754	0.103658	235768	217236	1.90413
0	0.0151058	0.076966	240534	228366	-0.208665
0	-0.00115192	0.0430986	256070	247143	-5.34685
0	0.0202289	0.0575601	250182	244680	-3.72978
0	-0.0395695	0.0334503	253862	249583	3.35624
0	-0.0474177	0.26833	235066	63300	0.384723
0	-0.0421719	0.221873	253056	160897	0.81314
0	0.0283512	0.178862	253510	201662	-2.58642
0	0.0328323	0.163517	225086	187702	-0.814644
0	-0.00425173	0.0958298	257130	245229	5.26939
0	-0.00758597	0.103706	243046	230100	-4.74038
0	-0.0059526	0.0338954	243854	238338	-3.11124
0	0.0263665	0.036145	251420	244123	5.85482
0	-0.0447081	0.018055	254088	250584	-1.96597
0	0.0039762	0.201092	231248	76901	-0.133545
0	-0.0199501	0.248382	238092	135355	0.558707
0	-0.0436578	0.186057	246960	187717	-0.286177
0	-0.0141806	0.156769	226960	191912	0.528989
0	0.0105948	0.103041	251592	232470	1.48173
0	0.0318424	0.0496042	248614	238452	-0.875857
0	-0.0161478	0.060951	231560	224840	1.35178
0	-0.017321	0.051943	256316	251785	0.261256
0	0.0208944	0.0295598	253210	250485	-1.47948
0	0.00443332	0.26115	254404	74042	0.11702
0	0.0642073	0.207979	235400	145655	-0.734991
0	0.00849391	0.176604	251950	197690	-1.07035
0	0.00742234	0.137428	244700	201980	-2.50755
0	0.00304758	0.0912876	255978	232504	-2.39579
0	0.00771759	0.0731422	238584	228619	-2.92168
0	0.0396236	0.0590632	247298	238393	-2.54533
0	0.00219345	0.0435836	250596	244311	-3.00268
0	-0.0336833	0.0239588	242812	239665	3.05085
0	-0.0165772	0.282815	237850	65069	-0.259317
0	-0.0387716	0.210986	250868	164924	0.02294
0	0.0115918	0.179949	244584	202183	1.63646
0	0.030577	0.15917	242620	215110	-3.13522
0	0.0271845	0.150009	236608	209459	0.881157
0	-0.0170113	0.108002	244598	232394	0.0541186
0	0.022974	0.0670881	252244	241499	-0.293596
0	-0.00892422	0.0434516	250034	245307	1.94829
0	0.00053148	0.0358342	246628	241715	-1.80352
0	-0.0110557	0.259683	247364	22993	0.00240056
0	-0.033668	0.249189	239024	49951	-0.060895
0	0.00557461	0.207259	240140	86406	-4.71591
0	0.0425832	0.222483	242146	84993	-0.576198
0	-0.0219796	0.162677	242912	98534	14.1624
0	-0.0479489	0.146965	245318	107195	4.81177
0	0.0271922	0.073766	230736	119013	2.48406
0	0.00172457	0.109165	222224	111179	1.98519
0	-0.00625988	0.0717653	250230	127264	-11.7897
0	0.02816	0.261315	249246	48135	0.366961
0	-0.00692527	0.210017	243018	103008	-0.499816
0	-0.0132978	0.179061	239442	131129	-1.73178
0	-0.0235632	0.189235	259760	163303	5.38618
0	0.0139913	0.119031	241470	174398	2.03096
0	-0.0150559	0.096195	237584	178244	5.74538
0	-0.0398955	0.0749064	238456	172934	2.77658
0	-0.0307035	0.0713679	245644	185434	9.54138
0	-0.0350027	0.018349	246330	196388	3.41855
0	0.051689	0.236395	230274	53039	-0.265705
0	-0.00461968	0.225644	242082	133037	-1.25148
0	0.0151599	0.188384	225768	155296	1.08711
0	-0.0383099	0.179648	226524	176552	3.26542
0	0.00144509	0.142648	231574	187345	-2.21679
0	-0.0213448	0.118238	231606	192190	-3.32527
0	0.0279558	0.0424792	240952	222304	0.586345
0	0.0145706	0.0772135	246438	224388	-2.70935
0	-0.0207792	0.0343204	249556	231877	4.30167
0	-0.030224	0.269088	239636	62243	-0.0495947
0	-0.0213708	0.238948	240044	142770	-1.35641
0	0.0134196	0.179173	243990	181686	-1.04085
0	-0.0278578	0.199733	264202	214415	-1.86259
0	0.0301375	0.138737	257820	229457	-4.11427
0	-0.00210583	0.119173	250584	233174	-5.0993
0	-0.00934642	0.100756	241022	221276	-10.5628
0	-0.025449	0.0450889	242138	233223	3.73161
0	0.00200436	0.0436658	242360	234129	-7.85463
0	-0.0239879	0.249721	241034	78344	0.0447679
0	0.00159392	0.273213	222882	122678	1.0249
0	-0.0269403	0.206766	235740	183727	-2.26154
0	0.0138936	0.128086	243760	210891	-0.0279734
0	-0.023577	0.194665	244552	211425	-1.00078
0	0.0378411	0.089239	248172	226894	7.81873
0	0.0212492	0.0579451	235540	224324	1.58025
0	0.0346524	0.0700084	251368	238827	5.16077
0	-0.0207089	0.0482679	250808	243020	-4.86448
0	-0.000356603	0.231893	237722	82860	0.170407
0	-0.0545242	0.249834	245934	142479	0.225279
0	-0.042058	0.171562	243098	191745	0.647124
0	-0.0379954	0.144332	228896	198499	0.671145
0	-0.000873979	0.0925255	253028	235908	0.831916
0	-0.00522249	0.0698425	250254	238253	0.995115
0	0.0057501	0.0402138	250562	244508	-5.23318
0	-0.0029946	0.0290429	248806	243454	-3.84755
0	-0.00624016	0.0377776	243466	240265	-1.71314
0	-0.0201503	0.251555	244228	61281	-0.0773153
0	-0.00784127	0.246298	231264	130663	0.562547
0	-0.0265689	0.182407	222764	176715	-1.97102
0	0.00330713	0.15079	235756	201374	-0.281962
0	0.0228161	0.109434	242570	228486	1.40122
0	-0.0276109	0.0553417	241128	231802	-0.180627
0	-0.0163733	0.0876056	239454	230302	2.25639
0	0.00913568	0.0184988	242796	239377	-0.138703
0	-0.00167853	0.0224883	255156	251989	2.57276
0	0.0200056	0.261708	234860	79196	0.0149059
0	-0.0150504	0.220075	226146	119431	1.34875
0	0.033914	0.218023	233382	173522	5.18029
0	0.0218028	0.16735	239940	208861	-0.0153085
0	0.0670534	0.137388	252580	230376	1.24809
0	-0.028997	0.0719693	243784	227754	-4.0253
0	-0.0213917	0.063148	244196	236358	-7.04621
0	-0.00901232	0.0479076	234750	227258	2.98043
0	-0.0126469	0.0156947	254706	251713	1.17632
0	0.0259135	0.25483	241764	72654	-0.607667
0	0.0202503	0.23052	244490	131155	-0.302704
0	0.0491165	0.171984	225392	173809	1.72226
0	0.0191327	0.145058	245548	215551	-2.41022
0	-0.00394128	0.0973538	230308	216767	-0.553465
0	0.00616314	0.0924164	256096	244111	-2.96221
0	0.000230022	0.0239673	243608	238999	1.1904
0	0.0170007	0.0187953	251018	248848	-0.527016
0	-0.00786106	0.0348144	243456	239950	-0.438796
0	-0.0123454	0.216042	219088	13197	-0.165866
0	0.0465675	0.227456	257888	42206	0.040526
0	0.0183569	0.216565	225534	50942	3.40266
0	0.0160044	0.184577	225330	70796	-3.37884
0	0.017379	0.205536	245982	80803	-2.64341
0	0.0140494	0.146585	247520	90870	5.94712
0	0.039489	0.121439	222160	89195	-1.33135
0	-0.052358	0.108214	241442	99573	13.6318
0	-0.0474067	0.099942	243384	98514	4.25164
0	-0.00675923	0.276868	218896	29579	0.330529
0	-0.0153532	0.225895	240112	80960	2.83726
0	-0.0233171	0.221136	246452	110511	-3.10732
0	-0.00402045	0.221232	235938	116695	-5.55901
0	0.00420004	0.127399	246042	138808	9.15318
0	-0.0593412	0.142808	250240	161362	12.8952
0	-0.0242889	0.0940097	245326	157426	2.17345
0	0.00403171	0.0633055	251570	164581	-10.1467
0	-0.015196	0.063165	256840	174566	1.59908
0	0.0381024	0.268319	253766	51621	-0.554835
0	-0.0198134	0.21383	241666	115650	1.07793
0	-0.0475961	0.183104	241688	148399	4.22507
0	-0.00423584	0.154505	234750	155432	5.39333
0	0.00762564	0.105857	258272	200381	7.39561
0	-0.0284206	0.123075	252672	187294	9.7023
0	-0.0452294	0.0438048	239228	197885	2.76032
0	-0.0257067	0.039736	243254	200166	4.79608
0	-0.0352457	0.0309149	265558	225253	-2.14377
0	0.00832366	0.230194	237558	56197	0.430166
0	-0.0326152	0.246517	251408	124824	2.48805
0	-0.00483517	0.185424	244034	169070	-5.20692
0	-0.0115797	0.135117	233690	184441	5.1996
0	-0.0254597	0.10144	245026	212235	2.23148
0	0.0239135	0.0752259	242644	212609	-1.70608
0	-0.0100698	0.0352801	245546	224098	0.00637371
0	-0.0121758	0.0823354	226756	205327	-3.32143
0	-0.0258773	0.0480693	256702	234362	0.349936
0	0.0398656	0.254622	250416	69463	0.245616
0	0.0389732	0.164988	259918	159612	-2.36249
0	-0.00544476	0.177231	253954	190723	-5.77536
0	0.0470441	0.18908	248150	207021	-2.76729
0	-0.0056713	0.129281	243498	210618	-0.178243
0	0.00622263	0.119237	241902	210798	-3.30836
0	0.0080829	0.0476151	248758	236544	-7.91691
0	0.0325625	0.0550577	251952	239530	1.90938
0	0.0318548	0.0437034	238676	230001	-6.08719
0	-0.00756135	0.212024	233274	67092	0.49634
0	-0.0390762	0.235139	247468	160979	0.633685
0	0.00484423	0.177825	254210	194238	-1.82072
0	0.00425625	0.131877	238240	203480	1.38996
0	0.00492495	0.114366	252438	223068	0.824924
0	-0.0342414	0.0731919	240980	227528	5.72347
0	0.0111331	0.0619891	238444	224273	2.16646
0	-0.0392104	0.0703254	247452	236800	0.331267
0	-0.00497828	0.00690042	245260	242851	-0.0583131
0	0.0111791	0.277633	246940	65570	0.150508
0	-0.0199677	0.201435	245454	141856	1.42615
0	-0.00670368	0.186439	240160	190302	-1.7905
0	-0.00221815	0.147819	235354	211782	-2.62217
0	0.01675	0.106286	246144	224242	-1.72717
0	-0.0477209	0.0724223	239554	229953	0.633404
0	0.00475306	0.0515957	257970	249696	4.42095
0	-0.0203768	0.0338957	240914	236341	-1.48835
0	0.0240952	0.0319324	251368	246890	-0.0384854
0	-0.00273191	0.229674	237910	69981	-0.110242
0	0.042899	0.229114	230508	141717	-0.0121581
0	0.00430468	0.196299	244448	184204	1.03453
0	-0.00721936	0.12017	252680	220818	1.2337
0	-0.0406444	0.124108	250846	231277	1.17218
0	0.0226609	0.0677398	240202	231829	3.45498
0	0.0499268	0.0401655	234392	226518	-0.306955
0	-0.00171074	0.0407234	253606	248626	-0.10575
0	-0.0177664	0.0338867	245070	240702	3.73256
0	-0.0241996	0.209256	243146	71091	0.155475
0	0.0246837	0.219932	241900	143860	0.920312
0	0.0324448	0.168227	221640	171535	-1.62433
0	0.0186693	0.0728009	250324	230416	-4.49157
0	0.0378063	0.0924184	250406	230137	2.19022
0	0.0205529	0.064268	252412	245139	-0.229063
0	0.000932003	0.0406011	246892	243241	-0.708268
0	0.00597884	0.0251551	242260	237981	1.89937
0	-0.00551708	0.0249401	233942	230996	1.90893
0	-0.0338408	0.256151	254810	20536	0.459048
0	-0.0382938	0.229509	240104	33806	2.69201
0	0.0034534	0.193294	236204	45670	-2.47451
0	0.045316	0.209597	243456	55653	2.58626
0	0.0274857	0.183126	242222	70351	2.93527
0	-0.0113143	0.176917	235374	77798	12.9056
0	-0.0323839	0.121982	244132	85158	1.29996
0	0.00495819	0.0890448	230076	78799	-14.0134
0	-0.0379606	0.0963955	232240	76210	1.33365
0	0.059392	0.231907	244784	34994	0.36747
0	0.0184479	0.264967	225018	57516	-1.35819
0	0.0137133	0.218022	235920	106241	4.1017
0	0.013851	0.194382	247842	100985	4.05101
0	0.0466496	0.0984869	235128	120403	7.05677
0	-0.0137208	0.104554	260472	146806	3.73103
0	-0.0325953	0.100668	249632	139763	9.66033
0	-0.0144421	0.0437696	245220	145773	0.273395
0	-0.0481297	0.0571915	259504	155412	11.4169
0	0.00531067	0.207064	245464	45749	0.00922804
0	0.0286808	0.225514	233070	102394	-0.40317
0	-0.0348517	0.185447	234854	135618	-3.84822
0	0.00290556	0.172158	250752	156271	10.8896
0	-0.0374898	0.0988113	245224	167831	11.8991
0	-0.0435158	0.0782536	236496	175524	20.573
0	-0.0356917	0.0777329	245748	178624	2.48045
0	-0.0264614	0.0590867	234158	174814	4.138
0	0.0122755	0.0515492	234932	180175	1.51114
0	-0.037241	0.255417	245370	49944	-0.337831
0	0.0155916	0.237751	258740	142656	-2.19942
0	-0.0130619	0.165501	236058	155600	8.33567
0	0.00171381	0.212198	231772	159338	8.74025
0	0.054678	0.123351	240954	188695	-0.630053
0	-0.0136661	0.0901113	249330	199306	-0.0703056
0	0.0106545	0.0911141	243032	200976	4.92323
0	0.00704774	0.0803071	228050	189565	4.01155
0	0.0146038	0.054406	250228	216622	1.23863
0	0.0234218	0.22629	246272	68900	0.603387
0	-0.0224421	0.254992	248216	109795	-1.81407
0	-0.0464798	0.24672	250846	163361	-0.187111
0	0.0440575	0.134622	241044	186599	-2.02835
0	0.00983564	0.138615	235860	195107	2.69088
0	0.046671	0.12564	235108	193204	-8.37799
0	0.00173856	0.0427552	244438	226461	-4.13885
0	0.0231444	0.0540085	242990	224995	1.82812
0	0.0138486	0.044134	238938	221426	4.35806
0	0.0295611	0.247264	236802	59443	-0.427442
0	0.0115874	0.214357	246334	152019	-0.220029
0	-0.0116144	0.172161	246950	187066	2.74914
0	0.0374088	0.17355	231912	197434	2.03948
0	0.0155648	0.0843344	244768	221384	-1.87484
0	0.00648765	0.076339	255678	241392	1.91688
0	0.0127641	0.0734659	243780	224886	3.40324
0	-0.00814654	0.038849	253578	242067	-4.30573
0	0.0483919	0.0468013	246668	234952	-7.85854
0	-0.0460394	0.240834	235234	73641	0.210899
0	-0.00233905	0.240389	214372	109453	0.256191
0	0.0172904	0.226974	238004	171323	2.55423
0	0.00995065	0.175189	248926	203252	0.569103
0	0.0128905	0.153818	240092	211525	0.819757
0	0.0137498	0.0695711	237164	222257	-1.84213
0	-0.0500782	0.0833063	256434	240702	0.428454
0	-0.0226645	0.0419322	249166	240675	3.25147
0	-0.00239882	0.00477595	258108	255006	-1.01786
0	0.0155971	0.240157	235094	71650	-0.121167
0	0.0162717	0.232548	227674	138417	0.896318
0	0.0375852	0.193489	243848	177986	-2.39155
0	-0.00999524	0.107745	249422	216801	-2.12817
0	0.00267117	0.072647	256540	235540	0.72166
0	-0.0364349	0.0625579	238620	226791	3.36046
0	-0.0597981	0.0437099	253942	243113	2.95117
0	0.0425372	0.047843	232528	227532	-2.62347
0	-0.0185523	0.029445	236414	230609	3.50621
0	0.00481689	0.242649	252740	75353	-0.379398
0	-0.0177587	0.224554	258806	154476	-0.157277
0	0.0616409	0.228351	243610	187918	-1.3646
0	0.0197881	0.137675	254360	219730	-0.362427
0	0.030252	0.120362	244212	224433	-2.9376
0	0.0451296	0.0709079	243526	232498	-1.41007
0	0.0272013	0.0318167	238948	231281	-0.474687
0	0.00779318	0.0334346	240560	234472	3.42781
0	0.0222087	0.0336062	241012	235634	3.44424
0	0.017003	0.23536	256488	17794	-0.493562
0	0.023577	0.245606	237920	30724	-2.62307
0	-0.024299	0.194083	245910	44919	1.92825
0	-0.0147619	0.212227	236904	54171	2.78842
0	0.0030265	0.20316	257088	66015	-6.68333
0	0.0141912	0.204167	249570	70822	2.08135
0	0.0290546	0.118602	248054	73819	-4.24774
0	0.026372	0.130617	238484	72022	-5.62246
0	-0.0101334	0.124153	244458	75017	21.0666
0	-0.000846815	0.265369	256396	30698	0.306528
0	-0.0107078	0.228795	240210	57755	2.86365
0	-0.0416368	0.206634	241998	75458	-0.1339
0	-0.0130376	0.227624	235072	86085	8.95633
0	0.0103769	0.133431	235278	104854	-14.092
0	0.0291418	0.13423	235820	115166	-10.3931
0	0.0521858	0.0936707	244572	125440	-8.88606
0	-0.0170824	0.0913098	233460	125110	-1.21183
0	-0.0691822	0.0813929	253668	138167	9.30023
0	-0.00567998	0.243987	254948	44908	-0.0356716
0	0.0279053	0.246813	245252	76879	3.00437
0	0.0255623	0.2391	242626	117288	-3.17399
0	-0.00739473	0.178056	245452	122313	14.9057
0	-0.0123173	0.0604247	247496	160700	2.62895
0	-0.0370117	0.138651	231552	153545	0.600279
0	-0.0371572	0.0810369	244772	164748	3.44547
0	0.0194819	0.0934706	247618	155115	9.17442
0	-0.00445193	0.0419638	244314	168376	-2.88308
0	0.0334025	0.226397	242228	47511	-0.864909
0	-0.00634577	0.228774	230650	91947	-0.20306
0	-0.044124	0.174234	248560	151416	8.72103
0	-0.0237234	0.185521	250518	159469	-5.39414
0	0.00882764	0.102195	249772	181625	-3.44294
0	0.00673948	0.070091	246856	194903	7.48095
0	0.00806015	0.060041	234142	181450	-1.50179
0	-0.0122516	0.0717644	243310	185607	-1.27262
0	0.0479408	0.0245777	251414	203058	0.346845
0	-0.0081798	0.282253	248914	58703	-1.15261
0	0.00732906	0.262149	242976	100545	-0.9778
0	-0.000640371	0.202769	235144	154384	2.51961
0	-0.0118064	0.143502	252030	197112	0.423467
0	-0.0116907	0.124923	245776	199944	4.1709
0	0.0327128	0.0572323	244588	214093	-5.82119
0	0.0152271	0.0384063	230736	203336	2.54305
0	0.00903517	0.0433587	235018	207161	-0.837231
0	0.0188953	0.0548027	243026	214476	5.48568
0	0.0125414	0.229044	259246	86749	-0.29799
0	0.0339263	0.226942	243182	134154	-2.10567
0	-0.0628725	0.18827	234884	167849	-0.673508
0	0.045294	0.117646	224584	183865	-4.48552
0	-0.0078072	0.0892994	212670	185449	1.22873
0	-0.000803741	0.0693501	243228	223039	8.95269
0	-0.0703727	0.0308858	248574	230198	-1.36647
0	-0.0548199	0.0380859	247512	231139	1.05293
0	-0.0288991	0.0643983	252172	233936	9.93407
0	0.0195409	0.218096	236174	74821	-0.217005
0	0.00703831	0.250295	256324	126671	1.19647
0	-0.0307556	0.160122	235840	179474	0.0164282
0	-0.0165428	0.135373	242482	205790	1.07896
0	-0.0139415	0.0935901	250742	223402	0.664246
0	-0.00937465	0.0864821	242128	219419	-1.63453
0	0.00346032	0.0735088	238390	218955	-2.6982
0	0.0135587	0.0452948	241372	230038	-1.91433
0	-0.0139639	0.0328875	242346	233373	2.86296
0	-0.0250098	0.241632	246298	72246	-0.22639
0	0.00740784	0.219535	252682	141594	-1.02385
0	0.073853	0.210574	234792	182039	-2.58063
0	-0.00394449	0.149061	229088	189975	-3.02973
0	-0.00694663	0.122709	242552	212183	5.9653
0	0.043097	0.0885155	230516	217075	3.89954
0	0.00205326	0.0444737	255182	246139	-1.13398
0	0.0476837	0.0294558	252474	245623	4.68232
0	-0.0531955	0.0198958	243292	239745	-6.41479
0	0.0465916	0.229495	252510	74119	0.113442
0	-0.0198788	0.233745	253010	157871	-1.3558
0	0.0103158	0.174217	230552	180223	3.10701
0	0.0135952	0.123959	243360	212757	1.60038
0	0.0344581	0.123332	233670	210271	1.62369
0	0.0176834	0.0702348	248344	229195	4.80143
0	0.00843939	0.0356934	244332	233771	0.940172
0	0.0252428	0.0264413	251104	244586	1.19974
0	0.000235573	0.0270075	254382	249403	2.66329
0	-0.0168255	0.246541	241958	13379	-0.324783
0	0.0223057	0.233002	229552	25348	-0.332241
0	0.0567024	0.267847	236326	30293	0.0512501
0	0.0531491	0.205051	247842	51523	-0.617575
0	-0.00569948	0.192213	233830	45273	3.31589
0	-0.0428693	0.210978	243198	53720	-3.49253
0	-0.000795753	0.155214	248134	65820	-2.59755
0	0.00201198	0.124943	240818	63487	2.65151
0	0.0553756	0.0983484	241368	67173	-9.54364
0	0.0343881	0.252864	252114	23757	-0.464448
0	0.048321	0.230947	243274	54369	-1.13296
0	0.0302347	0.219715	248336	80707	4.83196
0	-0.00603319	0.212116	246194	91079	-2.60767
0	-0.0101222	0.155897	242244	97919	1.60415
0	0.00662132	0.159841	243212	95358	3.85334
0	-0.0446777	0.122671	243606	111074	10.1807
0	-0.0234817	0.0633493	247114	120978	8.4328
0	-0.0225116	0.0648055	226986	104273	-1.48243
0	-0.00536365	0.305147	244170	34290	-0.0185886
0	0.0126859	0.248041	251156	70261	1.21314
0	-0.0430797	0.206982	237208	105337	8.74137
0	-0.00518101	0.145388	243872	120657	10.0143
0	0.00811117	0.142585	257402	144371	6.29481
0	0.0172395	0.154412	250132	144889	3.13957
0	0.0273417	0.102488	251440	150849	-5.38277
0	0.00677981	0.0976342	235754	141667	-10.0301
0	-0.00790028	0.0558142	251810	163386	-19.8429
0	-0.0280833	0.253233	249156	42023	0.368624
0	-0.024807	0.26089	255808	104724	-3.33212
0	0.030779	0.231651	233980	110828	-1.06743
0	0.0182769	0.154359	259946	151786	5.59558
0	0.0240437	0.122794	237884	154231	3.80434
0	-0.0595896	0.0784855	251676	177251	8.8763
0	-0.0333537	0.0679714	241322	171421	6.18343
0	0.0222939	0.0394509	255752	191282	1.3364
0	-0.0181789	0.0357496	260304	197154	12.5154
0	-0.0269361	0.276197	243532	48957	-0.16515
0	0.0379497	0.212489	245042	107836	-4.23396
0	0.0299052	0.21685	222982	124430	-1.48885
0	-0.0310007	0.116518	245288	178017	6.84537
0	0.0810346	0.12908	236372	174754	-3.58093
0	-0.0155447	0.0932522	242664	192973	5.1596
0	0.0265838	0.0914455	233524	192115	2.71646
0	-0.00251419	0.0512886	240962	198632	-2.51293
0	-0.0100544	0.0267355	240520	207328	4.15877
0	-0.000529319	0.228077	228388	71674	-0.0473807
0	0.0120272	0.19059	239354	121890	2.67373
0	-0.00913992	0.208784	238416	141830	6.25014
0	-0.0118567	0.134859	222864	165557	6.18819
0	-0.0140834	0.10398	245778	202289	3.56391
0	0.0317325	0.0788144	246946	215005	-1.62635
0	-0.0605256	0.0418229	257382	224303	8.2718
0	0.0332827	0.0736887	224296	193864	-0.572819
0	0.0183043	0.0245262	239942	219328	-2.08599
0	0.0203679	0.235167	245068	76959	-0.0415534
0	0.0120724	0.240027	236944	112627	-1.70933
0	-0.0306672	0.20414	250008	180934	-1.44807
0	0.00265209	0.165947	241914	192370	2.17545
0	-0.00267423	0.160823	256710	212842	1.95483
0	-0.00795078	0.103954	258766	226359	2.67639
0	-0.00243125	0.0839271	240836	218588	0.109306
0	-0.0398805	0.0403726	231326	214408	9.44266
0	-9.75809e-05	0.0708113	246996	226146	4.60388
0	0.0266629	0.248565	251520	69386	-0.472503
0	0.00410943	0.258654	234962	124701	-0.0905745
0	-0.00806409	0.176814	240278	182798	4.61666
0	-0.00631998	0.177479	239808	201229	-0.441417
0	0.0171016	0.0776165	251432	229136	-5.98913
0	-0.0183894	0.0678582	250318	229102	2.69176
0	0.0351833	0.0693851	246202	225735	-1.39192
0	-0.0127732	0.0230167	247830	238129	-3.14051
0	-0.0192526	0.0206345	247990	241220	0.194358
0	-0.00282005	0.258705	251386	65194	0.140204
0	-0.026089	0.204319	240306	138834	-1.21293
0	0.0146302	0.245399	252336	178636	-3.50779
0	0.0148346	0.127683	249768	204213	-1.75577
0	0.00271171	0.109678	230254	206942	2.27085
0	0.0396479	0.121163	256456	231798	4.48455
0	-0.00355521	0.054155	245888	233721	0.645247
0	0.00491566	0.0797554	242508	231758	5.90136
0	0.0407474	0.010143	244914	240090	-0.855129
0	-0.0424491	0.277617	243646	11764	-0.0215784
0	0.0329411	0.221526	246480	22333	-2.02518
0	0.0301237	0.241517	255246	36817	1.55401
0	-0.0174056	0.213624	240076	42066	-2.43574
0	0.0130775	0.219778	250550	47730	-2.98242
0	0.00796471	0.210406	238194	54422	-4.03373
0	-0.0544167	0.1326	231734	53730	7.53465
0	-0.0159709	0.1363	225944	51903	-2.19631
0	-0.0452723	0.128892	240990	58766	18.0785
0	-0.0109449	0.269971	220404	16908	-0.643626
0	0.0371519	0.263849	237308	37942	-0.332042
0	0.00845721	0.242299	251056	66803	0.728348
0	-0.0344334	0.166022	256658	86245	8.13452
0	-0.0420686	0.121621	255354	96510	8.64692
0	0.0511976	0.155262	252554	99338	-12.9188
0	-0.0440002	0.11339	246880	98427	-14.4936
0	-0.055591	0.0719358	245190	99880	14.4371
0	-0.000882487	0.0819902	227462	93819	-2.44425
0	-0.0222937	0.254117	239462	38507	0.227747
0	0.0108487	0.261944	259444	59956	0.795989
0	-0.0484633	0.15388	230540	92686	5.28464
0	0.0129778	0.139843	237860	122509	-0.528233
0	-0.0572958	0.185714	225088	104953	5.12401
0	0.000607389	0.0923121	232328	126778	-1.21273
0	0.0150435	0.0862415	253960	145092	-2.44839
0	0.00892565	0.0463624	241492	143149	1.88324
0	-0.0401701	0.031776	252774	151247	0.633024
0	0.00027751	0.257489	241576	28782	0.652887
0	0.000278046	0.209893	253710	100899	1.64527
0	0.00597921	0.199903	237620	117895	3.8089
0	0.0112196	0.145495	253768	143196	2.53415
0	-0.0216411	0.119561	257256	166540	-5.63264
0	0.0297434	0.131645	247730	160842	8.98071
0	-9.58843e-05	0.0401384	239218	161976	-3.29649
0	-0.0351143	0.0492441	243898	171017	17.3334
0	-0.0496129	0.0178909	244996	176921	12.6933
0	0.00861301	0.253445	253152	51667	0.452504
0	0.012121	0.228169	236866	80634	-3.60606
0	0.0498945	0.24405	237014	111551	-3.38722
0	-0.0197493	0.191984	254532	159760	5.49691
0	-0.0982654	0.155855	248460	174244	5.16442
0	-0.0471805	0.0751558	245020	189754	-2.24788
0	-0.0399478	0.102157	243566	182148	-1.28819
0	-0.0241308	0.0570221	255070	197613	2.08126
0	0.0171851	0.0217818	254850	202496	4.79811
0	0.00671448	0.234968	250388	58497	0.0257638
0	-0.0636838	0.22832	245322	110148	-0.656736
0	0.0139054	0.184699	253728	164477	2.26998
0	-0.022765	0.157551	244252	178183	-1.52767
0	-0.0128511	0.0822216	252582	209141	-2.44996
0	0.0741317	0.0999927	234946	180114	-6.41315
0	-0.0355296	0.0641546	255328	214817	-2.80448
0	-0.0228141	0.0395687	253706	218657	-0.693851
0	0.0394162	0.028812	243464	212298	-8.42781
0	0.00672802	0.216849	251442	56631	-0.369544
0	0.0146169	0.260334	226416	100316	0.450619
0	0.00207684	0.196693	242850	150938	-2.34975
0	0.0240301	0.192436	248746	183519	-9.48354
0	-0.0345776	0.122562	237888	185311	2.58687
0	0.00694289	0.0930303	235364	200600	-5.99943
0	-0.0383158	0.050326	245802	219730	0.35508
0	-0.0160517	0.0502901	246488	218828	-2.04245
0	0.0288684	0.048393	249164	226258	-3.21113
0	-0.0238921	0.275348	237572	62190	-0.0726576
0	0.00328926	0.24595	255486	130861	-1.2721
0	0.0803123	0.193124	234254	157599	-2.42327
0	-0.0132815	0.141235	243114	200323	-2.44895
0	-0.0452634	0.123151	269472	231462	-0.302299
0	0.01593	0.0892193	245744	220204	0.755781
0	-0.0304314	0.0420542	238814	221607	3.81252
0	-0.0263372	0.0407269	243028	229040	1.51233
0	0.0535398	0.0200324	232136	220528	-4.32554
0	-0.0133136	0.240433	224246	60928	0.0326838
0	0.0433344	0.210873	248312	144709	1.24656
0	-0.0366726	0.19889	250988	177784	2.02408
0	0.0364454	0.137483	259394	214660	-0.365866
0	0.016598	0.0691628	246614	221512	-7.93302
0	0.0174272	0.135098	257212	230780	-2.66845
0	0.00100093	0.0656448	249294	235705	1.96533
0	-0.0303189	0.0182573	244466	236747	4.05774
0	-0.00356044	0.0531241	237018	228025	2.02172
0	-0.0176358	0.260642	243534	11712	0.175927
0	-0.0501727	0.267674	236428	12688	-0.817823
0	0.0115206	0.270568	244212	24285	1.71958
0	-0.0240401	0.217515	243448	41945	3.79374
0	-0.0436798	0.243971	243436	38584	0.644021
0	0.0395812	0.181179	251418	48712	-6.19075
0	-0.090388	0.155753	260646	51796	-0.228127
0	-0.0623958	0.136196	249278	52527	2.11536
0	-0.0593071	0.0896616	252170	54576	19.1318
0	-0.000391928	0.217454	239872	24297	-0.179594
0	0.00644241	0.250846	244200	31281	0.766778
0	0.0339338	0.247437	236818	49985	1.86188
0	0.00106236	0.250487	242848	65357	0.624712
0	0.00448454	0.149727	232118	82842	-0.533151
0	-0.000572426	0.119839	230810	85889	1.66192
0	0.00825785	0.121348	231628	91047	7.69384
0	0.0293089	0.071417	251816	104294	-12.5198
0	-0.0365328	0.0712979	235322	87565	10.2708
0	0.0389839	0.255072	248916	33353	-0.188687
0	-0.0103832	0.208758	252810	70809	0.369862
0	0.032545	0.253659	244956	71600	1.5254
0	-0.0579583	0.180465	234288	98966	6.7758
0	0.000575251	0.0970961	246962	118892	-5.98425
0	-0.0160662	0.115259	219272	109652	5.72997
0	-0.0228132	0.0869972	240952	124687	7.37151
0	-0.0731641	0.0827484	245404	128342	13.4542
0	-0.0949261	0.00945692	249202	137051	27.7537
0	-0.00324381	0.258532	253152	35130	0.0422229
0	0.00163107	0.244498	243744	70732	-0.115785
0	-0.00273021	0.204668	243356	100893	-2.81033
0	-0.00527273	0.197661	250510	137016	-4.21816
0	-0.00530495	0.14777	230096	126478	-3.61703
0	-0.0609006	0.0841812	234514	156505	6.51606
0	0.0357658	0.0960046	253498	159210	-13.9534
0	-0.0477728	0.0624974	234044	157369	5.12163
0	-0.0169638	0.0446098	253746	171200	7.13962
0	0.043061	0.231782	243662	46613	0.459777
0	0.00817661	0.229611	238118	86804	-2.43179
0	0.0145653	0.199191	244190	122983	4.25245
0	-0.0136105	0.197058	234298	143889	6.69062
0	-0.0361697	0.149244	242746	160690	6.81548
0	0.00241059	0.134077	227726	157388	-4.21504
0	-0.0530921	0.0842306	249174	174537	9.91344
0	0.0262394	0.0386496	247812	188007	1.65267
0	0.038139	0.023513	247440	188320	-2.41499
0	-0.0389994	0.267756	243668	50568	0.747373
0	0.00895893	0.252498	246296	93207	0.493177
0	-0.0207075	0.211552	258330	145863	2.44639
0	0.0175559	0.185921	240836	147428	-4.01533
0	0.00198757	0.156477	258058	185300	1.31993
0	-0.0406255	0.0507687	256022	207552	9.44575
0	-0.0557927	0.104213	228164	174589	-2.51807
0	-0.0165981	0.0305125	253808	210587	0.503227
0	0.00872488	0.020902	252296	211161	-2.58935
0	0.0355869	0.263193	252886	58819	-0.654866
0	-0.0253082	0.230628	259722	121852	0.655132
0	-0.0471183	0.259242	257176	161131	-0.224233
0	0.02246	0.125695	224928	166645	-1.12825
0	-0.0252507	0.151288	238016	185041	-2.59337
0	-0.0208021	0.081142	253172	212466	1.80999
0	-0.0401469	0.0486859	250766	219103	-4.74959
0	0.0145693	0.0501192	250154	218731	1.23457
0	0.0491	0.0152698	243984	216864	0.25118
0	-0.0137518	0.214344	252464	59563	-0.415146
0	0.00458312	0.23601	243584	129106	1.14541
0	-0.0315546	0.166045	250366	170689	6.39305
0	0.0454018	0.140276	235396	185347	3.55828
0	0.0143119	0.0821519	247620	213057	-0.872782
0	0.0229412	0.101596	230980	194877	2.65075
0	-0.00260012	0.0596964	251004	225413	3.55364
0	-0.00745045	0.0431682	242114	221157	-2.39243
0	-0.0070444	0.0204927	246584	228864	-0.851339
0	0.0165185	0.259935	249848	70526	0.85698
0	0.0141458	0.278929	234266	107144	-0.457176
0	0.0241382	0.175951	256122	190313	-2.43914
0	-0.0393072	0.149854	248390	197607	-0.460731
0	0.0426234	0.0856998	249212	220477	-0.835536
0	0.00182974	0.123062	237964	212805	3.37885
0	0.0333339	0.0495451	233758	217164	-6.57595
0	0.0273292	0.0375422	235484	221891	0.620994
0	0.00993171	0.033661	248288	234419	4.59656
