0	-0.0396983	0.249687	227168	68327	0.13332
0	0.0251463	0.216598	247604	146314	0.128351
0	-0.0213191	0.159894	246306	196319	-0.109844
0	0.0194709	0.0920615	239580	214100	-0.325159
0	0.0739066	0.113326	250956	232318	-0.29913
0	0.00764732	0.0917006	254996	245138	-0.451499
0	-0.0295047	0.0832324	245010	236075	0.194655
0	-0.0160379	0.0559038	241272	239506	-0.775095
0	-0.0303405	0.0220957	257892	255223	-0.150193
0	-0.0235507	0.287026	242612	65277	0.0999945
0	-0.0109715	0.25814	237284	139244	-0.240383
0	-0.0145279	0.174418	240802	177010	-0.194495
0	0.0564099	0.114594	235542	210530	0.704882
0	0.029642	0.110485	237630	225755	-0.854865
0	0.0541668	0.105484	246804	231207	0.246485
0	0.0111359	0.110572	237000	229248	0.173477
0	-0.0101673	0.0797887	253308	248293	0.592816
0	-0.0164481	0.0587306	246456	244589	0.451847
0	0.0118283	0.237098	237428	72646	0.120164
0	-0.00369057	0.21532	240920	139440	-0.0637678
0	-0.00641276	0.218221	236872	175448	-1.71912
0	-0.0305559	0.147054	218648	190185	0.41111
0	-0.020064	0.10717	238612	220394	0.668781
0	-0.0199722	0.114191	231524	222948	0.347177
0	0.0395838	0.0782937	240496	231862	-2.18061
0	0.00878901	0.0317129	228996	226779	1.16793
0	0.0082194	0.0530156	244728	241742	0.0695367
0	-0.0156656	0.231705	238146	86679	0.0562335
0	-0.0254358	0.267752	232712	126271	-0.16806
0	-0.00587366	0.21171	248338	188192	0.320602
0	-0.0406293	0.123175	230808	204820	0.883509
0	-0.00929044	0.0554694	244658	233724	1.10844
0	-0.0116986	0.0583421	244842	232808	1.88204
0	0.0499855	0.0685243	237632	233582	0.73752
0	-0.02125	0.0398682	250886	247880	1.95109
0	0.0117433	0.0503495	240396	237368	0.438894
0	0.0218589	0.265874	252870	81807	-0.109855
0	0.00766677	0.212529	248196	142910	-0.496284
0	0.00230263	0.23594	230380	167834	-0.124975
0	-0.0120036	0.137409	237964	199037	-1.41349
0	0.0469568	0.108288	229308	209284	-0.286799
0	0.0370835	0.0916166	235280	222504	0.555764
0	-0.0296349	0.088352	217920	210962	-1.17324
0	0.0200358	0.0642385	247332	243254	0.129107
0	0.0117238	0.0337349	264452	262409	1.70002
0	0.012638	0.296262	236692	69774	0.0613116
0	0.0313207	0.233169	235880	134819	0.251413
0	0.013935	0.238564	220588	160168	0.660057
0	-0.000558848	0.141514	249360	222141	1.45108
0	-0.0192686	0.128916	237992	223257	1.28216
0	0.0400513	0.110231	244926	235737	0.494292
0	-0.00380969	0.0864124	247610	239967	0.228116
0	-0.019412	0.0292829	232446	229782	1.36811
0	-0.0085832	0.0284595	244814	243081	0.349528
0	-0.00479676	0.257419	240944	68753	-0.108288
0	0.0173785	0.261185	229338	116684	-0.296799
0	-0.00704253	0.208016	241010	166587	1.04537
0	0.0513152	0.12453	241712	212388	0.891894
0	0.0291739	0.113482	239086	219930	-0.38214
0	-0.0253728	0.0884731	248676	239187	0.590118
0	0.0210091	0.0511079	232604	226837	-1.96786
0	0.0254206	0.0816213	239802	234138	-0.0119638
0	0.0182253	0.0550079	245372	240648	-1.85229
0	0.0318891	0.255639	250632	72109	-0.0653197
0	-0.0159588	0.210261	242510	137867	-0.372026
0	-0.00291406	0.251455	245666	171382	-0.306396
0	-0.00408148	0.162788	239356	201432	-0.0615397
0	-0.0102525	0.110556	250576	227342	-0.636109
0	0.0564295	0.0726052	235256	222424	0.0871512
0	0.0550107	0.083733	236296	225144	-0.188975
0	-0.0798585	0.0706216	249908	245058	0.92326
0	-0.000749998	0.0288624	257268	256399	-0.772856
0	0.00461246	0.255597	242898	88259	0.178739
0	-0.0310302	0.210565	253576	145607	0.609771
0	0.0234326	0.233732	257072	189564	-0.47276
0	0.0128869	0.173592	227026	190420	0.710459
0	-0.0648813	0.072539	247842	237212	-0.293821
0	0.0188084	0.0767888	253082	242232	1.50375
0	-0.0155747	0.0957776	249244	239685	1.43111
0	-0.00162074	0.0373422	240824	237792	0.870105
0	-0.0287667	0.0301218	233690	233024	0.171851
0	0.0437684	0.236925	258008	70791	-0.0473501
0	0.0235954	0.246178	230734	141071	0.501778
0	0.0352144	0.202063	255906	194826	-1.66762
0	0.014169	0.186983	226470	188037	-0.817525
0	-0.0544894	0.133549	232548	216244	0.831541
0	0.0197595	0.0841699	226850	218356	-2.35839
0	0.000534243	0.0742011	253112	245710	-0.773781
0	-0.0195162	0.0449481	237058	232938	-0.0294839
0	0.0535519	0.043092	247970	245759	-0.580346
0	0.0281976	0.241043	245508	81329	0.114111
0	0.0571311	0.237572	246282	147358	-1.09985
0	-0.0506208	0.153836	239130	195541	-0.315814
0	-0.0102361	0.153545	234046	206722	1.11942
0	0.0571593	0.133606	249618	227283	0.637169
0	0.00436035	0.0409212	239124	232117	1.03583
0	-0.00959324	0.0499807	256658	250743	0.809571
0	0.0194579	0.0706671	247952	244473	0.627621
0	0.057809	0.0570545	220170	215433	-0.925603
0	-0.00164394	0.227951	233384	69684	-0.0497593
0	-0.000325647	0.26363	238836	126746	0.0201124
0	-0.0133894	0.187919	249912	194196	0.616419
0	-0.0131912	0.107801	236776	204254	-1.58861
0	0.0314946	0.137921	246732	225579	-0.571124
0	0.00708942	0.132035	251234	237270	-0.743888
0	-0.0621344	0.0352641	238172	231329	2.50261
0	0.00691049	0.039797	233306	230695	-1.0312
0	-0.0680366	0.0631128	238466	236485	-0.0341676
0	-0.00695447	0.280274	247150	68173	-0.102742
0	-0.0140076	0.251184	216524	112291	-0.0182121
0	-0.0039791	0.195812	230036	175410	-0.180583
0	0.0107955	0.143628	208274	182101	1.35654
0	0.0564906	0.126609	236470	213929	1.62938
0	-0.0336423	0.0782738	233138	222798	0.333263
0	0.0152294	0.0570301	246660	240634	-0.606667
0	0.0251771	0.0606975	238126	233980	0.257087
0	-0.00144978	0.0193416	265326	262266	0.553357
0	-0.00235993	0.265654	229024	68427	0.0815211
0	-0.00888594	0.225272	238182	137604	-0.130167
0	0.0220882	0.159514	230384	178212	-0.300409
0	-0.0115264	0.134666	223210	192405	1.26575
0	0.00639193	0.0872617	249760	235368	0.414818
0	0.0117417	0.0876709	242750	232493	0.800563
0	-0.0128929	0.0459737	251140	243480	-1.82455
0	0.0104411	0.0463879	246688	242660	-0.793428
0	-0.0329011	0.0351857	250784	248310	1.35573
0	-0.046395	0.268872	236156	60845	0.0779233
0	-0.0378258	0.23131	253872	158517	-0.4907
0	0.0213333	0.215078	221200	158858	-0.481038
0	0.0307203	0.147219	246430	209364	-0.181052
0	0.0217556	0.12969	246800	230887	-2.53282
0	-0.026203	0.10914	235726	226787	0.84472
0	-0.0176703	0.0365203	240884	237633	0.404059
0	0.0434938	0.0305206	256410	252407	0.716599
0	-0.0467326	0.0241299	247846	245349	-1.35864
0	0.00328339	0.202819	240988	82589	0.0742965
0	-0.0181974	0.250603	246622	149275	0.0328867
0	-0.0421553	0.200904	253244	187747	-0.736936
0	-0.0167806	0.152169	240436	213505	1.30898
0	0.0159874	0.127507	232806	215790	-0.136031
0	0.0261629	0.0780534	265436	254864	0.827978
0	-0.0115969	0.0752173	226540	222982	-0.0134831
0	-0.0175903	0.0498438	247684	245578	0.342047
0	0.0145432	0.0515369	249360	247729	0.425866
0	0.00476042	0.261034	231142	66370	0.0188911
0	0.0624899	0.220664	228546	133196	-0.219769
0	0.00502412	0.171996	240078	188696	-0.0294123
0	-0.000423034	0.12324	248280	206203	-0.153941
0	-0.00483141	0.102534	239238	212669	-0.0320958
0	-0.00491478	0.0792779	256276	245401	0.868033
0	0.0347877	0.059439	260334	252735	-1.09456
0	-0.00459765	0.0455304	230432	227607	-0.965354
0	-0.024614	0.0173	245772	245047	0.330064
0	-0.0175048	0.283532	235092	56136	0.0189532
0	-0.040482	0.221564	257026	158346	0.536033
0	0.0169067	0.178184	250438	192417	0.0419693
0	0.0186151	0.176992	241770	209300	0.453334
0	0.0278864	0.152244	216550	191560	0.670602
0	-0.0215781	0.127961	231986	219589	1.42415
0	0.0231861	0.0778477	250786	242296	-0.357226
0	0.00127122	0.053256	229998	224796	-1.11034
0	-0.00459949	0.0365871	245470	242728	-0.26423
0	-0.0111042	0.258538	248274	58525	0.0169537
0	-0.0344874	0.241256	234852	125399	0.184922
0	-0.0109018	0.171465	259110	207560	0.227
0	0.040039	0.168572	222950	200164	0.187044
0	0.0231579	0.126311	235800	216932	0.621173
0	-0.0255031	0.112957	241642	230611	-1.92197
0	0.0364938	0.0452261	249240	246873	-0.306446
0	0.0088503	0.0525134	240904	238391	-0.152524
0	-0.042086	0.030838	255138	253723	-1.04191
0	0.029294	0.260788	231780	58872	0.026781
0	-0.00985389	0.211404	248076	149039	0.37877
0	-0.0215987	0.148051	254416	190971	0.758482
0	-0.000215377	0.156952	234038	197774	-1.61818
0	0.0228907	0.0929031	252398	233278	-0.638882
0	0.0022509	0.0970092	222432	208871	0.553338
0	-0.0260654	0.0416672	256686	252645	-1.37243
0	0.0080248	0.0527577	250966	248402	-2.0771
0	-0.0237863	0.0469801	245480	244102	0.0536448
0	0.0507131	0.236891	241332	62334	0.0270441
0	-0.00957941	0.234461	256196	157860	0.236442
0	0.0186181	0.189188	237552	179644	0.0496432
0	-0.0267647	0.175596	229778	198951	-0.198145
0	-0.00291796	0.105273	247198	227358	-0.907877
0	-0.0362768	0.11687	248512	238577	1.15433
0	0.0243241	0.0411335	243252	238323	1.67585
0	0.00588288	0.0751794	259594	256170	-0.103026
0	-0.00504716	0.0258797	253314	251396	-0.417945
0	-0.0308671	0.26956	242674	75002	0.143347
0	-0.0259374	0.24741	249202	147897	0.0135699
0	0.00939621	0.162465	252804	192813	0.166184
0	-0.0345838	0.215427	236134	195602	0.15523
0	0.0217744	0.140611	256248	237615	-1.60533
0	-0.017201	0.109674	247594	235853	-0.570755
0	-0.0441661	0.106536	228648	219865	-0.116847
0	-0.021497	0.0488592	250900	246772	2.54602
0	-0.0208929	0.0632239	244264	242081	-0.985442
0	-0.0238998	0.24983	243648	75276	0.0183323
0	0.00355406	0.273769	248928	140304	0.436862
0	-0.0343389	0.208488	248714	200932	-0.0419662
0	0.0132865	0.118999	257338	228152	0.154145
0	-0.0247991	0.173397	262522	233705	-0.634152
0	0.0541612	0.0749723	234200	222305	2.92269
0	0.0235963	0.0378305	252930	248272	0.876123
0	0.0544719	0.0607979	253024	246320	-0.785081
0	-0.0425001	0.038508	235010	232914	1.67288
0	-0.000109775	0.231453	241738	73752	0.0963582
0	-0.0525687	0.250048	235374	125388	-0.361366
0	-0.0424146	0.197993	226292	167877	0.754087
0	-0.0375436	0.139366	234174	207337	0.535619
0	0.0033749	0.104909	247552	234322	-0.442748
0	-0.00488321	0.06968	240774	233160	0.89333
0	-0.0113063	0.070726	240432	234473	-0.116253
0	-0.00879511	0.0532417	239394	234584	-2.10739
0	-0.0107668	0.0501811	233394	231970	-0.35513
0	-0.0204041	0.251546	243420	60758	-0.001166
0	-0.00747701	0.247371	242770	147536	0.45327
0	-0.0335304	0.230796	233862	174194	0.117442
0	0.000198266	0.157938	244156	210419	0.650698
0	0.0294243	0.123943	252320	235588	-0.581234
0	-0.0233419	0.083294	237058	227058	-1.46134
0	-0.0147693	0.0930264	231488	223211	1.77517
0	0.0101308	0.0210266	256062	254320	-0.43723
0	0.0115774	0.0398196	236414	234806	-1.40401
0	0.0196319	0.261611	238064	71028	0.126996
0	-0.011827	0.219393	244358	128520	0.381729
0	0.0498032	0.256934	229672	156522	0.413536
0	0.0204496	0.146503	246216	223580	0.390655
0	0.0687181	0.13351	233752	214895	0.7487
0	-0.0421186	0.0777831	246354	232860	-0.0888129
0	-0.0428799	0.0632715	247806	242495	-0.599752
0	0.00121143	0.0536794	262926	256115	-0.0866952
0	-0.0120634	0.0145783	241180	238888	1.00126
0	0.0242947	0.254848	244398	68603	-0.122007
0	0.0196553	0.23254	238470	130236	-0.124211
0	0.0559438	0.195702	241898	185942	-0.325932
0	0.0105336	0.154865	242942	207444	0.169514
0	-0.00392952	0.110392	244366	228224	-0.556994
0	-0.00105198	0.0936047	246574	238576	-0.797674
0	-0.000631021	0.060455	259974	255378	1.44871
0	0.0166718	0.0734702	233524	231542	-0.428349
0	-0.00986892	0.07475	249622	246908	0.16356
0	-0.0132342	0.216764	231690	75000	0.100764
0	0.0474347	0.215208	243380	151846	-0.219622
0	0.0300455	0.178729	241246	181949	-0.103933
0	0.00769616	0.143384	231870	206834	-0.88637
0	0.0104003	0.155594	227116	202722	-0.549783
0	0.0347309	0.0864588	244938	231847	-0.257333
0	0.0312437	0.0459052	250986	245174	1.14224
0	-0.00483534	0.0655593	224700	221474	-0.625022
0	-0.0310249	0.050049	245666	242363	-0.662912
0	-0.00568123	0.276383	232388	52662	0.00712808
0	-0.00590961	0.222606	242528	131394	0.00416673
0	-0.0300884	0.202887	239734	174406	-1.07593
0	-0.0207199	0.200979	223840	185757	-0.549163
0	0.0323229	0.0975841	228750	213528	0.716331
0	-0.0146791	0.121178	247314	230652	-0.503422
0	-0.0168361	0.0595458	241528	234486	-0.0623926
0	-0.0237642	0.0378084	232272	228920	-1.80789
0	-0.0124119	0.0497754	233104	228365	0.76383
0	0.0363002	0.269658	238848	65038	-0.0141757
0	-0.0177555	0.210939	232222	143483	0.460559
0	-0.0352508	0.166814	248136	195883	0.521483
0	0.0142362	0.135316	221798	192634	-0.148286
0	0.0328269	0.08883	236496	224618	-0.164752
0	0.00857424	0.0740206	250354	235142	-1.39615
0	-0.0371982	0.0389125	239246	235269	0.350948
0	-0.0129619	0.0386046	238570	233226	0.972649
0	-0.0424949	0.0329346	243556	241596	0.031001
0	0.00964849	0.230874	251548	70734	0.0327147
0	-0.0254235	0.247401	235300	133879	0.330546
0	-0.0227978	0.233417	235508	170690	0.18188
0	-8.48153e-06	0.160091	227560	195649	1.72822
0	-0.0181165	0.121146	234784	216566	0.0285207
0	0.0216397	0.054559	250724	243505	-1.02395
0	-0.00895539	0.0533158	252872	249168	-0.327957
0	-0.0251274	0.0868483	246100	240281	0.564075
0	-0.0273469	0.0531926	244192	241014	0.7908
0	0.0403484	0.255681	246902	70502	0.100759
0	0.0315159	0.186319	239176	139467	-0.12529
0	-0.0236715	0.169057	245328	186975	-0.307328
0	0.0360721	0.193229	238092	200367	0.524308
0	-0.00708521	0.124178	229930	212963	0.245928
0	-0.0070576	0.0947754	255412	236730	0.675707
0	-0.015953	0.0688076	241046	238138	-0.706135
0	0.0361157	0.0472772	243968	238242	0.843421
0	0.00899059	0.0386386	248708	247863	0.77206
0	-0.00619438	0.212067	233272	71107	0.0862478
0	-0.0384828	0.24197	228188	143158	0.455683
0	-0.00189807	0.197223	240664	172007	0.201971
0	0.0105254	0.128816	238620	203933	-0.490766
0	0.0104348	0.126221	257778	232757	-0.828022
0	-0.0139477	0.0636857	240702	231593	-0.364625
0	0.0184164	0.107435	242660	234623	-0.0185259
0	-0.035711	0.0535822	258996	255490	-0.718547
0	-0.000623046	0.018803	243232	242231	-1.36488
0	0.0120257	0.277184	252860	62319	-0.103443
0	-0.0161719	0.216345	248792	140771	0.287381
0	-0.0100875	0.200303	241858	186411	-0.775365
0	-0.00988958	0.163856	244198	213676	-0.320739
0	0.013013	0.132131	236276	218609	-0.606055
0	-0.0443193	0.0932049	248284	239232	-0.387066
0	0.0232271	0.0540198	233672	227291	-1.12124
0	-0.022907	0.0557558	249990	248255	-0.729308
0	0.0222596	0.023042	238010	236301	0.512174
0	-0.00301016	0.229324	239776	73958	-0.0267676
0	0.0444054	0.236139	231092	139559	-0.464087
0	0.00588236	0.227952	222506	157734	0.561225
0	-0.006648	0.129278	235142	206017	1.0623
0	-0.0357377	0.13603	236920	219256	-0.299824
0	0.0314109	0.0839982	236934	228572	0.829965
0	0.0485652	0.03361	247068	243557	0.101554
0	-8.93769e-05	0.0547946	251450	247174	-0.592158
0	-0.0130077	0.0387342	234788	231293	2.30495
0	-0.0237689	0.209204	234768	70723	0.0262444
0	0.0262882	0.223751	247054	139277	0.438975
0	0.0284628	0.185296	238698	174316	-0.429731
0	0.00811073	0.104063	242746	219038	-1.324
0	0.040203	0.102063	248232	224217	1.47122
0	0.0148504	0.102961	244888	234986	1.48169
0	-0.00686331	0.0474515	235038	232587	1.63033
0	0.0097111	0.0703397	249738	242063	0.77969
0	-0.00236541	0.0392715	253504	251936	0.963428
0	-0.0326217	0.254726	239268	79204	0.0933417
0	-0.0293607	0.213929	241754	147996	0.0120745
0	-0.0023938	0.159159	245456	190320	-0.720346
0	0.0528733	0.134659	238608	211229	0.319063
0	0.0336241	0.0989834	245618	228078	1.09376
0	0.0317063	0.089789	239316	233276	-0.00061736
0	-0.0285554	0.0808134	244226	239471	0.151401
0	-0.0365109	0.035887	234812	231581	-1.57269
0	-0.0341056	0.0451434	254576	252364	0.177129
0	0.0600785	0.232283	241904	77419	0.161524
0	0.0154028	0.254185	231694	125633	-0.444649
0	0.0283948	0.216075	246166	191621	-0.302748
0	0.0301481	0.154308	255314	221199	-0.83812
0	0.0757496	0.0776613	232634	214837	-1.67323
0	-0.0031448	0.06198	234672	226878	0.558229
0	0.00576593	0.032457	252374	246340	-1.84803
0	-0.0166102	0.0293269	248732	245667	0.923812
0	-0.0110263	0.031783	252438	251289	0.285849
0	0.00524741	0.209251	244518	69373	0.0282057
0	0.0263282	0.227407	253000	151066	0.302614
0	-0.0453648	0.175316	252386	190157	-0.694267
0	0.0336876	0.157497	249258	216972	1.65497
0	-0.00327044	0.0955374	259918	244370	1.6333
0	0.0255291	0.0631928	245468	236203	-0.140459
0	-0.0262023	0.0427933	250568	245618	-0.366391
0	-0.0145109	0.0466661	249482	247249	0.55284
0	0.0189853	0.0375572	220116	217138	-0.501811
0	-0.0383294	0.255273	235426	61168	-0.0113004
0	0.00769276	0.23172	253078	159108	0.170222
0	0.0120208	0.16342	230182	181545	0.810872
0	0.0359329	0.189606	239416	198622	-1.52548
0	0.0494489	0.104537	243430	229295	0.938678
0	-0.0115358	0.0825238	233584	222718	-0.709384
0	0.0270695	0.0562538	247750	241109	-0.00127253
0	0.0136731	0.0907915	251452	247282	2.02393
0	0.0178775	0.0542985	248864	247304	0.25652
0	0.0255205	0.226648	239928	84075	-0.0262155
0	-0.0287632	0.252639	247192	138900	0.0822748
0	-0.0458097	0.241503	261534	197843	-0.388148
0	0.0345284	0.130101	249220	216852	0.830374
0	0.022677	0.14243	228658	207307	-1.16153
0	0.024435	0.144355	242418	226946	-1.70716
0	-0.0151452	0.0455137	236310	232224	0.926287
0	0.0316391	0.0402742	239268	237304	-0.720313
0	0.0285429	0.0562069	248564	246329	-0.0502313
0	0.0283231	0.248281	248604	69468	-0.0560662
0	0.0116508	0.225686	249746	153345	-0.239064
0	-0.00814077	0.180046	248924	186882	1.70704
0	0.0400213	0.156988	246236	214858	1.25575
0	0.00124063	0.122934	223518	210521	2.42241
0	0.0188085	0.0599731	251754	241014	-1.77936
0	0.024274	0.0560071	255040	250304	-0.0497199
0	-0.0227036	0.0294422	253844	251315	0.0613915
0	0.0209844	0.0433463	247080	241995	0.363689
0	-0.0456181	0.240611	227376	76697	0.0845277
0	-0.00151082	0.239955	234094	124791	0.00772246
0	0.0230189	0.220464	246474	186366	0.835676
0	0.0127888	0.167897	234850	194258	-0.282328
0	0.0133664	0.14156	259954	237759	0.67698
0	0.00762603	0.0909411	242078	229146	-0.00498729
0	-0.0493828	0.0586455	250354	245792	0.219827
0	-0.00725621	0.05023	251182	244295	-1.37102
0	-0.0047243	0.0379559	243168	241318	-0.320218
0	0.0154923	0.240857	226048	67355	-0.0897095
0	0.0192813	0.234406	246646	146041	-0.00654995
0	0.0301458	0.231055	236720	170065	-0.159714
0	-0.0192771	0.119085	241696	206396	0.656403
0	0.00624224	0.087622	241842	226132	-0.349663
0	-0.030855	0.061227	251418	240904	1.68648
0	-0.0484018	0.0247686	264980	261146	-0.467745
0	0.0346768	0.0340182	249118	245582	-0.265355
0	-0.00675003	0.0248288	233352	232003	-0.0344783
0	0.00381327	0.241477	247534	78984	-0.0783116
0	-0.0170499	0.233519	250636	149190	-0.369921
0	0.0594052	0.225554	235652	180861	-0.693869
0	0.0239735	0.150698	243814	204227	-1.61803
0	0.0268868	0.127018	250148	233434	-1.92803
0	0.0399455	0.0707684	260166	251410	0.145174
0	0.0306534	0.0350663	244678	241164	-1.51032
0	0.0182446	0.0618213	224046	219397	0.292384
0	0.0333424	0.0350245	255986	254643	0.10411
0	0.0150288	0.234217	257010	66036	0.0986926
0	0.0155714	0.234562	231620	140262	-0.221388
0	-0.0183371	0.128253	243948	200070	0.139657
0	-0.00266922	0.146206	243438	215529	-0.839379
0	-0.0185726	0.139296	234402	214733	-0.203613
0	0.0226735	0.108872	242782	231935	-0.46331
0	0.0198157	0.0548979	254056	246489	-1.47606
0	0.00981804	0.0568087	231244	226567	-0.656268
0	0.0640665	0.0549537	251478	249095	-1.19332
0	5.9873e-05	0.266211	233796	63574	0.0345217
0	0.00108242	0.215583	256122	153329	-0.673416
0	-0.0395983	0.178358	256686	196682	-0.745454
0	0.0139472	0.169746	230318	195473	0.86087
0	-0.0388103	0.0981567	261604	250656	0.664209
0	-0.0055241	0.109078	221590	210840	0.00669177
0	0.0236692	0.0943013	255514	251556	-0.331069
0	-0.0227884	0.0759433	258322	250004	0.499953
0	-0.0360724	0.0354531	253516	252266	-0.632713
0	-0.00600972	0.244578	246066	74825	0.0632503
0	0.0392897	0.245217	251004	132815	-0.410957
0	0.0135795	0.21463	237508	179896	0.420858
0	0.0384056	0.166558	235400	198876	1.16561
0	-0.00682506	0.040696	227690	216944	0.98127
0	-0.0397102	0.113707	234792	223084	1.40983
0	-0.0284321	0.0921146	226360	216724	0.827934
0	0.0517844	0.0515975	258224	255438	-0.516342
0	-0.01353	0.0279181	255950	254400	-0.159652
0	0.0312453	0.22713	250058	74844	-0.217771
0	-0.00816861	0.226652	216394	124124	0.343792
0	-0.016304	0.162834	235476	183442	0.375033
0	-0.0402124	0.17509	252648	217188	-0.447424
0	0.000977971	0.109753	241622	220726	-1.08804
0	0.0293863	0.072647	247414	241910	0.686896
0	0.00699908	0.0656948	225504	219336	-1.18347
0	-0.0177917	0.0551908	224922	220553	0.389432
0	0.0444124	0.0125497	248178	246470	1.40536
0	-0.0114593	0.284115	245370	61683	-0.168743
0	0.00539172	0.250064	243656	124824	-0.3966
0	0.00635393	0.201961	246116	186030	0.421324
0	-0.0103883	0.150552	239078	211332	-0.00196635
0	0.00664018	0.153548	231542	211092	-1.32837
0	0.0176089	0.0759962	258712	250379	-1.29002
0	0.0212373	0.0586777	248180	245575	0.739997
0	0.00116529	0.0480539	253756	250412	1.52373
0	0.0380954	0.0525636	253490	249807	-0.274339
0	0.0115852	0.226712	256128	89075	-0.0111379
0	0.0281627	0.236424	251092	151214	-0.37658
0	-0.0677791	0.183452	237096	180549	0.798479
0	0.0355794	0.101355	252122	218474	-1.57113
0	-0.00466002	0.0971201	226606	215811	0.284578
0	0.0251419	0.0721039	248348	237114	1.16899
0	-0.0695248	0.0279843	239794	236464	-1.62083
0	-0.0447387	0.036519	251572	245365	-1.97143
0	0.00442217	0.0495325	244778	243418	-0.0623228
0	0.018567	0.218237	241902	80104	0.075182
0	0.0104416	0.250301	253252	139678	0.175474
0	-0.0283513	0.16884	237712	187944	-0.704869
0	-0.0154267	0.131148	232632	202385	0.744131
0	-0.0117381	0.0964105	240250	222732	0.00324618
0	-0.0169905	0.110596	221780	209498	0.650224
0	0.000591526	0.0901638	249596	240303	-1.83756
0	0.00832252	0.0493925	257974	254430	-0.343473
0	-0.00241556	0.0377646	260862	258144	-0.601532
0	-0.0255533	0.242267	244100	68402	-0.0633182
0	0.00368607	0.227112	257346	150923	0.0926801
0	0.0677438	0.240387	245648	190765	-0.747855
0	-0.0139722	0.143251	243068	203317	-0.0214308
0	0.00956355	0.112366	240480	217802	1.01224
0	0.0474242	0.081128	244828	236714	2.60136
0	-0.00334207	0.0549404	249798	244021	0.48462
0	0.0642641	0.0703914	230938	227709	-0.291789
0	-0.0719763	0.0268849	241948	240716	-0.78054
0	0.0469986	0.229681	247294	76847	-0.00864502
0	-0.0248738	0.2467	254880	158670	0.142707
0	0.0159786	0.212808	237156	180548	1.40814
0	0.0159936	0.131136	251114	219289	0.880857
0	0.0408874	0.111352	257192	239406	-0.305099
0	0.0328962	0.108261	238132	224247	0.237567
0	0.0147743	0.049614	244524	240763	-0.960292
0	0.0277727	0.0509782	231678	229431	0.440785
0	0.00891762	0.0413371	241860	239109	0.058677
0	-0.0174675	0.245742	246638	71382	-0.132204
0	0.0218396	0.223396	231086	139129	-0.192396
0	0.0573004	0.226615	234716	176521	-0.128151
0	0.0457796	0.133812	239838	212920	1.59329
0	0.00476109	0.0987391	239956	227500	0.177723
0	-0.0579302	0.11352	227194	219127	1.02575
0	-0.0103156	0.0694811	247718	241681	0.258399
0	0.010211	0.0789484	247340	242788	0.191802
0	0.0364203	0.0229828	261850	260539	-3.85703
0	0.0327689	0.252303	242418	76391	0.0213157
0	0.0431329	0.227506	240140	139548	0.423449
0	0.0465746	0.195613	231882	170852	-0.0699945
0	-0.0217675	0.136122	245722	217603	2.11264
0	-0.00239184	0.12105	240834	221830	-0.714965
0	0.0198334	0.106966	238626	227021	-0.11029
0	-0.0111459	0.0841702	240314	235074	0.121184
0	0.00272147	0.0553206	257092	253603	0.571857
0	-0.0266614	0.0550981	247140	244064	-0.237487
0	-0.0054339	0.3049	242968	57677	0.00248841
0	0.0165619	0.239592	248660	133792	0.0503424
0	-0.0133866	0.183061	247954	200238	-0.166566
0	0.0289264	0.120541	249742	218058	-0.217938
0	0.0333802	0.10985	249886	228900	-1.2859
0	0.0306844	0.0906515	256278	243573	-0.893905
0	0.0019697	0.0972637	239210	231494	2.22881
0	-0.0259655	0.0568664	236020	231391	-0.206547
0	-0.0779821	0.0403742	250768	249661	1.18167
0	-0.0267365	0.254164	233596	60747	-0.0353996
0	-0.0358983	0.260464	240992	145538	-0.00471063
0	0.0303452	0.223371	237814	183942	-0.937315
0	0.0363913	0.136794	235974	204379	0.161258
0	0.0396869	0.109967	237764	218977	-0.888631
0	-0.0264375	0.099709	246132	238221	-1.06934
0	-0.0167955	0.0806497	246188	239830	1.21598
0	0.0310883	0.0446934	249070	244586	-1.3019
0	0.0238348	0.0246604	259224	256579	-0.088736
0	-0.027526	0.276296	244306	65216	0.0118111
0	0.0230979	0.215828	244008	145780	0.221596
0	0.0270287	0.220812	241048	174212	-0.625901
0	-0.0091364	0.119443	237644	210642	0.28607
0	0.0728642	0.107179	236780	218275	-1.1298
0	0.00354059	0.0982802	222748	211048	-0.56599
0	0.0326333	0.0953712	252094	246779	0.901621
0	-0.0150152	0.0550619	252094	248161	1.23737
0	0.00210635	0.0194253	255682	255188	0.510556
0	-0.000936181	0.227673	247924	84965	0.074678
0	0.0201552	0.192021	227558	132468	0.23532
0	0.0102639	0.204732	229126	161410	0.428984
0	0.00784694	0.148188	240370	199659	0.277097
0	-0.000764874	0.115078	247874	230001	-0.431661
0	0.0236447	0.0970922	244744	238002	0.799999
0	-0.0432776	0.0579699	249312	245935	3.09738
0	0.0313771	0.0631672	243392	238453	-0.00113351
0	0.0106891	0.029659	248074	246638	0.198567
0	0.0201821	0.234524	259398	89386	0.0142026
0	0.00641623	0.245112	232814	133446	-0.0124804
0	-0.0364876	0.221974	238710	176273	0.29807
0	0.00814818	0.141267	228002	194766	0.526623
0	0.006537	0.169209	232362	217109	-0.808535
0	-0.000764946	0.091742	244738	231801	0.52064
0	-0.000284662	0.0864867	243770	239173	-0.534671
0	-0.014843	0.0388131	260000	256132	1.9314
0	0.0157553	0.0831861	233202	226539	-0.151996
0	0.025151	0.249522	247726	68884	-0.0189293
0	0.00399589	0.25361	238404	134239	-0.0565129
0	0.00596802	0.173529	251968	194272	0.407028
0	-0.00517206	0.198511	232882	205348	-0.785792
0	0.00176285	0.0907551	247104	230248	-1.38751
0	-0.0089863	0.10103	225734	216843	-0.129167
0	0.0260539	0.0728991	239674	234570	1.3469
0	-0.0214154	0.0479866	246064	242648	-0.547864
0	-0.0252016	0.0471285	233608	232282	1.97906
0	-0.00261366	0.258413	243156	67071	0.0782858
0	-0.0311017	0.210786	228390	132243	0.290876
0	0.000449835	0.245596	253460	194543	0.746331
0	0.00807185	0.122727	238408	195981	0.273046
0	0.00955642	0.103909	262846	247018	0.217434
0	0.058793	0.11288	247834	234814	-1.25897
0	-0.000438532	0.0606754	260868	254043	-0.289757
0	0.0216459	0.0939359	247828	242942	0.882296
0	0.038396	0.0406175	246786	246090	-0.149691
0	-0.0426989	0.276623	231630	66194	0.0533714
0	0.0267753	0.209467	237320	141926	-0.175441
0	0.0341585	0.193944	230274	171377	0.343543
0	-0.0257699	0.142511	235454	205706	0.0735369
0	-0.00155004	0.114512	245470	224730	1.40584
0	-0.00514014	0.0919112	239692	231241	-0.102278
0	-0.0217575	0.0514821	250406	243908	-2.26311
0	-0.0229155	0.0769101	208316	205020	-0.112931
0	0.00898768	0.0513457	246018	244955	1.80047
0	-0.0130566	0.268722	224794	73913	-0.0101188
0	0.0363985	0.259718	233356	129205	-0.106032
0	0.0121818	0.22667	241136	178490	-0.389033
0	-0.00770845	0.128017	245916	221486	0.117021
0	-0.0128736	0.0658731	254460	241694	-0.11159
0	0.00701209	0.117071	241576	230034	0.336882
0	-0.0929306	0.0786825	241592	233315	0.18554
0	-0.00914895	0.0590948	237828	233097	0.504469
0	-0.0137042	0.067284	244362	240904	1.40227
0	-0.0216189	0.253993	244008	74021	0.0253016
0	0.0150023	0.251223	254950	143690	-0.450084
0	-0.0328478	0.152388	222030	163274	0.599974
0	0.0141584	0.127017	240172	211473	-0.882428
0	-0.0373361	0.136679	247602	228795	-0.863907
0	-0.00692926	0.0686939	238876	234093	1.04826
0	0.00774164	0.0652526	254234	249341	-0.257815
0	0.0169477	0.0639177	252338	248260	-0.523364
0	-0.038282	0.024066	255290	253265	0.0665733
0	0.00231629	0.257494	243758	52351	0.0412546
0	0.00504104	0.2005	257844	153805	0.21637
0	0.0198673	0.203055	234096	172917	-0.357523
0	0.0216884	0.121425	247602	216762	-0.60652
0	-0.0447995	0.0886897	244086	226769	1.31489
0	0.0551019	0.122054	246936	235437	1.37316
0	-0.018507	0.0473042	254744	247947	2.22684
0	0.0214141	0.0481075	242712	239031	0.374876
0	-0.00616912	0.0341005	249710	247821	-0.339849
0	0.0100955	0.254066	241110	77492	0.00775771
0	-0.000788911	0.221506	228272	115934	0.266932
0	0.0399989	0.240217	241570	177021	-0.41853
0	-0.00287571	0.184363	251520	212294	0.434844
0	-0.0773913	0.156478	233208	212196	-1.09781
0	-0.0578551	0.0773908	244928	235907	0.95449
0	-0.0444928	0.093758	250288	242419	0.0753077
0	-0.013448	0.0520121	234910	231419	-1.12358
0	0.0362366	0.0236614	256168	253869	-0.917339
0	0.00693984	0.234513	252126	79087	-0.0418452
0	-0.0664252	0.226844	234714	132252	0.165681
0	0.020005	0.185916	236520	182499	0.440109
0	-0.0316353	0.16625	228610	203153	1.13344
0	-0.020846	0.0845145	241362	231290	-0.0514885
0	0.048411	0.0918991	238830	228316	1.30306
0	-0.0397948	0.0590262	243502	239199	-1.52492
0	-0.0287464	0.0497475	239038	236056	1.08585
0	0.0127494	0.0314243	242632	240590	-0.427758
0	0.00553882	0.217143	232234	63579	-0.0127847
0	0.015986	0.256743	227926	122872	0.0398943
0	-0.00267498	0.216083	250124	185901	-0.92421
0	-0.0113114	0.17066	252160	214066	1.11892
0	-0.0250947	0.110894	248774	230775	-0.257979
0	-0.0138525	0.0590815	256380	249031	0.239191
0	-0.041466	0.0584189	249444	240841	1.30015
0	-0.0232654	0.0603246	231512	229069	0.121681
0	0.0202342	0.0420613	244858	243638	-0.620862
0	-0.0241858	0.276356	218752	58294	0.0154532
0	-0.00014711	0.250323	250110	145691	-0.241189
0	0.0748384	0.188504	251536	191793	-0.781101
0	-0.0218236	0.148757	236002	204823	0.113671
0	-0.0441639	0.125176	253802	234164	-0.632131
0	0.0200421	0.0798738	243926	233927	-0.477849
0	-0.023111	0.065251	245430	240700	1.61642
0	-0.0224791	0.0713156	229486	226375	0.354904
0	0.0424115	0.0344183	257572	256810	-0.987071
0	-0.0133145	0.24172	244626	71099	0.032944
0	0.0467225	0.217747	233866	137655	0.230141
0	-0.0286294	0.196783	241320	181857	-0.388889
0	0.0377725	0.147166	249064	213875	-0.763983
0	-0.00759127	0.0840331	238156	224227	-0.676238
0	0.00983036	0.130241	242138	226939	-0.389404
0	0.00465633	0.078536	243218	234532	0.868711
0	-0.0185303	0.0395484	233390	231416	0.521148
0	0.00793641	0.0610189	253142	248583	-1.42733
0	-0.0164579	0.259455	243234	70141	-0.177444
0	-0.0522549	0.25645	252766	143811	-0.193159
0	0.018771	0.239063	229930	176843	-0.455522
0	-0.00386019	0.152721	229840	203013	-2.26023
0	-0.045974	0.115073	237100	220958	1.33228
0	0.0211577	0.103723	258552	241683	-0.663696
0	-0.0949333	0.0862657	239728	231440	1.13548
0	-0.0555457	0.0560358	240520	236491	0.0603466
0	0.00185371	0.0251224	249872	247707	0.783524
0	-0.000663004	0.216188	242718	81567	-0.0982706
0	0.0101169	0.239332	237740	124365	-0.335565
0	0.0409888	0.223842	238464	175127	-0.254615
0	0.00476017	0.174963	251678	212757	-0.484633
0	0.00436933	0.084683	238080	225393	-0.498587
0	0.00343606	0.0644384	253500	243164	0.459373
0	0.0358217	0.0868453	240686	234724	-0.575299
0	-0.0121049	0.0583733	209430	205374	-0.0956712
0	-0.00372322	0.0320202	236614	235110	0.427896
0	0.0383441	0.254602	239910	80636	0.00325078
0	-0.00767521	0.2008	238358	136332	-0.442533
0	0.0388776	0.226574	236352	167690	-0.374394
0	-0.0332841	0.151755	231776	206973	-0.626449
0	-0.0208355	0.069322	249534	235727	0.438971
0	0.00231248	0.093626	228862	220808	0.216376
0	-0.00222598	0.0732099	259034	252426	1.19534
0	-0.0306681	0.0761876	241018	237454	0.705378
0	-0.00153926	0.00717497	251298	250436	-0.262292
0	-0.00300115	0.259887	236252	54665	-0.0305766
0	9.2202e-05	0.236576	231476	129497	0.345874
0	-0.0171457	0.163698	234198	180016	1.51431
0	-0.0183179	0.170414	233274	197426	-0.304624
0	-0.0160922	0.136684	243792	223982	-0.38087
0	-0.035955	0.0917427	241530	231258	-0.967631
0	-0.00468075	0.10135	228958	221702	-1.81948
0	-0.0365649	0.0653733	241428	238004	1.75927
0	0.00926514	0.0342462	246350	244914	-0.729066
0	0.0448907	0.229927	248254	75774	-0.0891482
0	-0.000824453	0.232783	243214	134344	0.268524
0	0.0267653	0.193479	248300	184335	0.592465
0	0.00887058	0.166526	244362	210869	-0.0536958
0	-0.0178157	0.136243	241608	215428	1.30929
0	-0.0122315	0.130312	226380	213607	0.177592
0	-0.0165643	0.0931821	239794	233617	-1.04489
0	0.0309046	0.0501871	236920	230018	0.253096
0	0.033379	0.0243542	249288	248671	-0.987022
0	-0.0360865	0.268882	239806	76115	-0.126473
0	0.0105828	0.251276	245286	124520	0.00602122
0	-0.0131721	0.222064	243518	167887	0.185772
0	0.00184763	0.169637	238798	200492	0.697142
0	0.00408917	0.144788	248610	227941	0.689447
0	-0.010597	0.056594	248402	240585	0.437194
0	-0.0630053	0.0710024	254952	243556	-0.354306
0	-0.0142226	0.037177	242150	238897	-0.209439
0	0.000114643	0.0341027	253774	251952	-0.00627932
0	0.0332913	0.262747	232858	70195	0.0338121
0	-0.0219389	0.231491	233500	131256	-0.355659
0	-0.0493146	0.240696	237982	174191	0.434673
0	0.0177659	0.120846	253278	214730	0.27999
0	-0.0340181	0.135182	237290	220264	0.0368689
0	-0.0134639	0.0745216	233548	223340	-0.391469
0	-0.0568209	0.0734581	254222	248875	0.252609
0	0.0100757	0.0563722	252364	247423	2.58264
0	0.0450897	0.0149436	235700	235109	1.45427
0	-0.0149627	0.214698	238416	75845	-0.0518556
0	0.0083963	0.233235	218602	136163	0.00145589
0	-0.0125778	0.176698	253746	193543	0.700002
0	0.0588574	0.130912	246484	212931	-0.478416
0	0.013188	0.0955947	248350	231728	-0.535607
0	0.032941	0.0907296	229352	220100	-0.349187
0	0.00320111	0.076125	252426	245700	1.81327
0	-0.0175701	0.0626018	227514	223157	0.643469
0	-0.00950892	0.040043	260544	259906	-0.111983
0	0.0189214	0.260577	244790	79253	0.136105
0	0.0137028	0.277781	234420	117487	-0.324286
0	0.0193525	0.197813	233742	178819	-1.00343
0	-0.0406836	0.182541	226626	191807	-0.0478023
0	0.0436126	0.0926684	252090	235582	-1.13229
0	0.0126847	0.120882	239702	229687	0.122367
0	0.0134056	0.0625239	253840	246296	-0.597431
0	0.0286269	0.0443284	247192	245022	0.231672
0	0.0200327	0.0300682	247290	246166	1.56627
