0	-0.0384064	0.250665	262136	77585	-0.254243
0	0.0191802	0.226582	263990	166794	1.91819
0	-0.00974447	0.187112	221072	164463	-3.58223
0	0.013762	0.136057	245624	195328	1.38751
0	0.0708249	0.152203	231134	194392	0.625394
0	-0.00910204	0.138531	245778	214261	4.57331
0	-0.0222982	0.132615	239220	203783	-1.96728
0	-0.0392619	0.107802	257164	229201	6.1921
0	-0.0277605	0.0670755	240430	211249	-0.924185
0	-0.0230033	0.286747	242226	74380	-0.0642295
0	-0.0105539	0.264364	248188	163514	-0.365682
0	-0.0196289	0.186361	242574	189846	1.33578
0	0.0541986	0.158748	229954	206678	1.36827
0	0.0336357	0.169337	244324	226833	-2.05296
0	0.0677951	0.143799	237094	218369	-3.842
0	0.00836642	0.145829	230398	214772	1.00431
0	-0.0162169	0.103506	230056	219916	2.40769
0	0.00605806	0.0795714	256972	252506	-6.29999
0	0.0114115	0.237203	251986	93228	0.245228
0	-0.000822988	0.217364	241984	155207	-0.924043
0	-0.0013769	0.211894	238026	189483	-3.22988
0	-0.029377	0.145644	244920	215492	0.0574241
0	-0.0217929	0.146008	230442	216052	1.18746
0	-0.0174044	0.138153	244918	229065	-0.423164
0	0.0221254	0.0924721	239494	225691	3.0569
0	0.0428331	0.0428487	250268	242888	-9.0453
0	0.00774033	0.0522204	242876	237169	0.213256
0	-0.0154409	0.232143	265058	123907	-0.0111762
0	-0.0251194	0.268709	245532	149507	-0.262954
0	-0.00649668	0.207886	236348	189410	0.507509
0	-0.024596	0.16585	229356	209905	-3.92648
0	-0.00748956	0.0888453	217830	205110	0.568178
0	0.00448905	0.0958195	239048	224108	-2.97426
0	0.0183637	0.0764337	226920	217940	10.2241
0	-0.035669	0.052816	245762	239882	6.2768
0	0.00909465	0.0514312	233200	225043	1.2335
0	0.0208943	0.265977	242396	82907	0.179513
0	0.00529975	0.208215	243228	164234	0.213823
0	0.0030724	0.223425	247358	197145	-0.355908
0	-0.0252865	0.157875	236740	199039	2.57139
0	0.0323551	0.122256	235636	217090	4.09369
0	0.0255554	0.0984608	237050	224785	4.0142
0	-0.0241108	0.101461	243156	231259	-2.83046
0	0.0111571	0.0724094	230716	223404	2.79271
0	-0.0133906	0.0224277	248336	244546	9.23435
0	0.0121566	0.295887	251298	77817	0.20574
0	0.03131	0.237796	236770	130421	0.254629
0	0.00725687	0.236122	238176	193825	2.6635
0	0.000841199	0.162013	232576	212362	1.03106
0	-0.00690749	0.140561	238828	219192	-2.42618
0	0.0326807	0.128892	247122	231709	2.70548
0	-0.00130591	0.0774755	239482	227680	-0.523018
0	-0.0191583	0.0334403	244464	237028	1.29201
0	-0.0093105	0.0225599	249148	245891	0.567718
0	-0.00390847	0.256206	244760	83273	-0.374776
0	0.0167996	0.261033	243030	136125	-0.123134
0	-0.000208003	0.221983	230790	169494	-1.00499
0	0.0526304	0.137715	244986	219774	0.49734
0	0.0260549	0.0928302	249996	234588	0.553537
0	-0.00804179	0.0736586	231736	219702	-4.6092
0	0.0101153	0.0653952	237434	227444	1.30027
0	0.0161453	0.0775762	235040	224251	2.77062
0	0.00969543	0.0382856	247738	242934	0.706685
0	0.0323931	0.255432	238066	79098	-0.216511
0	-0.0188569	0.208561	234840	139262	0.497413
0	-0.0037156	0.25312	255318	190118	-0.0659341
0	-0.00549726	0.189703	236892	204577	0.363195
0	0.00422059	0.118082	254814	233205	-4.97804
0	0.0394092	0.0867243	249606	237877	5.19326
0	0.0558113	0.068595	259272	250751	-0.429177
0	-0.0626135	0.0673818	228360	222442	-4.25024
0	-0.00964438	0.00922344	245330	244230	1.89546
0	0.00397372	0.25602	252754	91639	0.370362
0	-0.0345749	0.213042	231546	155611	1.6732
0	0.0230691	0.261343	249760	182675	-0.363703
0	0.0139816	0.187218	241576	214356	0.382064
0	-0.0613179	0.0537716	235648	226684	-1.36282
0	0.0166667	0.0748598	224878	213947	2.14626
0	-0.0162458	0.087951	248066	239602	1.63245
0	-0.00613184	0.0334176	249526	247329	2.22343
0	-0.0211337	0.00933957	223024	221973	-2.11806
0	0.0444946	0.237327	246654	49888	-0.265217
0	0.0285776	0.247589	244452	96238	-0.992905
0	0.0385776	0.242368	251980	122616	-2.6766
0	0.0152739	0.232367	245086	130021	-1.149
0	-0.0359661	0.199583	233978	139357	-4.72545
0	-0.0118012	0.14418	233646	155055	7.10984
0	-0.0203606	0.14207	242534	154259	5.49467
0	-0.00222148	0.118527	234650	154395	-5.21789
0	0.0210987	0.0829697	257958	180424	9.15562
0	0.0293584	0.241493	247388	90484	-0.234127
0	0.0545281	0.245836	245148	142185	-0.318937
0	-0.060184	0.181792	241798	183107	2.55314
0	-0.034382	0.177477	246256	197651	8.36319
0	0.0537895	0.172294	240484	192714	1.6481
0	-0.0133248	0.0812975	253872	226769	6.34139
0	-0.0356637	0.0748472	249894	226339	8.6307
0	0.0312015	0.0958595	240512	218475	-2.89544
0	0.0317709	0.0915499	238160	214053	6.88583
0	-0.00225937	0.227191	239554	86101	0.134869
0	0.000243918	0.260849	253200	144752	-0.150757
0	-0.0130059	0.209948	250414	200446	0.501355
0	-0.00158363	0.138816	228446	195770	-5.07088
0	0.0164959	0.167252	220394	190778	3.9285
0	0.00500451	0.16328	243142	223947	-0.118414
0	-0.0322473	0.0781997	227326	212763	-6.46354
0	-0.00689482	0.0566591	261266	253631	3.11039
0	-0.0409132	0.0906622	250602	241735	-8.17121
0	-0.00694083	0.280661	252844	67752	-0.106832
0	-0.0125125	0.251456	242994	137999	-0.466741
0	0.00353336	0.199854	230410	179671	-2.43432
0	0.00534961	0.151296	231514	209869	2.99031
0	0.0420926	0.138567	235768	218524	5.94877
0	-0.0220264	0.0621428	229918	219684	-3.15151
0	0.00209001	0.0805159	258740	246646	3.33515
0	0.0392189	0.0526152	241336	232876	-3.95544
0	-0.0366865	0.0264664	247116	242020	11.1244
0	-0.00254495	0.266095	254646	84671	0.137026
0	-0.0158667	0.218812	254130	155816	1.96407
0	0.0200453	0.156939	228238	183672	0.312433
0	-0.0115309	0.128329	238318	208654	1.2671
0	0.0033319	0.116037	239946	226023	1.33283
0	0.0151961	0.0825439	235816	224113	-0.235774
0	-0.0168528	0.0547654	258356	249142	-0.636597
0	0.0116152	0.0628305	245590	240038	-1.14567
0	-0.0377195	0.0366983	250224	245567	2.80122
0	-0.0466864	0.269024	244732	87438	0.165334
0	-0.0410081	0.230167	243276	168569	0.463978
0	0.0167358	0.21951	240526	181211	0.898199
0	0.0373231	0.156291	229952	196197	-2.1619
0	0.0209749	0.129166	240234	225782	-2.29858
0	-0.00778555	0.113841	247054	235519	-4.6805
0	-0.019252	0.0334284	246406	242047	0.87859
0	0.0180608	0.0373447	232688	227438	8.34651
0	-0.0432835	0.0183263	254280	250739	-2.39335
0	0.0041193	0.202707	252754	119054	-0.176474
0	-0.0192689	0.252014	251622	159323	0.354357
0	-0.0413901	0.196584	241814	192196	-0.966497
0	-0.0106782	0.162363	235516	203686	-0.521729
0	0.0132737	0.122567	235806	218594	0.678068
0	0.0310643	0.064376	238414	227812	-0.642437
0	-0.00428644	0.0583165	245922	239766	-2.20663
0	-0.0169426	0.0526476	251826	246178	0.147749
0	0.0217454	0.0293869	241388	238720	-1.7348
0	0.0052279	0.261222	239524	80178	-0.121353
0	0.0580043	0.220838	234630	160857	1.12591
0	0.00507194	0.184698	229964	181803	-0.0437597
0	0.0104626	0.145035	239528	203655	-3.41962
0	-0.0020194	0.104928	245376	226230	-0.875698
0	0.0203831	0.0818625	235714	223169	-6.72132
0	0.0515311	0.0667761	250694	242349	-6.11759
0	0.00218934	0.0448037	251804	246027	-3.00145
0	-0.0512486	0.0230252	225916	223155	8.32046
0	-0.0176216	0.283663	260940	82209	0.0539938
0	-0.0417818	0.227796	259978	185561	0.92599
0	0.0139816	0.204363	248610	205957	0.919503
0	0.018576	0.193266	242080	212809	0.465058
0	0.0352596	0.148402	239944	215833	-1.54138
0	-0.0151681	0.119825	237862	224119	-0.498846
0	0.0184381	0.0844299	242658	233954	1.06716
0	-0.00853334	0.0408811	250658	246861	1.83103
0	0.00306862	0.0357897	255304	250413	-2.56467
0	-0.0133248	0.258671	259214	29582	0.683135
0	-0.0302245	0.250074	256964	68216	-1.09394
0	0.00934408	0.224923	240580	97289	-5.84675
0	0.0322602	0.232576	237902	94334	2.5207
0	0.0145933	0.182843	238860	109345	3.19054
0	-0.0634026	0.169528	219950	109455	9.44787
0	0.0220127	0.111489	246944	126141	4.03788
0	0.0371169	0.113706	242596	130028	-8.63249
0	-0.0340338	0.119094	238094	128482	-3.45758
0	0.0273788	0.261564	249796	53253	0.601339
0	-0.00434066	0.220264	259488	118600	-1.2752
0	-0.0240629	0.194245	241202	150383	1.49775
0	-0.00915213	0.202296	232112	151494	1.06285
0	0.0235363	0.139183	236284	177771	-0.832534
0	0.00304376	0.115146	239328	182815	0.315479
0	-0.0142097	0.0779825	228914	171900	-4.92916
0	0.000346003	0.0803655	246392	196767	0.22654
0	-0.012613	0.0598436	238596	196356	-3.29837
0	0.050722	0.235641	257844	79472	0.0243756
0	-0.00813054	0.23891	253474	147422	-0.198219
0	0.021339	0.192513	231596	173415	-0.766627
0	-0.0250932	0.191818	239568	190590	-0.699587
0	-0.00241159	0.144517	231170	197037	-1.05979
0	-0.0407657	0.156549	252822	212939	2.50098
0	0.0253854	0.0479263	257170	241446	1.35746
0	0.00802202	0.1039	242496	219999	-0.744767
0	-0.0189032	0.0302386	243076	226679	3.73886
0	-0.0314874	0.270367	248672	87449	0.329449
0	-0.026994	0.246888	253436	158380	0.330533
0	0.0109985	0.186764	242322	189203	-0.314501
0	-0.0311247	0.209575	245920	202809	-0.882521
0	0.0399959	0.149259	246988	220196	-7.07178
0	-0.0156839	0.126186	238198	218649	-1.02587
0	-0.0439279	0.0980787	242290	229085	-0.188311
0	-0.0446867	0.0663463	224478	210702	9.50294
0	-0.0201599	0.0683957	233380	221069	-1.20535
0	-0.0239549	0.250402	255890	100751	0.0348648
0	0.00237817	0.27922	243198	141725	0.78963
0	-0.0236551	0.192217	245784	193714	-3.24712
0	0.0234835	0.12917	224626	205397	-2.90496
0	-0.0354495	0.208651	246178	213836	2.56099
0	0.0549444	0.0773081	236254	222839	2.68775
0	0.0313128	0.0581061	233012	224037	-1.43883
0	0.038926	0.0848262	245200	229970	3.8787
0	-0.00803477	0.0459963	246854	239646	-8.66671
0	0.000105625	0.231946	250276	105168	0.0317381
0	-0.051202	0.252487	238126	153961	-0.771361
0	-0.0415072	0.200468	236910	191228	0.481863
0	-0.0306128	0.145254	230922	206019	-1.54364
0	0.00284969	0.11233	250164	230482	-0.285186
0	0.00155965	0.0866067	256494	244698	-1.03953
0	-0.00871654	0.0542189	240274	233509	-0.89319
0	-0.0253929	0.0371372	259108	254776	2.87195
0	-0.002844	0.0462145	245064	242015	-2.73198
0	-0.0200998	0.251505	261910	81039	-0.0924466
0	-0.00744606	0.252154	254610	166590	0.443984
0	-0.0291579	0.20994	248866	212240	-1.19431
0	0.000416994	0.155654	247190	220826	0.58508
0	0.0255519	0.109739	258498	241712	0.58049
0	-0.0339681	0.0733455	239944	233015	1.72653
0	-0.0201416	0.0884816	247458	239587	3.38687
0	0.00125397	0.0188193	256264	252639	2.22581
0	0.00221936	0.0317112	255192	249430	1.4034
0	0.0200337	0.261927	245728	78475	0.00644963
0	-0.0146853	0.223351	233286	138652	1.23924
0	0.0468556	0.248903	261218	190476	1.2978
0	0.0220867	0.185115	253534	225482	-0.100462
0	0.0695753	0.139443	238926	218761	0.491532
0	-0.039608	0.0905588	243640	229387	-0.842011
0	-0.028472	0.0683463	237230	228078	-4.92213
0	-0.00290663	0.0473103	225994	217029	1.14872
0	-0.0160263	0.011638	236890	234914	2.19014
0	0.026066	0.255132	256722	87467	-0.65342
0	0.0208636	0.234707	243802	135057	-0.486689
0	0.0477974	0.181792	253294	205165	2.11801
0	0.00690939	0.149368	237800	209116	1.25677
0	-0.0100154	0.105291	235682	226471	1.26878
0	-0.00400241	0.110921	242210	232779	0.0874536
0	-0.0115291	0.0341814	247820	242903	4.71814
0	-0.00446248	0.0247081	246634	244096	5.91193
0	-0.00353735	0.0436012	246912	241987	-1.73591
0	-0.0133736	0.216569	233638	20232	0.142584
0	0.0393086	0.230339	266978	67008	2.2182
0	0.0376458	0.220776	241840	77958	-2.38401
0	0.0179252	0.204482	245896	89603	-3.95507
0	0.00227025	0.212681	237666	97432	1.88922
0	0.0596437	0.183605	246216	106722	-7.73117
0	0.0546208	0.133352	233228	104296	-5.8709
0	-0.000260395	0.144446	225898	105259	-1.99751
0	-0.0249997	0.110667	233018	114980	-2.47046
0	-0.00572753	0.27676	242948	47264	0.0210187
0	-0.00471996	0.228933	257386	112412	-0.352727
0	-0.0282903	0.237436	251236	122093	-1.61538
0	0.00442617	0.220422	246954	141677	-8.09299
0	0.00619935	0.133173	252852	157096	8.55339
0	-0.0457378	0.1635	244030	159950	8.81419
0	-0.0136867	0.105803	236266	160500	-1.00721
0	-0.0120653	0.0762081	247292	173793	-5.31755
0	-0.0233327	0.0451731	246212	175508	4.04008
0	0.0350279	0.269694	253318	69330	0.367502
0	-0.0287336	0.213391	256918	136270	3.75399
0	-0.0240851	0.185773	248660	165657	-2.82821
0	0.0152922	0.157313	228288	164625	-0.465094
0	0.0222986	0.108706	245886	199562	2.99371
0	0.012951	0.118707	261730	209352	-2.70918
0	-0.0246172	0.0470125	240214	207936	-3.42334
0	-0.00609952	0.0366477	236382	206467	-1.08608
0	-0.0215619	0.0439268	253458	220994	-6.24891
0	0.0108173	0.229927	254590	83765	-0.317934
0	-0.0250452	0.248778	257632	154804	0.217038
0	-0.0274163	0.219989	246458	171845	1.56742
0	0.017414	0.173111	236852	194619	-3.49852
0	-0.0155473	0.10202	241952	213106	-0.742218
0	-0.00708979	0.0790692	250080	227627	7.5949
0	0.000476367	0.06672	253888	232379	-3.15748
0	-0.00866487	0.0925941	236396	215109	-4.3747
0	-0.0262072	0.0566545	254764	236461	0.448911
0	0.0397924	0.255592	260134	97825	0.267551
0	0.0325334	0.187399	243268	152697	-0.430522
0	-0.0207931	0.177075	251726	196977	-1.17086
0	0.0405572	0.214701	240168	195212	-0.821204
0	0.0142567	0.146698	232266	206305	-6.15664
0	-0.0169244	0.121969	240888	216103	3.63576
0	0.0174661	0.0535827	252868	242154	-10.7319
0	0.0279545	0.0525318	242770	232686	3.29177
0	0.0134799	0.0399394	246262	238716	-0.574741
0	-0.0068135	0.21231	234436	94085	0.271985
0	-0.0365866	0.242568	245564	162544	-0.113195
0	0.0037214	0.186643	251916	200082	-1.48387
0	0.00652061	0.168845	234448	202516	0.710657
0	0.00725663	0.133356	237110	215562	0.125422
0	-0.0282139	0.0708239	241556	229777	3.91523
0	0.00235482	0.0820178	241554	230025	4.79994
0	-0.0167377	0.0596649	254300	244806	-6.41052
0	0.00560209	0.0144697	247180	242653	-3.23242
0	0.0112378	0.278116	251678	78042	0.132923
0	-0.0159404	0.216453	242968	145263	0.217933
0	-0.0020554	0.192977	228316	171480	-3.18499
0	-0.0133559	0.175177	248084	219176	0.719168
0	0.015588	0.121334	231792	208793	-1.37856
0	-0.0460953	0.0941039	246076	235222	0.145728
0	0.0121967	0.064953	243404	233511	2.18787
0	-0.0172855	0.0623982	248484	240084	-2.41577
0	0.00896558	0.0328097	257746	254639	4.50039
0	-0.0025416	0.229893	251998	97338	-0.167334
0	0.0435484	0.234322	247424	159689	-0.206978
0	0.0150096	0.210647	247430	194130	-2.17695
0	-0.0179501	0.124624	255222	231312	4.45293
0	-0.0403194	0.131573	245044	229677	1.07468
0	0.0150159	0.0762006	249100	240440	5.74849
0	0.0397843	0.0424052	246062	239156	2.73582
0	0.00354272	0.0497816	253236	247237	-1.68179
0	-0.0215552	0.0372629	252590	247166	4.86921
0	-0.0241691	0.209647	239084	73304	0.146316
0	0.0285015	0.225444	249146	151540	-0.225016
0	0.0312045	0.188702	243700	188649	-1.25224
0	0.00620239	0.119007	239462	222971	-0.751502
0	0.047998	0.102799	235960	214869	-0.867288
0	0.0287904	0.0809099	249014	242600	-2.70032
0	-0.00071747	0.0363877	250646	244321	-0.213427
0	0.00924517	0.0540906	239092	232702	0.91947
0	-0.0096689	0.019324	244116	241937	3.15448
0	-0.0317625	0.254842	253738	27884	-0.164433
0	-0.0325579	0.232159	247644	49079	0.97123
0	-0.000827307	0.196644	237462	58471	-1.1903
0	0.035821	0.219339	255730	70371	5.43475
0	0.0486216	0.200572	251154	85229	-3.40549
0	0.00830499	0.196885	242948	96069	7.01978
0	0.00393351	0.141507	261858	104995	-9.59526
0	0.0309777	0.129922	252322	101996	-21.8192
0	-0.0275162	0.109487	236266	103597	-1.79967
0	0.0613489	0.231462	267574	60101	-0.219592
0	0.000180576	0.259564	249636	76985	4.12201
0	0.0389147	0.246829	242678	114642	-3.45871
0	0.0191366	0.202944	254756	135667	2.46532
0	0.047043	0.125097	241786	137960	6.93874
0	0.0225832	0.13358	228840	142294	-7.16018
0	0.00798601	0.100058	236594	144902	-2.51405
0	-0.0190734	0.0672667	254800	168305	1.66278
0	-0.00866082	0.0675685	254068	165724	-0.423782
0	0.0061835	0.208984	268102	74398	-0.252622
0	0.0279447	0.232785	235920	108448	-0.182331
0	-0.0284498	0.199522	246130	142930	-5.76877
0	0.0613974	0.188648	252730	169215	-6.65799
0	-0.0266922	0.135741	244704	174410	8.65984
0	0.00108406	0.0793169	261248	201812	7.19305
0	-0.0508676	0.0907326	246550	191018	7.03321
0	-0.00455106	0.0685072	260034	201269	-2.43511
0	-0.00937256	0.0531584	240420	194083	8.00555
0	-0.0384018	0.256374	251668	64647	0.0104152
0	0.00792117	0.241977	258788	147545	0.101698
0	0.00236797	0.177279	239366	176838	3.70671
0	0.0249969	0.193609	233882	177647	1.75532
0	0.0445773	0.131137	250270	198809	2.40015
0	-0.0191338	0.117357	218982	178592	1.57002
0	-0.0236132	0.0876196	245006	210564	15.2035
0	0.00119422	0.0905725	245770	216340	5.7676
0	0.00195239	0.0365084	225720	203297	5.03405
0	0.0244845	0.227163	255748	97708	0.284584
0	-0.0272537	0.260694	255296	136150	-0.370587
0	-0.0518812	0.258211	257492	176136	1.4333
0	0.0412689	0.157306	242094	197818	-1.19179
0	0.0177516	0.120075	243634	210845	0.316097
0	0.0226343	0.139924	234622	198612	-1.16698
0	0.00976331	0.0434629	228526	212915	-6.54628
0	0.0272648	0.0484662	252280	236353	0.591988
0	0.0112555	0.0361466	251498	240429	5.13598
0	0.0282753	0.248672	231992	71746	-0.0417233
0	0.0125727	0.229444	256966	167178	-0.515635
0	-0.00711392	0.179478	261644	204972	1.39899
0	0.0401138	0.157351	222150	196425	1.228
0	4.10163e-05	0.137109	231980	209560	2.78229
0	0.0110259	0.0719202	243914	232795	0.555401
0	0.0247507	0.0812987	248876	231580	-0.192731
0	-0.0174868	0.0398794	256106	247466	-1.50365
0	0.0372083	0.0492821	245532	236014	-4.50347
0	-0.0447985	0.241566	230184	81937	-0.161366
0	-0.00489101	0.238934	249522	132183	1.02178
0	0.0228897	0.236694	234500	178603	0.874444
0	0.00890433	0.193962	239560	200888	0.883
0	0.00576174	0.145563	263616	238988	2.95839
0	0.0133433	0.08393	252132	236196	-1.72016
0	-0.0513596	0.0620573	243492	234209	0.812871
0	-0.00929805	0.0385223	241470	235322	-0.758472
0	-0.000495499	0.0157088	239754	236851	-1.58886
0	0.0155955	0.240543	235312	81508	-0.120681
0	0.0182367	0.233243	248816	157881	0.306809
0	0.0305846	0.241547	232942	175449	-0.29136
0	-0.0102427	0.115169	235494	205856	-2.05392
0	0.00929495	0.0814945	233102	215822	-1.26547
0	-0.0379631	0.0675755	245018	231464	3.81892
0	-0.0447709	0.0421316	229422	219211	-1.557
0	0.0430985	0.0392998	252160	248629	-2.79187
0	-0.0172455	0.0224012	246068	242307	3.11417
0	0.00480376	0.241525	256924	102823	-0.375459
0	-0.0200018	0.237279	270254	170353	0.515664
0	0.0676939	0.23116	233446	177505	-3.18049
0	0.0212108	0.155277	258400	226618	-0.789229
0	0.0425087	0.116932	239972	224042	-6.6146
0	0.0402868	0.0880551	259082	243818	0.0427757
0	0.041673	0.0420633	241942	233457	-4.81621
0	0.000849785	0.0526279	255520	246664	5.51083
0	0.0241127	0.0303249	249108	244155	2.87305
0	0.0139031	0.23616	270072	28174	0.436412
0	0.0189763	0.244462	237920	47937	-1.24285
0	-0.0210933	0.210571	253518	49211	0.966542
0	-0.0165568	0.207524	237772	67113	3.3269
0	0.00861753	0.216316	261294	79835	-8.36064
0	0.00283111	0.22812	248620	88692	5.48939
0	0.035936	0.142542	238836	88766	-6.31217
0	-0.00344939	0.212102	252002	86403	3.32396
0	0.0405212	0.165971	238816	94107	5.87025
0	1.34476e-05	0.266123	260360	35958	0.0484494
0	0.000301139	0.230198	260532	71920	-0.439032
0	-0.0407036	0.223115	243750	73747	-0.413864
0	0.00907264	0.222296	237892	102154	2.32325
0	0.0048038	0.162007	247562	122200	-12.42
0	0.013786	0.1665	246938	138557	-5.78634
0	0.00468775	0.131277	248804	145556	5.36336
0	0.0197716	0.105541	243808	143337	-12.268
0	-0.0361191	0.0763443	235158	139851	-0.618699
0	-0.00533129	0.245909	254722	61373	-0.14028
0	0.0360742	0.248415	254562	102369	0.553691
0	0.0160487	0.242058	251838	126612	-0.319909
0	0.017468	0.218668	236986	127696	7.44688
0	-0.0438915	0.0885493	239358	166258	12.1012
0	-0.0239239	0.154775	239330	166855	-3.32605
0	-0.00606556	0.106898	247584	178174	-5.88203
0	0.0414904	0.089311	241848	173759	2.57188
0	-0.0121726	0.0458621	252816	188388	-0.566885
0	0.0305755	0.228087	258838	68075	-0.0168135
0	-0.0155719	0.227771	250902	113384	2.56479
0	-0.011421	0.18618	247328	161311	-1.08988
0	-0.0360649	0.172844	258794	182354	-1.69168
0	-0.0163874	0.131949	251050	188814	4.12158
0	0.0449469	0.0889118	244668	199675	-3.98129
0	-0.0122198	0.0783622	263466	217629	4.58219
0	0.000306617	0.0784527	251638	208007	-5.04007
0	0.0300525	0.0296726	253518	217413	5.71336
0	-0.0107877	0.284935	260112	67905	-0.370243
0	0.0087377	0.254621	260004	130931	-1.40039
0	0.00835026	0.209852	256136	187215	-0.177576
0	-0.0154264	0.167672	232546	180507	1.50947
0	0.0200959	0.143716	239564	209564	-5.36508
0	0.0058507	0.057198	250238	223741	2.23744
0	0.0353899	0.0603389	231130	207373	-3.50578
0	-0.020953	0.0468317	248868	226962	8.15921
0	0.0121561	0.0608474	220334	199188	7.50745
0	0.0140698	0.229305	247288	93749	-0.75651
0	0.0297603	0.245051	247324	153090	-0.855855
0	-0.0667211	0.183084	246856	181079	0.481069
0	0.0265791	0.126169	235716	199920	1.12897
0	0.00582707	0.116198	239516	209251	-2.86155
0	0.0264143	0.0789327	246148	225065	0.787275
0	-0.0684751	0.0560473	249598	230790	-1.93574
0	-0.0488031	0.0509669	248262	233214	-0.752116
0	0.006591	0.0561629	227126	212813	-0.712973
0	0.0183317	0.219498	251038	97950	0.145768
0	0.0143859	0.25885	240676	135372	-1.00782
0	-0.0278381	0.16756	238108	179590	-0.858805
0	-0.012389	0.16519	230682	193952	-0.167173
0	-0.0195417	0.100779	241834	219389	2.34432
0	-0.0182464	0.116801	249020	227290	1.027
0	0.00814139	0.0636238	233690	217020	-4.10252
0	0.0196745	0.0349753	245028	236430	-3.74906
0	-0.00980314	0.0364381	244102	237182	1.61474
0	-0.0255047	0.241846	246392	89988	-0.0779088
0	0.00329517	0.235768	260104	148682	0.209951
0	0.0735713	0.247806	246626	188166	-2.4961
0	-0.0193917	0.202008	244496	197365	1.60443
0	0.00880323	0.134084	240348	214342	1.24034
0	0.04697	0.0647107	241786	231278	2.73764
0	-0.00485963	0.0424564	250470	242021	0.939887
0	0.0524121	0.0372886	251490	246304	3.2638
0	-0.0494534	0.0197043	244388	241219	-7.53742
0	0.0474425	0.230395	240772	80635	-0.141822
0	-0.0226161	0.257123	248206	160528	-0.534616
0	0.0201498	0.206968	242450	187954	0.156803
0	0.0102975	0.149729	259722	229546	2.58967
0	0.0353007	0.130211	250906	228172	1.3709
0	0.0283627	0.0937436	241914	224546	1.59763
0	0.0123893	0.0268337	238880	231412	-0.244798
0	0.0307373	0.028614	242330	237023	-0.448591
0	-0.012937	0.0262886	252486	248184	6.61506
0	-0.0193983	0.247256	239586	17492	0.44705
0	0.0189385	0.233879	255870	31448	0.677926
0	0.0608777	0.271337	266718	50806	-1.20134
0	0.0513282	0.203394	257104	59857	-0.0713075
0	0.0177558	0.180255	240656	69560	-3.72068
0	-0.0532994	0.230978	248122	69027	-0.363493
0	0.0175401	0.179574	245332	75402	-8.09832
0	-0.0237071	0.163548	258866	91543	10.3672
0	0.0282254	0.117201	260328	92872	-1.39857
0	0.0343768	0.252375	256554	32478	-0.461076
0	0.0489974	0.2356	273298	73968	-1.33589
0	0.0555927	0.228727	241842	87567	-2.77544
0	-0.0152506	0.229602	262714	100958	0.157544
0	-0.0340214	0.176514	244720	108203	8.7739
0	0.0274132	0.185394	262494	124967	-2.38422
0	-0.0366932	0.142658	254290	131603	7.78537
0	0.0190949	0.108967	230168	127867	-4.34018
0	0.015294	0.0786451	261064	141500	-12.8241
0	-0.00527559	0.305069	257082	43312	-0.0450042
0	0.0259089	0.243882	254082	87124	-2.75374
0	-0.0121558	0.220659	265282	121827	-0.535782
0	0.018355	0.186103	259154	152776	2.9535
0	0.0578498	0.181016	249042	152989	-8.62677
0	0.00883624	0.159584	240294	153289	5.66053
0	0.0169657	0.133217	248210	153762	-2.26998
0	-0.069818	0.105364	243418	160877	12.9492
0	-0.019615	0.0482491	244902	170761	-16.3284
0	-0.0264434	0.254906	269090	63907	-0.123328
0	-0.0394906	0.262242	250826	112266	1.07298
0	0.0266355	0.254856	224846	113751	0.175616
0	0.0234987	0.160797	254838	169310	4.02906
0	0.00810287	0.14531	246450	173664	8.58659
0	-0.048565	0.112227	226294	167827	5.56892
0	-0.0291043	0.099277	229336	174757	4.90862
0	0.0172389	0.0417573	253602	206730	2.85291
0	0.00770615	0.0266981	244954	202388	4.74985
0	-0.0286839	0.276007	245408	58847	0.359189
0	0.0334296	0.224538	255902	134074	-2.87791
0	0.0248101	0.241952	255970	151332	0.0396708
0	-0.0362654	0.137034	252460	194107	8.42478
0	0.061171	0.124194	246428	199521	2.37815
0	0.00119217	0.10205	224344	190834	0.138535
0	0.0238102	0.0996917	240928	208615	3.54853
0	0.0149362	0.0620037	255654	223679	-7.74806
0	-0.00222559	0.025285	251372	227445	1.81014
0	-0.00201142	0.22732	266864	97783	0.397249
0	0.0151588	0.196951	243300	133513	1.73427
0	0.015451	0.222396	239186	148907	-1.12714
0	0.0142031	0.199793	236586	166330	-1.62975
0	0.00789643	0.118808	260500	223167	-3.03005
0	0.031772	0.0792342	239556	216497	-1.6382
0	-0.0184519	0.0536671	243734	222230	-4.35032
0	0.0177622	0.0731046	245518	221584	4.08333
0	0.0153132	0.034166	229870	214060	-1.18866
0	0.020133	0.236203	253976	88205	0.0289228
0	0.011949	0.247615	240348	128240	-1.67232
0	-0.0284646	0.216549	241302	169701	-2.10884
0	0.00654566	0.176112	244346	202381	1.00738
0	0.024735	0.14349	255836	225326	-6.26795
0	-0.00901919	0.0847108	254296	229562	2.99691
0	0.00300806	0.101543	235518	210880	-1.52249
0	-0.0234042	0.0373788	239182	223534	4.49976
0	-0.00293023	0.0749265	233410	218540	5.45367
0	0.0258963	0.249358	243652	72334	-0.242525
0	0.00475811	0.256223	269366	144957	-0.28518
0	0.00245182	0.180981	243882	197834	1.46189
0	-0.0066612	0.185462	247400	216866	-0.33905
0	0.00589151	0.094166	247402	223603	-2.6261
0	-0.024146	0.0840913	250534	238922	4.41873
0	0.0226915	0.0700368	239444	226252	2.35561
0	-0.0297093	0.0161811	255336	249964	1.94029
0	-0.0276158	0.0262256	256592	250710	2.70334
0	-0.00250187	0.259187	241968	74423	0.0447491
0	-0.0313002	0.211295	256444	156667	0.350454
0	0.000255353	0.255326	254364	180225	0.804676
0	0.00053371	0.148694	254538	214029	2.53449
0	0.0179376	0.123707	253128	229613	-2.29693
0	0.0542079	0.124892	258790	234572	0.116561
0	-0.00856675	0.0526183	250944	240893	2.14871
0	0.00285429	0.0751008	251878	240739	6.51977
0	0.0498157	0.0221213	248906	243920	-3.57561
0	-0.0432647	0.277424	258862	14734	0.223124
0	0.0258943	0.222503	257416	28878	0.08887
0	0.0362263	0.239827	242954	35428	-0.276772
0	-0.0160613	0.217559	248072	53815	-2.83905
0	0.0171931	0.229832	227582	59414	-4.21709
0	-0.010407	0.231435	259166	55823	1.47778
0	-0.0499482	0.160592	239124	69029	6.1941
0	-0.0225264	0.175124	248212	66917	-0.229667
0	-0.000954205	0.185327	248624	67072	4.78303
0	-0.0114028	0.269661	241954	32246	-0.506267
0	0.0400106	0.2624	260426	56280	-1.18967
0	0.00982051	0.258631	244632	71585	0.319357
0	-0.00243373	0.195747	251946	87351	-1.4654
0	-0.0313673	0.176262	233438	91053	5.43653
0	-0.0124478	0.164532	248726	113335	6.17486
0	-0.0200183	0.146865	231480	109839	-21.6882
0	0.0051744	0.0699616	241392	118988	-3.79254
0	-0.0156246	0.0859816	258604	126381	1.97839
0	-0.0218988	0.25399	252148	42827	0.109286
0	0.0127179	0.260736	250750	72898	0.235218
0	-0.0283757	0.183128	256710	129153	-0.741646
0	0.0323992	0.167571	251378	134051	-6.35465
0	-0.0308416	0.180598	238218	126110	-2.81227
0	0.0238227	0.0976701	249788	161089	-8.17733
0	0.0228786	0.10806	240510	154838	-4.7989
0	-0.0140693	0.0585311	245548	158525	8.78171
0	-0.0212804	0.0212486	236702	155243	-5.03389
0	0.00183748	0.25717	238228	39171	0.184897
0	-0.000641864	0.20983	252140	112999	1.92124
0	0.0257759	0.225419	249192	138771	-2.13012
0	-0.00871575	0.146439	254262	170039	8.51474
0	-0.0070628	0.120337	248478	172720	-10.0061
0	0.0379339	0.126321	260414	189708	6.52358
0	0.00339264	0.0581326	249698	185204	-4.34305
0	0.0105516	0.0561335	239920	186500	3.63362
0	-0.019808	0.0218129	256958	201801	3.75181
0	0.0129637	0.253462	246598	76013	-0.852715
0	0.00666484	0.230838	245186	110045	-1.96919
0	0.0490096	0.266906	270582	143019	-3.12175
0	-0.00244431	0.201273	242692	164955	0.305425
0	-0.10871	0.175192	249354	181824	8.29782
0	-0.0703483	0.0948339	247768	201685	4.70246
0	-0.0455325	0.097903	255832	214376	0.387203
0	0.00684875	0.0568324	246852	207053	-7.2126
0	-0.00339456	0.0186618	254154	218151	10.972
0	0.00687714	0.233281	259718	66088	-0.0230341
0	-0.0671006	0.236044	254430	125179	0.368286
0	0.000149212	0.194257	268492	193354	6.39684
0	-0.0180144	0.182271	254160	194301	-2.95285
0	-0.0118631	0.104761	251714	215347	-2.74638
0	0.0579169	0.117637	234078	197627	-1.54871
0	-0.0356201	0.0719809	233368	202724	-2.77733
0	-0.0245137	0.0672263	246548	216850	-0.183947
0	0.0187115	0.0279587	223296	206003	-2.2164
0	0.00590691	0.216492	259860	70785	-0.123211
0	0.0129288	0.256598	246680	119965	0.957036
0	0.00926852	0.223794	247046	159998	-4.50726
0	0.000850887	0.19249	255988	193135	-2.52978
0	-0.00666077	0.120633	233976	199461	-5.78817
0	-0.00779559	0.0688069	240630	215952	-1.57788
0	-0.0521815	0.054955	247710	227375	4.51481
0	-0.0259047	0.0488113	246854	224760	0.913478
0	0.00348226	0.0515907	237836	223205	4.40471
0	-0.0236455	0.276862	251366	61802	-0.146639
0	0.00447805	0.256668	270830	139937	-1.62873
0	0.0665588	0.215216	241408	180832	1.70279
0	-0.0287538	0.162388	258402	210238	2.19274
0	-0.038934	0.169976	252574	215416	-2.2011
0	0.00888353	0.0940755	248336	221298	2.86972
0	-0.0315973	0.0595725	239118	226212	4.16229
0	-0.0209373	0.0469099	241996	229683	-0.10766
0	0.0439662	0.0202004	248078	239064	-1.45347
0	-0.0114035	0.241619	252828	65332	-0.540335
0	0.0465356	0.220473	253034	141995	0.2862
0	-0.0294498	0.205116	231874	167211	-0.142768
0	0.0435919	0.170741	238544	199203	-2.50981
0	-0.00437823	0.0848659	242316	220298	-1.64015
0	0.0326725	0.141403	240166	211109	-7.24205
0	0.01073	0.0669855	243352	230972	-0.95338
0	-0.0296851	0.01993	237270	232827	3.86759
0	-0.00295786	0.0495536	240772	233131	1.84095
0	-0.0148332	0.259961	247116	10295	-0.664839
0	-0.0517091	0.266877	252320	22618	-0.356899
0	0.0199858	0.272235	230498	21068	-0.819974
0	-0.00819342	0.232911	257248	46648	-0.960262
0	-0.0413128	0.252797	239684	59715	-0.0660757
0	0.00109068	0.210479	252566	50119	5.35642
0	-0.0918899	0.204228	268168	72850	0.222448
0	-0.0579329	0.157186	256006	75133	0.776491
0	-0.00098657	0.105061	247516	71006	1.63561
0	-0.00137346	0.217065	245722	21038	0.114866
0	0.00674238	0.247938	226908	38084	0.676789
0	0.0484958	0.248387	243458	58191	-2.5067
0	0.0167544	0.258521	266236	79616	-4.08289
0	-0.0018007	0.164198	241550	101015	1.35242
0	-0.0373527	0.1156	243794	105043	12.696
0	0.00542636	0.129178	235966	113123	8.54329
0	-0.0365145	0.118447	243204	112470	7.2272
0	-0.0449139	0.0719072	253700	123995	12.7851
0	0.0381853	0.255402	258668	48406	0.0508906
0	-0.0165805	0.206665	260910	96150	2.22906
0	0.0379631	0.250386	258352	93126	-0.100035
0	-0.0341405	0.203213	226812	102971	-0.369538
0	-0.0660217	0.116058	262920	153150	13.9948
0	0.00367649	0.130298	249422	136455	-0.192826
0	-0.0611965	0.0953752	251606	149379	18.8865
0	-0.0839297	0.129611	261948	163081	16.6839
0	0.00628177	0.0188192	255514	162434	-2.6086
0	-0.00482607	0.260283	265586	45999	0.5169
0	0.00243453	0.244619	251442	93904	-0.356824
0	0.00121775	0.199056	270082	129024	-3.99472
0	0.0117943	0.23034	227292	131087	-9.33827
0	-0.0744531	0.193186	240972	161076	17.1274
0	-0.0488924	0.116032	246886	171637	2.9136
0	-0.000857509	0.119696	231102	152890	-2.96645
0	-0.0531041	0.0667163	246124	179701	6.72103
0	-0.0121559	0.0390721	247774	185589	5.69724
0	0.0455833	0.230342	255520	60135	-0.296927
0	-0.00234761	0.238987	257596	114995	0.725471
0	0.0132344	0.219455	259562	156183	4.65174
0	-0.01183	0.23596	259110	161630	6.15649
0	-0.00166313	0.175207	247894	175157	-3.53648
0	-0.0318788	0.150509	251396	191228	6.07177
0	0.0109564	0.110825	256258	199387	-9.3011
0	0.0114259	0.0470258	247208	199596	6.09671
0	0.00124568	0.0266159	253234	214270	8.65299
0	-0.0376489	0.269481	257880	58143	0.342222
0	0.0149983	0.25309	259116	109354	-1.31863
0	-0.0106813	0.24615	258484	141324	-0.56147
0	0.0136798	0.20868	247750	163977	-2.85251
0	0.000360808	0.185222	251504	197346	1.80796
0	-0.00627952	0.0543296	254696	218603	-0.858046
0	-0.0647501	0.114771	241954	199112	0.169159
0	-0.0227969	0.0286066	259476	228979	2.36285
0	0.00862037	0.0257195	261806	234744	-2.558
0	0.0331648	0.263093	257308	63874	0.0717695
0	-0.0244946	0.23497	254814	134475	0.411039
0	-0.0579066	0.260205	243136	161523	3.01225
0	0.00506461	0.131464	242618	186780	4.09037
0	-0.0207605	0.169538	254306	211653	-3.94042
0	-0.0107947	0.0632737	258776	232315	-1.19223
0	-0.0548388	0.0622961	232478	210546	-0.342023
0	0.00424811	0.0589037	244462	224678	4.33091
0	0.0383912	0.0152631	233568	220120	3.46384
0	-0.0141255	0.215456	256770	71863	-0.303019
0	0.00856489	0.23792	243742	130072	-0.0491207
0	0.00262813	0.193426	251780	171143	-3.86176
0	0.0558919	0.143722	260722	213480	0.411223
0	-0.0014258	0.0966262	250780	224789	3.84853
0	0.0447776	0.0942102	244672	215760	-3.90017
0	-0.0124935	0.0840804	236038	214807	6.52166
0	-0.00932937	0.0394166	242418	229823	-1.82875
0	-0.000525612	0.0313605	251134	237150	-2.80698
0	0.0170575	0.260675	251904	72827	0.695282
0	0.015862	0.28237	246640	105409	-0.972032
0	0.0124113	0.212298	264056	196697	1.07892
0	-0.0314516	0.171672	254828	207922	-2.8174
0	0.0530509	0.102089	256184	232708	-3.9638
0	0.00446527	0.132582	254252	226337	2.5882
0	0.0184456	0.0615022	231298	216951	-2.10943
0	0.025914	0.0270847	246338	238700	1.04555
0	0.0129543	0.0255693	248550	241241	3.68977
