0	-0.0382938	0.251429	282300	65569	-0.288042
0	0.0250453	0.234152	281148	136829	0.158656
0	-0.0215005	0.202654	254668	181115	-0.0554286
0	0.0280794	0.191775	262748	197590	-2.90769
0	0.0666538	0.196135	260848	230655	1.8767
0	-0.00238677	0.214271	255754	207245	2.55873
0	-0.0356221	0.213738	271890	225674	2.02989
0	-0.0318245	0.190857	270896	244618	3.96089
0	-0.024093	0.157321	256710	237908	-2.02443
0	-0.0217932	0.287476	268314	72671	-0.427243
0	-0.0107316	0.270867	262216	143746	-0.312363
0	-0.018701	0.217807	259568	189497	1.05741
0	0.0623913	0.207607	270708	213249	-1.08955
0	0.0219359	0.224914	264492	229159	1.45697
0	0.059758	0.196379	261174	231427	-1.43086
0	0.0104781	0.172339	262644	249066	0.370807
0	0.00666449	0.15117	269240	260002	-4.45672
0	0.0194845	0.131318	269862	264139	-10.3279
0	0.0121263	0.237866	250986	83662	0.0307618
0	-0.00403938	0.225778	275740	161717	0.0408741
0	-0.00411856	0.242084	272730	205275	-2.40739
0	-0.0338496	0.184821	273464	225862	1.39922
0	-0.022067	0.210973	267550	237573	1.26969
0	-0.0174792	0.180671	277282	257125	-0.400706
0	0.0279236	0.13183	264638	249251	1.31745
0	0.0334505	0.0661186	249032	244291	-6.23051
0	-0.00427685	0.0485016	239466	234728	3.81841
0	-0.0149515	0.232629	272810	120463	-0.158001
0	-0.0231448	0.273766	271782	140586	-0.855347
0	-0.00555922	0.247839	266066	178528	0.226271
0	-0.0380654	0.204694	254106	207156	0.114355
0	-0.00184662	0.160894	254708	231567	-1.1247
0	0.000454841	0.115807	236166	221812	-1.764
0	0.0493367	0.0882059	247664	239721	0.932182
0	0.000630937	0.0659236	242264	237077	-4.6132
0	0.0213566	0.0551543	252226	245820	-2.44509
0	0.020529	0.266542	256342	80004	0.289125
0	0.00801912	0.219497	248440	145125	-0.601989
0	0.00447052	0.258764	268240	182712	-0.775343
0	-0.0115534	0.209076	258884	191937	-1.54854
0	0.0560005	0.168597	240394	216151	-2.99991
0	0.0286896	0.140195	252754	238799	3.07394
0	-0.00155587	0.100721	224344	215668	-9.59695
0	0.00402173	0.0677744	247664	241536	4.93332
0	0.00749005	0.0178228	248336	245486	2.97014
0	0.0122095	0.296	257782	75820	0.189883
0	0.0307077	0.239027	259322	136527	0.4353
0	0.0166881	0.257756	259436	178162	-0.165862
0	-9.27976e-05	0.189839	257402	228255	1.31126
0	-0.0222442	0.191368	267312	225731	2.17483
0	0.0280699	0.140066	248974	237948	4.0887
0	0.00467853	0.104242	250898	242741	-2.31835
0	-0.0265771	0.0361021	248564	244929	3.51766
0	-0.0137307	0.0228423	251112	248179	1.89378
0	-0.00480584	0.257321	273520	93829	-0.105563
0	0.0166133	0.266698	261540	119925	-0.0672361
0	-0.00793659	0.247892	261618	174753	1.31359
0	0.0514015	0.182516	267496	227192	0.866008
0	0.0168914	0.160886	265940	245330	3.30259
0	0.000812911	0.132404	264910	252099	-7.26561
0	0.0256236	0.0680184	251064	241227	-3.35221
0	0.0138791	0.0791777	245186	235974	3.45047
0	0.0174061	0.0484028	242964	235761	-1.60653
0	0.0326688	0.255914	260702	87842	-0.299229
0	-0.0191265	0.219028	259770	148154	0.578305
0	-0.00896438	0.273089	275614	181077	1.5087
0	0.000993599	0.245285	266854	232964	-1.58406
0	0.0042377	0.180238	261444	241233	-4.98317
0	0.0495135	0.143253	260388	245709	2.16196
0	0.0645215	0.0966863	245826	235048	-3.04223
0	-0.0532963	0.0826198	259876	255841	-7.0454
0	-0.0217393	0.0275057	237898	233987	5.52394
0	0.00395194	0.255854	269382	83347	0.376895
0	-0.0331687	0.219087	257880	148958	1.25134
0	0.01968	0.280065	268872	184837	0.653032
0	0.016294	0.220869	264504	220283	-0.311676
0	-0.0603965	0.122263	271248	254456	-1.63925
0	0.0146116	0.112596	250836	236563	2.76281
0	-0.0148088	0.108594	258974	252096	1.20132
0	-0.00185819	0.045591	237920	234391	0.94134
0	-0.0167681	0.0114068	239364	237949	-3.42773
0	0.0433125	0.236809	238838	44277	0.0894254
0	0.028282	0.253541	260556	82840	-0.9042
0	0.0368188	0.257995	267864	110304	-2.14895
0	0.00185527	0.247709	252998	113595	2.87658
0	-0.056568	0.230356	270880	144561	1.45512
0	-0.00839791	0.214576	260526	155255	6.08884
0	0.0135603	0.194304	269224	165038	-4.6816
0	0.0139102	0.217522	265798	178299	-10.0574
0	0.0515038	0.137761	273710	200605	0.0340926
0	0.027384	0.243316	264512	65401	0.358178
0	0.0497194	0.251281	272006	139111	1.12366
0	-0.0501074	0.202028	264466	180534	-0.469827
0	-0.0228412	0.228979	265080	195149	4.90097
0	0.0610707	0.214455	259944	203849	-0.536273
0	-0.00408292	0.145705	262166	223363	3.56881
0	-0.0072953	0.149933	266612	240644	0.120189
0	0.0390526	0.132037	268098	240711	-5.25079
0	0.0377071	0.130215	252870	231051	5.10496
0	-0.00199143	0.228488	252980	86109	0.0544893
0	-0.00412154	0.268614	276224	156229	1.15888
0	-0.0142819	0.236304	266980	187073	0.884158
0	-0.0200631	0.20336	266434	209530	0.472964
0	0.0283952	0.21199	259346	225145	0.358689
0	0.00251458	0.223702	252282	221071	0.628564
0	-0.029664	0.0907245	265152	251628	-7.23853
0	0.0103748	0.0625368	238324	230486	-2.07048
0	-0.0295922	0.0923766	230972	224568	-11.5675
0	-0.00695002	0.280435	281566	92200	-0.104076
0	-0.0138166	0.256868	260890	130570	-0.075488
0	-0.00284086	0.228918	261138	194299	-0.522054
0	0.00317246	0.207497	252216	219148	3.64346
0	0.0728075	0.191313	256328	219054	-3.26568
0	-0.0268787	0.0980272	266094	254927	-1.69583
0	0.000320549	0.119212	250740	241924	3.86599
0	0.0315017	0.0647253	257222	248217	-1.64028
0	-0.0536707	0.0325215	244460	239601	16.2196
0	-0.00303717	0.26585	264342	80122	0.284693
0	-0.0111837	0.231419	262000	134206	0.559167
0	0.0183466	0.193902	263994	188046	0.822049
0	-0.00457933	0.202452	255224	211421	-0.818368
0	0.0109076	0.167024	260288	225475	-0.939889
0	0.0100219	0.142806	265196	243810	1.31649
0	-0.0285948	0.0911001	252098	243246	2.88602
0	0.0134429	0.0638133	256934	252024	-1.69397
0	-0.0223426	0.0488648	241182	236936	-1.81185
0	-0.0464103	0.269236	279266	95669	0.0825135
0	-0.0376851	0.239606	258634	161210	-0.532907
0	0.0158781	0.233625	262492	192349	1.1555
0	0.0342705	0.202392	265352	207198	-1.24612
0	0.0141012	0.175069	269314	245019	-0.236479
0	-0.00706612	0.151999	245468	229898	-4.89633
0	-0.0154366	0.0655015	261634	255268	-0.266033
0	0.0264679	0.0392675	248296	243202	5.82439
0	-0.0285055	0.0292864	241612	236051	-6.82677
0	0.0029733	0.202373	275106	123878	0.167325
0	-0.0180088	0.256821	247822	149821	-0.0236696
0	-0.0455479	0.244997	259928	180831	0.280858
0	-0.0165242	0.201321	264032	211333	1.23206
0	0.0142641	0.164256	247828	228138	0.380941
0	0.0207661	0.111326	255774	242681	2.44701
0	-0.0160387	0.080571	261272	250927	1.31904
0	-0.00518468	0.0709063	242894	237292	-3.37964
0	0.0148171	0.0382208	253958	251129	0.343685
0	0.00497107	0.261086	269482	85476	-0.0443041
0	0.0599353	0.229942	255754	141715	0.546608
0	0.00560966	0.214017	250842	194534	-0.205077
0	0.00235389	0.193634	254582	205285	-0.987018
0	0.00507217	0.135486	259252	233539	-3.00317
0	0.0175134	0.124359	241322	223851	-5.86041
0	0.0421112	0.0828523	248884	240453	-3.29162
0	0.000493308	0.0551468	245864	239159	-2.49264
0	-0.0541832	0.023641	242162	240480	9.20084
0	-0.0172392	0.284009	271680	83932	-0.0607286
0	-0.0373177	0.232135	267706	177204	-0.413238
0	0.015174	0.234752	274938	211773	0.561802
0	0.0211726	0.258856	260134	201841	-0.313903
0	0.0271352	0.207047	251426	210504	0.895961
0	-0.00386814	0.14333	251470	235259	-3.88884
0	0.0282544	0.104034	245636	236362	-1.87773
0	-0.012742	0.0476086	235326	232522	3.09363
0	0.00247326	0.038524	234254	229855	-2.38606
0	-0.0109168	0.259559	256258	27731	-0.0392592
0	-0.0355089	0.253737	265170	66496	0.491358
0	-0.0138419	0.226292	267696	92000	1.10905
0	0.0419383	0.249327	255378	100886	-0.382741
0	0.0313321	0.219876	274518	110992	-1.83108
0	-0.0329841	0.222718	272484	128555	0.322328
0	0.0337353	0.158399	271132	144041	0.521107
0	0.0112439	0.187342	234562	112543	-0.870599
0	-0.0438062	0.19231	273542	120335	-0.52584
0	0.0287361	0.26128	274376	58926	0.194134
0	-0.00569223	0.221912	265738	121418	-0.86973
0	-0.0212679	0.217476	267704	157508	0.659254
0	0.00131017	0.228952	279776	168233	-2.07584
0	0.0447883	0.196644	263608	171294	-7.20815
0	-0.00602162	0.184754	267398	198633	3.03509
0	-0.00475186	0.13193	253024	198276	-7.7665
0	0.0125775	0.122248	276904	225207	-3.44291
0	-0.034172	0.13743	271562	214124	3.16936
0	0.0500371	0.237901	262886	82471	0.229852
0	-0.00765729	0.247496	263946	134194	-0.340194
0	0.025894	0.230808	236822	150110	-2.13313
0	-0.032193	0.253944	249486	176057	1.43036
0	-0.0125184	0.213716	270174	213463	1.97225
0	-0.0256908	0.182162	275262	237218	-2.02149
0	0.035914	0.103173	266268	249169	-1.80114
0	0.016589	0.0999457	263418	242767	-3.31485
0	-0.00520821	0.0488182	252120	236050	-0.369628
0	-0.0309017	0.270679	256502	81684	0.153712
0	-0.030772	0.251642	277716	146830	1.46394
0	0.0106983	0.215219	254312	175118	-0.224448
0	-0.0335795	0.26095	258614	197286	-0.14607
0	0.0102263	0.215941	258464	219204	1.8591
0	-0.0185558	0.156931	279198	258175	-0.164299
0	-0.0468421	0.14691	261818	243347	0.685932
0	-0.0100157	0.0783647	251948	240236	-0.898385
0	-0.00101086	0.0559696	260302	249958	-6.95006
0	-0.0239328	0.25113	255388	85659	0.0282341
0	0.00401286	0.281103	264000	132631	0.299222
0	-0.037494	0.236969	248474	170321	0.904543
0	0.0173508	0.182014	257436	224941	-1.06513
0	-0.0247412	0.272395	256630	204400	-0.651508
0	0.0433814	0.128771	265716	249227	6.15663
0	0.0174866	0.090649	251782	238330	2.70904
0	0.0295342	0.0839223	251558	242077	6.69625
0	-0.0235592	0.063126	256438	248231	-4.00937
0	-0.000110509	0.232533	262002	99435	0.0965782
0	-0.0526274	0.258606	263162	137528	-0.343758
0	-0.0389767	0.229898	258390	180177	-0.27728
0	-0.0358375	0.194626	247862	220211	0.0237751
0	-0.00328614	0.174256	262296	238498	1.55556
0	-0.00643527	0.113498	266642	254435	1.35895
0	-0.00403346	0.0976117	263372	254240	-2.29811
0	-0.0154376	0.0735279	271964	266055	-0.114649
0	-0.0192417	0.0505472	259046	255171	2.18732
0	-0.0196344	0.251778	267990	76935	-0.232085
0	-0.00682716	0.256218	246740	136549	0.258313
0	-0.0331587	0.26176	254338	181072	0.00593081
0	-0.00219888	0.207302	254398	218317	1.36984
0	0.0261791	0.206469	264444	235976	0.392321
0	-0.02831	0.102227	259190	249951	0.0291097
0	-0.0164389	0.14147	258342	245031	2.27606
0	0.00539332	0.0285865	255090	251104	0.984005
0	-0.0012751	0.0324312	252140	247008	2.45174
0	0.0197305	0.262016	267102	78722	0.0974143
0	-0.0118704	0.228545	254500	129599	0.394749
0	0.0463135	0.263129	260844	167482	1.46045
0	0.0211741	0.214046	270712	235259	0.173318
0	0.0630996	0.18675	261094	236068	2.43424
0	-0.0424174	0.145774	232996	205919	0.000811939
0	-0.0279028	0.10108	274788	262446	-5.0929
0	0.0094668	0.0504978	268080	261160	-2.56331
0	-0.00735788	0.0289283	238014	234525	-0.410397
0	0.0254766	0.255374	268602	82588	-0.47658
0	0.0191737	0.245808	269994	123911	0.0202762
0	0.0546778	0.232578	263108	189880	0.0538911
0	0.0161673	0.190475	275528	235249	-1.5206
0	-0.00507049	0.202008	267322	241613	-0.214704
0	-0.00747057	0.144032	263498	245138	1.1279
0	-0.00129372	0.0697661	265012	255533	1.64752
0	-0.00547146	0.035293	245702	242913	6.21463
0	0.00399589	0.0539573	268972	264162	-3.99588
0	-0.0133426	0.216656	257560	25875	0.133284
0	0.0470853	0.230965	267384	52542	-0.114813
0	0.0313337	0.217823	256278	60946	-0.490381
0	-0.000144554	0.220038	245990	87031	1.46585
0	0.00676939	0.235114	260370	101113	0.539475
0	0.0206942	0.249632	261866	98249	3.95367
0	0.042334	0.20445	266840	108156	-2.18484
0	-0.00149122	0.205622	256216	101076	-1.62826
0	-0.0366939	0.20172	260558	106367	1.03779
0	-0.00430017	0.277636	252610	35564	-0.407191
0	-0.00518249	0.234094	264560	92141	-0.213969
0	-0.0262502	0.252281	260874	120820	-2.22739
0	-0.0162321	0.260535	267928	133734	-1.89551
0	0.031376	0.19496	264728	152043	1.00039
0	-0.0250644	0.205317	277502	175063	2.61218
0	-0.00470003	0.163778	262488	176593	-3.70321
0	-0.0074865	0.140307	266172	190466	-6.6912
0	-0.00963853	0.12785	266896	193445	-0.0681671
0	0.0374554	0.269265	269830	64993	-0.360744
0	-0.0190069	0.220806	260602	129346	0.836001
0	-0.0364448	0.223315	278944	149459	0.879706
0	0.00659384	0.208234	251956	178590	2.14443
0	0.0383525	0.177097	245482	183635	-1.82244
0	-0.00529275	0.163077	268110	209039	2.76395
0	-0.030124	0.0925618	259282	219931	-1.77129
0	-0.0215854	0.10874	264336	225923	3.55969
0	-0.0247946	0.0745049	254176	224500	-5.27911
0	0.00894684	0.230385	270090	89031	0.243212
0	-0.025575	0.250629	269212	131230	0.375996
0	-0.021233	0.251249	275844	177793	-0.287573
0	0.00075467	0.222047	277398	202272	1.49928
0	-0.0135656	0.175768	249114	203369	-1.33675
0	0.0239015	0.12185	239702	213455	-1.70249
0	-0.0220054	0.125266	253792	238991	3.58704
0	-0.000233777	0.119306	255454	239616	-6.90403
0	-0.0341285	0.0721836	249964	236250	2.82529
0	0.0409196	0.25512	260168	67760	-0.0706118
0	0.0330954	0.195336	275904	150885	-0.599123
0	-0.0182741	0.219452	268196	191179	-1.92656
0	0.0413967	0.25066	262954	211859	-1.07306
0	-0.00859609	0.188228	270622	227770	0.699192
0	-0.00969564	0.167676	261330	229313	1.46712
0	-0.00331778	0.0887634	256170	244530	-4.49671
0	0.030958	0.0655155	265582	256028	2.39073
0	-0.00110313	0.0417526	257804	252958	3.80017
0	-0.00674961	0.213943	256282	83439	0.252818
0	-0.0355804	0.250052	278348	159016	-0.415052
0	0.00202117	0.223352	267592	200784	-0.973801
0	0.00526219	0.200025	258374	209618	1.08818
0	0.00855574	0.205591	267554	219685	-0.264311
0	-0.0325995	0.138653	266610	246545	5.23089
0	0.0335398	0.147827	271262	253093	-4.55556
0	-0.0350951	0.113611	258774	246854	-0.903326
0	0.00450937	0.0210248	265448	262053	-2.90461
0	0.0102289	0.278243	269338	78270	0.435585
0	-0.0157651	0.219613	261828	154276	0.165357
0	-0.0092315	0.217042	272690	199564	-1.03216
0	-0.0102414	0.222426	249172	203784	-0.215183
0	0.0159631	0.176544	260226	235785	-1.49108
0	-0.0372606	0.15874	258418	241367	-2.50468
0	0.0226395	0.10789	275400	268843	-0.944976
0	-0.0340258	0.0790233	252146	247061	2.60633
0	0.0233861	0.0400975	255936	253133	0.174236
0	-0.00384233	0.229622	274322	88789	0.222885
0	0.0439249	0.243391	257834	133015	-0.319936
0	0.0125646	0.245619	265000	180381	-1.44343
0	-0.0143737	0.169488	251580	221572	3.38001
0	-0.0479997	0.205393	242816	223272	3.37877
0	0.0277761	0.123036	252864	238752	1.92043
0	0.03787	0.0584438	256790	248607	3.31011
0	0.00787732	0.0620754	272990	265850	-2.98217
0	-0.0216247	0.036922	263468	259389	4.89007
0	-0.0243684	0.210065	260686	78880	0.206091
0	0.0294848	0.230587	263560	147210	-0.519998
0	0.0286305	0.211725	249186	170787	-0.480032
0	0.00386687	0.201288	239606	198505	-0.050847
0	0.0462647	0.143569	265698	234918	-0.347297
0	0.0199649	0.152651	259322	247441	-0.0526539
0	0.0111582	0.0662093	264500	260624	-3.77613
0	0.0159415	0.0573803	249570	244308	-1.08943
0	-0.0167633	0.0376792	247686	245108	5.28278
0	-0.0325586	0.255206	233948	15612	0.0743944
0	-0.0338429	0.229767	253468	56304	1.35675
0	-0.00631298	0.207997	254328	49505	0.455407
0	0.0524697	0.21715	264568	66618	0.44013
0	0.0207761	0.22633	266326	68471	4.94814
0	0.022394	0.242348	270338	79044	2.79309
0	-0.0279163	0.197233	253836	89249	-0.0403318
0	-0.0515654	0.188406	253502	83333	2.94367
0	-0.0262742	0.189685	232342	80231	-2.17227
0	0.0604665	0.232727	272188	43049	0.0451169
0	0.0132046	0.261351	240266	67006	0.214801
0	0.0272771	0.259012	263676	110399	0.0325638
0	0.0226862	0.225926	277060	131506	1.40046
0	0.074591	0.168574	250702	139517	-1.32566
0	0.00300821	0.170583	265070	150008	-1.28767
0	-0.0146949	0.164972	269476	149634	4.29022
0	-0.00395906	0.122967	263282	162259	-2.87152
0	-0.0263357	0.13435	245340	159287	4.87867
0	0.00649304	0.209718	266232	54701	-0.345484
0	0.0308001	0.236754	255466	102892	-1.03894
0	-0.0485924	0.215894	264158	142977	0.273996
0	0.0302834	0.224715	264054	163723	2.67623
0	-0.023899	0.202157	287992	177422	7.82186
0	0.0208015	0.140302	252336	181247	1.27783
0	-0.0305084	0.126488	272424	215663	0.925443
0	-0.0108492	0.115964	260856	203488	-0.545662
0	0.00388805	0.0825073	245840	198871	4.02736
0	-0.0379558	0.256031	269868	56460	-0.123393
0	0.0100592	0.244212	266494	134973	-0.539721
0	0.0231603	0.205735	251554	159038	-2.53097
0	0.0199811	0.25669	272450	167522	3.26006
0	0.0524945	0.169681	257454	205553	0.0249917
0	0.000296831	0.165245	259588	201373	-4.25918
0	0.022857	0.128299	256418	214991	1.26247
0	0.000165253	0.118732	273910	244505	6.07629
0	0.0157566	0.0788369	253518	230807	0.892786
0	0.024885	0.227507	247866	69620	0.164428
0	-0.0245101	0.263346	273576	131927	-1.19366
0	-0.0497995	0.269307	267000	149667	0.808784
0	0.033292	0.213251	254666	190861	1.20129
0	0.0239304	0.159046	261202	211673	-1.53754
0	0.0202367	0.20563	269560	229709	-0.447682
0	-0.00130356	0.100406	261886	235358	-3.22622
0	0.0173991	0.0753381	269096	253490	3.55169
0	-0.00319001	0.0686723	271602	259313	9.46965
0	0.0294951	0.248435	264728	65774	-0.407654
0	0.0107684	0.238756	274036	165388	0.0256721
0	-0.00837286	0.221997	263394	166462	1.77667
0	0.0391344	0.22343	251928	204775	1.52179
0	-0.00110066	0.197964	246600	219484	3.1248
0	0.0108822	0.1481	274374	248823	0.59851
0	0.0148748	0.127354	262086	240715	2.77004
0	-0.00908408	0.052164	261352	250819	-4.02446
0	0.0166304	0.0594804	250766	240007	1.6699
0	-0.0451583	0.241169	271420	98709	-0.0534119
0	-0.00162219	0.246373	239020	116756	0.0411321
0	0.0225718	0.256093	243660	169919	0.969814
0	0.0110951	0.229533	279756	221223	0.225758
0	0.00930501	0.218273	275168	226350	1.8954
0	0.00213279	0.139756	275602	253969	1.64298
0	-0.0500047	0.0789771	259742	249089	0.406401
0	-0.0211065	0.0742747	263530	257403	2.78407
0	0.00994685	0.0301856	262232	259052	-4.72156
0	0.0152439	0.24073	265644	80496	-0.0151888
0	0.0176092	0.241131	267654	150662	0.495059
0	0.0300767	0.254729	268418	183671	-0.138999
0	-0.0223814	0.192272	259018	203949	1.58768
0	0.00574506	0.143228	259664	231589	-0.200509
0	-0.0293716	0.117705	261226	236665	1.24145
0	-0.041976	0.0625465	273762	267143	-2.39547
0	0.0392543	0.0642784	266574	261823	-1.6386
0	-0.0058469	0.0300019	262244	258025	-0.305417
0	0.00497523	0.243175	262848	78091	-0.426898
0	-0.0182455	0.245898	273026	145275	-0.0112464
0	0.0627794	0.247237	270760	184669	-1.70615
0	0.0193167	0.193988	258752	212000	-0.221013
0	0.0233693	0.186327	258692	220000	-0.872782
0	0.0378437	0.11507	263262	246740	0.775713
0	0.0466207	0.0904763	264328	252331	-6.30052
0	0.00601188	0.0524684	259874	253621	3.9622
0	0.0121468	0.0427526	246896	241804	6.46281
0	0.0160482	0.23546	277508	17705	-0.20713
0	0.0195529	0.246928	262366	39843	-1.41584
0	-0.0185865	0.21071	256532	43917	0.214479
0	-0.0119009	0.220673	258968	61707	1.93012
0	-0.0155396	0.254686	286008	56542	-1.1135
0	0.025633	0.255377	263352	76308	-1.35117
0	0.0111978	0.19635	254454	85748	1.1093
0	0.00371179	0.274717	268164	71530	1.17561
0	0.0474862	0.212925	264920	88991	3.78076
0	0.000290385	0.266109	272390	31774	-0.0346319
0	0.000422434	0.232821	269558	65763	-0.47542
0	-0.0437631	0.230659	266310	70531	0.503996
0	0.00858004	0.251068	258622	97177	2.47103
0	-0.0334796	0.218733	272094	117789	-0.935006
0	0.0184612	0.225093	284238	128131	-7.18891
0	0.0244532	0.20661	264584	121142	-0.566276
0	-0.0135893	0.167525	275708	156445	-2.25979
0	-0.024761	0.179309	259080	117374	-4.02611
0	-0.00404079	0.24509	267444	53001	-0.52743
0	0.0339599	0.250052	271802	94119	1.18799
0	0.0241437	0.260392	273172	118365	-2.7484
0	0.0307299	0.235213	252636	119520	3.4683
0	0.0131285	0.148886	262224	167970	-5.0048
0	-0.0147504	0.199199	261770	187260	-6.0781
0	-0.0332458	0.185008	268788	181675	2.27203
0	0.0413596	0.151379	267520	192805	2.6111
0	-0.00773744	0.115128	259302	198066	-1.89743
0	0.0323324	0.227286	268170	53513	-0.543877
0	-0.00626713	0.230552	260506	109947	-0.226653
0	-0.015121	0.207569	251372	138563	0.0201244
0	-0.0306842	0.218638	270756	163240	-3.30591
0	0.00278462	0.186616	262080	176119	-1.63004
0	0.0362547	0.152454	261364	200327	-1.37361
0	0.0256743	0.125675	257160	207228	-6.78602
0	0.000675908	0.118077	272330	225416	-5.15086
0	0.0392552	0.0481074	271610	247424	2.95253
0	-0.0114562	0.285343	271938	49674	-0.169687
0	0.00140991	0.259831	269390	115434	0.797946
0	0.0085669	0.236409	272660	166829	-0.242568
0	-0.00597658	0.227212	258688	184853	-1.32547
0	0.00349115	0.202376	268714	204710	-0.383655
0	0.0155687	0.150777	267934	221759	-0.677947
0	0.0217645	0.10684	242554	212815	0.581844
0	0.0167241	0.115627	269650	239587	-3.14391
0	0.0213512	0.0459088	272002	258905	4.74892
0	0.0116659	0.228339	264790	84591	-0.0353508
0	0.0238337	0.250474	268356	138810	0.922104
0	-0.0666838	0.216041	249736	162508	0.469886
0	0.0255415	0.202798	275738	199279	1.44024
0	-0.00182181	0.154077	270542	232466	-0.566886
0	0.010518	0.108488	263004	232225	5.55616
0	-0.0523088	0.0863925	265098	247562	-6.78565
0	-0.0487631	0.0866196	273998	256381	-0.764119
0	-0.00798959	0.0709007	259088	249751	3.6612
0	0.0173825	0.220142	251598	88431	0.430523
0	0.0137191	0.262621	278328	144407	-0.807771
0	-0.0295047	0.204825	261122	171736	-0.358842
0	-0.0163754	0.21016	248924	191135	1.02875
0	-0.00917787	0.158202	261882	216257	-0.764831
0	-0.0233647	0.169785	275296	248322	2.56249
0	0.015533	0.144388	251402	220497	-6.32
0	0.0162418	0.0664153	253102	243493	-2.71925
0	-0.0128844	0.0583203	271146	262083	2.53911
0	-0.02473	0.242778	270218	68849	-0.310323
0	0.00507552	0.240464	270402	149356	-0.324156
0	0.0620891	0.272839	259072	167607	0.948558
0	-0.0131312	0.235391	257652	184525	-0.27373
0	0.0100136	0.199144	253424	221811	0.877232
0	0.0606675	0.122538	264224	252155	-1.37164
0	-0.00462224	0.0697858	273584	261954	0.868671
0	0.0556567	0.0847886	259524	250128	2.29044
0	-0.0324895	0.0228617	257138	255167	-12.6266
0	0.0469534	0.230226	278574	75563	0.00492954
0	-0.023133	0.257462	266418	134342	-0.379539
0	0.0172481	0.244238	258774	173697	1.0273
0	0.0137805	0.200236	253984	213529	1.54478
0	0.028674	0.180368	262028	247632	3.35891
0	0.0287457	0.132676	271896	251994	1.48273
0	0.0217948	0.0830725	266754	247978	-3.06646
0	0.031096	0.052422	256964	251567	-0.55622
0	0.000286499	0.0419786	256840	252187	2.64801
0	-0.019213	0.246432	272750	22733	0.391464
0	0.0225947	0.234384	258890	29739	-0.418941
0	0.0613283	0.269154	265394	33681	-1.33652
0	0.0459882	0.217442	273482	62202	1.53071
0	0.00978805	0.198997	267364	64447	-1.33036
0	-0.0518754	0.250512	267810	61484	-0.790711
0	-0.00385662	0.216701	266188	67163	-1.67929
0	0.0133234	0.222916	262482	76386	-0.741906
0	0.0138352	0.194155	264138	81792	2.91848
0	0.0329205	0.253997	254930	28794	-0.0241629
0	0.0451562	0.237353	274364	63433	-0.183547
0	0.0477836	0.235806	263460	79980	-0.432708
0	-0.0132673	0.245297	257950	85995	-0.437445
0	0.00111499	0.209045	267330	102549	-1.76702
0	0.0168353	0.235407	277494	101057	0.789146
0	-0.00286074	0.208937	270770	125134	-2.36437
0	-0.00311085	0.17121	255534	117043	2.32156
0	-0.0228519	0.144985	269920	137225	-1.38032
0	-0.00552499	0.305475	276664	36731	0.0298136
0	0.0222046	0.247793	267136	82701	-1.64246
0	-0.0194364	0.229254	270882	110686	1.64839
0	0.03782	0.207165	263400	123152	-2.88599
0	0.0387035	0.225626	271300	138604	-2.8829
0	0.00869595	0.213694	266770	143375	5.70262
0	-0.003526	0.201359	267784	156642	3.87752
0	-0.0114156	0.191228	246622	145362	-4.57151
0	-0.0558454	0.117524	270220	168309	-5.45933
0	-0.0277181	0.255072	260476	59638	0.25906
0	-0.0326565	0.26974	269002	107887	-0.977252
0	0.0324863	0.258488	262048	129004	-1.57964
0	0.0183544	0.237217	251746	122376	5.57235
0	0.0367723	0.203897	276620	169082	-0.0142534
0	-0.0234317	0.197557	271500	176998	-1.97107
0	-0.0069974	0.15011	262120	201603	-1.72345
0	0.0202966	0.107771	268862	214994	1.93559
0	0.0460012	0.0886464	264800	219592	-6.73868
0	-0.0275891	0.277676	254612	50397	0.0307615
0	0.0249526	0.224958	258112	105441	-0.334821
0	0.0168491	0.251093	263428	138049	2.42796
0	-0.00821772	0.187415	283868	200329	0.0104658
0	0.0711488	0.204547	259642	200090	-0.615174
0	-0.00160607	0.169423	268582	199408	0.978008
0	0.0374455	0.166511	271348	227871	-0.54205
0	0.00638542	0.111496	253888	212013	-5.18281
0	-0.00743753	0.0495636	259304	234792	3.37372
0	-0.00201883	0.22864	270302	95621	0.399472
0	0.0190203	0.204966	258776	124721	0.575804
0	0.0109545	0.232272	264292	149464	0.221811
0	0.00595411	0.213181	254452	169348	0.844945
0	-0.00312137	0.184037	277074	233117	0.275287
0	0.0324778	0.151698	257532	218334	-1.84995
0	-0.0270324	0.103457	280208	250867	-1.77619
0	0.00454427	0.122048	270678	245870	8.04872
0	-0.0093117	0.0958113	256794	232836	6.1988
0	0.0214716	0.235644	269972	72572	-0.372646
0	0.00724318	0.252234	246834	105687	-0.260565
0	-0.0363534	0.249882	269870	171287	0.25781
0	-0.000700832	0.225354	262884	191649	3.18133
0	0.0158041	0.222703	264754	211592	-3.58865
0	-0.000201528	0.177217	262538	217248	0.351615
0	-0.00581927	0.174566	271504	241134	1.12571
0	-0.00890198	0.0686328	270576	252184	0.149108
0	-0.00708323	0.0814031	259634	245813	6.69957
0	0.0238048	0.24982	250938	56956	0.384941
0	0.0043875	0.25976	261384	126591	-0.173996
0	0.00575378	0.198785	275824	198656	0.4713
0	-0.0242775	0.235391	249382	209140	4.94585
0	0.00620619	0.166676	276506	231561	-2.72051
0	-0.0183982	0.134143	267806	246659	2.69439
0	0.0383627	0.126765	276012	250064	-2.34575
0	-0.0247469	0.0656449	257020	250393	0.45158
0	-0.0218891	0.0476996	282904	275621	0.985333
0	-0.0035303	0.258419	250612	81694	0.353279
0	-0.0297183	0.217258	270122	148278	-0.12414
0	0.00417425	0.268938	274166	177783	-0.370994
0	0.00715341	0.178217	266510	222691	0.548577
0	0.00362252	0.174601	259820	223087	1.99761
0	0.0329291	0.171557	254376	233021	6.50021
0	-0.0109436	0.102558	276844	264534	2.86177
0	0.0176449	0.128489	281368	270177	2.08257
0	0.0520621	0.0432195	259628	252853	-4.24953
0	-0.0426132	0.277453	272334	17873	0.0276474
0	0.0240604	0.223223	262348	25777	0.639021
0	0.0371584	0.240699	251890	29770	-0.556409
0	-0.0263032	0.226035	274332	40085	0.233529
0	0.0025762	0.247603	264624	60678	0.167969
0	0.000199457	0.25884	272330	33782	-1.70416
0	-0.0391643	0.196718	256388	59418	2.95893
0	-0.0406721	0.213194	260794	69217	5.21405
0	0.0284608	0.237647	268786	56381	-4.04147
0	-0.0104376	0.270777	281560	32146	-0.795808
0	0.0396165	0.263683	266304	51599	-1.07142
0	0.0217587	0.269863	279942	69420	-3.26209
0	-0.0100192	0.206536	269994	81605	0.810241
0	-0.0232498	0.207723	260180	81359	3.00126
0	0.0190879	0.212927	288082	122235	-3.28585
0	-0.0793896	0.21415	271352	109995	-3.87676
0	-0.0046743	0.150185	264064	122728	-0.837924
0	-0.0317877	0.180782	263108	117072	6.82732
0	-0.0221044	0.254816	270420	39723	0.17097
0	0.00940205	0.264885	276160	67769	1.22998
0	-0.0322606	0.203271	255134	94289	0.423831
0	0.0137559	0.207926	254472	118497	-0.761682
0	-0.0411385	0.239081	264360	114529	0.276825
0	0.00429371	0.169863	270666	156312	-2.31863
0	0.000915459	0.181306	264642	152001	1.79004
0	0.0252404	0.120581	263698	161863	-3.01118
0	-0.0188738	0.114158	273478	159012	-5.75588
0	0.00264806	0.257496	260252	37290	-0.0582779
0	0.00771847	0.211397	272506	93252	-0.586859
0	0.022985	0.24904	248402	98198	-1.29286
0	0.00927486	0.196674	261690	144504	3.11756
0	-0.0298094	0.192801	261560	149287	-3.18213
0	0.0566761	0.229662	261382	159936	0.900915
0	-0.0205567	0.117551	275780	208777	2.84175
0	0.0367349	0.110295	277166	215903	-4.22136
0	-0.0234327	0.111622	268402	195714	4.83922
0	0.0110069	0.253885	272382	71551	-0.265674
0	0.00120767	0.232128	262126	95985	-0.332043
0	0.0425383	0.275508	270592	125256	-1.18036
0	-0.00160787	0.249125	261740	154491	0.0544916
0	-0.0970333	0.233854	271286	167333	4.79479
0	-0.0501642	0.14723	248604	183812	-1.35278
0	-0.0402562	0.162016	251636	181090	-1.19569
0	0.0170311	0.0904227	260060	212051	-10.2673
0	0.0204883	0.0431764	268348	225822	3.80716
0	0.00681646	0.234669	260476	47502	-0.00483079
0	-0.0646766	0.234907	262456	113976	-0.358895
0	0.0218345	0.224497	260434	147068	-0.108745
0	-0.0255005	0.230908	250762	164373	-0.707002
0	-0.014169	0.1737	265652	205614	-2.0546
0	0.0595733	0.193569	279592	222044	-2.04562
0	-0.016219	0.116185	260124	216259	-8.59765
0	-0.00739323	0.0953807	247880	208600	-5.3201
0	-0.000746611	0.0546146	281872	260108	3.62104
0	0.00603133	0.218291	259326	43240	-0.160537
0	0.0164549	0.263345	252526	111416	-0.100778
0	-0.00580667	0.250304	280672	163267	0.015298
0	-0.0105671	0.230354	272780	190442	0.895621
0	-0.0154025	0.181278	273296	220660	-3.16565
0	-0.00984102	0.136536	262670	234300	-0.964256
0	-0.0431046	0.109395	272512	240104	1.79171
0	-0.0179158	0.109299	267078	242976	-1.4832
0	0.0327443	0.0786246	264422	250249	-4.37391
0	-0.0253375	0.27756	271638	57978	0.360978
0	0.000271657	0.262511	261342	119002	-0.366819
0	0.0679689	0.240318	268444	173925	1.27976
0	-0.0173667	0.221567	278296	201504	-1.22339
0	-0.0464621	0.193716	251114	204851	0.0573305
0	0.0447965	0.145999	266562	234571	-7.90418
0	-0.0343421	0.113731	258140	232434	4.98574
0	-0.0148298	0.090143	261386	245914	-1.9399
0	0.0461433	0.0469862	250628	243766	-2.10662
0	-0.0126927	0.242258	264626	70949	-0.153578
0	0.0484906	0.223846	285454	143443	-0.300282
0	-0.0285635	0.227739	255910	177001	-0.408667
0	0.0355929	0.216572	255094	192427	-0.110106
0	-0.0112795	0.131607	256216	227583	0.430225
0	0.00778069	0.188936	270928	227110	0.225499
0	0.0127006	0.106148	251478	236101	-1.54458
0	-0.0116382	0.0689138	257954	242407	-1.54648
0	-0.0029293	0.0841881	268466	257699	1.83238
0	-0.0171116	0.261143	249084	10948	0.0186836
0	-0.0527444	0.268478	258482	20151	-0.0462898
0	0.0264375	0.270753	251570	35593	-2.75549
0	-0.00912797	0.240282	255814	28716	-0.679896
0	-0.0473237	0.259924	268676	39883	1.7372
0	0.00995052	0.225472	264606	46038	2.69847
0	-0.0827497	0.221438	284248	63703	-2.5196
0	-0.0599847	0.212246	267310	50715	1.39203
0	0.00115035	0.176722	278292	51408	0.994534
0	0.000477109	0.21697	232688	20857	-0.440305
0	0.00784668	0.249248	262552	40820	0.3455
0	0.03835	0.254566	269936	62507	0.537015
0	0.00223759	0.266523	273298	69517	0.272142
0	0.00588191	0.207912	262264	77913	-0.952362
0	0.0184288	0.183472	250608	79673	-4.03845
0	0.0331016	0.219043	259438	83101	0.240733
0	-0.0225472	0.180032	265378	105073	3.037
0	-0.0238958	0.146791	260308	114010	6.47968
0	0.0383794	0.25572	276138	44687	-0.00732277
0	-0.00447837	0.214428	271544	67915	-1.40159
0	0.0397312	0.25697	263546	72159	-0.630468
0	-0.0380932	0.222867	280374	112274	0.816297
0	-0.0185656	0.170173	256378	99711	-0.242003
0	0.0186985	0.208833	282932	141416	-4.69943
0	0.00709299	0.182264	257724	138665	-1.60035
0	-0.0235645	0.192069	274238	138283	-1.42571
0	0.00981541	0.113547	285356	157755	-3.66869
0	-0.00304226	0.261558	267912	46591	-0.0182424
0	-0.00526093	0.244234	260520	85992	1.95181
0	-0.0133435	0.227392	262250	96590	0.373665
0	-0.0040202	0.265772	253106	127510	-4.59392
0	-0.0099345	0.247836	267908	140236	-2.22817
0	-0.0527147	0.178463	258504	140082	4.06027
0	0.0152391	0.197999	275826	163508	-7.79544
0	0.00974534	0.1321	282352	197627	-12.1338
0	0.00837854	0.0897192	261944	187066	-0.463087
0	0.0444346	0.230217	275568	45376	0.0476988
0	-0.00299706	0.237221	266378	104205	0.920306
0	0.0219512	0.242432	269642	122103	2.03669
0	0.0190349	0.243464	255944	138166	-3.103
0	-0.00923178	0.21668	250432	149807	-1.26588
0	-0.0112183	0.224784	260390	172456	-0.126383
0	-0.00989474	0.157298	260512	186226	-3.04576
0	0.0212771	0.0967345	241888	192483	3.14134
0	0.0256067	0.0607491	256236	209910	1.34468
0	-0.0387792	0.269146	265104	55066	0.681317
0	0.0128681	0.255158	270522	100765	-0.679577
0	-0.00855548	0.255961	266364	138428	-1.19922
0	-0.0122274	0.229261	275088	168134	4.91964
0	0.0107707	0.252028	249094	164993	-1.31502
0	0.00297149	0.149212	266940	213545	-3.63335
0	-0.0436495	0.164137	263066	211048	-6.16104
0	0.00826109	0.0803297	289800	248248	-6.95454
0	0.023036	0.0649444	262628	240074	-6.88269
0	0.0332854	0.263752	268338	67593	0.0355984
0	-0.0242952	0.239105	263926	123822	0.351221
0	-0.0452382	0.26263	249604	144623	-0.788263
0	0.0160221	0.1883	257310	173781	0.80313
0	-0.0194944	0.216695	271078	193895	-4.32025
0	-0.0234465	0.145835	278012	231019	2.6033
0	-0.0351668	0.159247	251006	204123	-6.24362
0	0.0302145	0.10337	271978	242934	-3.45899
0	0.0492126	0.0403443	274498	256767	0.217417
0	-0.0146371	0.214736	251854	61754	-0.149541
0	0.0116943	0.238214	275282	148338	-0.987958
0	-0.00647954	0.219392	269794	166891	-1.12946
0	0.0564682	0.184866	260566	193530	0.238345
0	0.0174088	0.164695	261442	216630	-1.80186
0	0.0372408	0.143327	257326	208995	-1.63912
0	0.00975339	0.125551	272718	244328	-0.152411
0	-0.00165153	0.0929762	256516	234091	-4.1321
0	0.00940244	0.0661018	245008	230874	-5.78539
0	0.0178182	0.261493	264154	71837	0.467068
0	0.0156497	0.282685	251466	101867	-0.908363
0	0.0143896	0.231712	265590	172059	0.485428
0	-0.040056	0.227021	278184	193368	-0.236099
0	0.0433862	0.15488	271078	225530	-1.06438
0	0.00808054	0.179183	271330	241054	1.50361
0	0.0237952	0.126514	269760	244833	-3.71434
0	0.00862004	0.0700543	273854	257330	6.23373
0	0.0116102	0.0630593	251962	241613	4.09301
