0	-0.0401693	0.250524	270320	17892	0.274623
0	0.0276592	0.234506	278286	56243	-0.625533
0	-0.0270404	0.205751	266334	68824	1.60655
0	0.0206742	0.201043	276298	85992	-0.686131
0	0.0408927	0.231062	276302	96674	9.60505
0	0.00202059	0.220099	288228	108085	1.23652
0	0.00502053	0.271757	260344	111081	-10.1629
0	-0.0388074	0.206586	268272	123117	6.05576
0	-0.0151505	0.171514	282224	137046	-4.70719
0	-0.023824	0.287744	266302	24218	0.18199
0	-0.0163695	0.276446	280232	46723	1.37902
0	-0.012719	0.226943	248432	64799	-0.737182
0	0.0649669	0.228625	280268	89001	-1.86221
0	0.011396	0.245228	276290	102206	4.61895
0	0.0572765	0.236075	268326	102170	-0.686433
0	-0.013023	0.262326	266364	122610	7.42115
0	-0.0101106	0.232259	278270	126740	0.575817
0	-0.0238101	0.217385	274272	130192	2.66046
0	0.0105576	0.238083	272302	20134	0.501393
0	-0.0062588	0.231134	266308	46718	0.7067
0	-0.0154928	0.253275	270358	68895	1.0049
0	-0.0112138	0.216397	268396	84158	-5.39152
0	-0.00468974	0.245066	260302	89028	-3.94349
0	-0.0209736	0.263952	280258	110898	0.647616
0	0.0422271	0.203903	276274	123375	-2.97362
0	-0.0250669	0.161291	276242	132537	11.3247
0	-0.0365399	0.191855	274318	129769	13.4973
0	-0.0169691	0.233037	280228	23996	0.447283
0	-0.0302076	0.275585	284238	42881	1.2635
0	-0.0012209	0.261175	280244	62859	-1.07522
0	-0.0229833	0.244247	278260	87575	-4.41027
0	-0.00427378	0.224694	268292	92027	-0.396557
0	-0.0240902	0.202871	274306	113263	5.59951
0	0.0536644	0.218876	266338	114434	-0.366134
0	-0.00239125	0.229047	240460	108991	-3.70654
0	0.000501499	0.235542	274320	125601	3.81144
0	0.0212494	0.266043	280244	26058	0.0729917
0	0.0071628	0.227479	250382	42910	-0.345095
0	-0.00444996	0.275968	266330	64749	1.9008
0	-0.0149318	0.239487	274258	81228	-0.535016
0	0.0593802	0.222234	272292	92343	-4.01384
0	0.0522633	0.234923	274286	110059	-3.99816
0	-0.033409	0.19474	272332	126467	-0.0410261
0	0.023776	0.244023	278198	126193	-0.992972
0	0.0072175	0.155568	266336	129292	3.05191
0	0.0110498	0.29733	284252	20947	0.537789
0	0.0296427	0.245945	280252	46530	0.754804
0	0.0119861	0.265864	274256	64095	1.24473
0	-2.7733e-05	0.228173	274270	93981	1.29174
0	-0.0306396	0.246464	270318	96113	4.69347
0	0.0410878	0.256449	272296	117042	0.18335
0	-0.0207	0.241238	280272	121750	5.2952
0	-0.0130961	0.207909	254368	121243	-0.526639
0	-0.0135113	0.170311	290192	141746	1.82797
0	-0.00556852	0.258598	276286	11947	0.123241
0	0.0203253	0.267991	270310	42018	-1.18084
0	-0.0112115	0.261067	272306	68065	2.29607
0	0.0547611	0.212768	280266	87931	-0.141863
0	0.0541311	0.2369	258352	96225	-7.86931
0	-0.0158807	0.214745	276250	113086	-2.25754
0	0.041764	0.203193	272288	122384	-8.19433
0	0.0190389	0.281111	256434	118901	1.90254
0	0.0187324	0.171147	268312	125894	-2.00441
0	0.0341269	0.25768	274274	20072	-0.736668
0	-0.0155877	0.225187	282234	36914	-0.483349
0	-0.00889027	0.289536	276284	67822	1.48647
0	-0.0116165	0.274543	266326	80832	2.19896
0	-0.02232	0.235837	268312	98073	2.98412
0	0.0424737	0.227337	274252	106873	4.2739
0	0.085686	0.217128	258366	108430	-9.39157
0	-0.0665989	0.24168	256390	117895	-3.05463
0	0.00314414	0.224018	288216	138767	-1.9411
0	0.00392205	0.256396	270320	22935	0.385863
0	-0.0230007	0.223076	266322	52081	-1.79907
0	0.0117683	0.296674	248442	55013	3.02654
0	0.0068512	0.251667	266322	77755	2.52118
0	-0.0674256	0.199527	280248	98898	0.469492
0	0.0177315	0.21704	266344	105071	1.82681
0	-0.0315931	0.255942	268322	116286	6.23664
0	-0.0209203	0.240482	274268	121591	6.65997
0	-0.0204423	0.17288	276260	130777	-2.32547
0	0.0445859	0.236756	274270	22805	-0.292602
0	0.0222952	0.257446	272260	48916	0.891834
0	0.0286633	0.256485	274296	68026	0.297691
0	0.0127331	0.255567	272334	88231	-0.386756
0	-0.0552204	0.242362	282206	99030	1.05084
0	0.000394923	0.212427	260352	106635	3.45099
0	0.00920315	0.209053	264336	112163	-3.37445
0	-0.0040473	0.233317	272296	127065	-4.67015
0	0.0712844	0.231814	286208	126214	-5.90009
0	0.0275067	0.243169	278220	23792	0.321359
0	0.0573372	0.2551	272302	49085	-1.16168
0	-0.0419321	0.215533	272280	76251	-2.92242
0	-0.0250635	0.248925	268368	91157	5.56765
0	0.0572608	0.259032	274288	104699	0.606695
0	-0.00471027	0.159101	278258	108425	3.75702
0	-0.0308334	0.215328	242414	111234	7.18161
0	-0.00190745	0.200563	274310	127354	7.03723
0	0.0041537	0.245038	274274	130372	15.171
0	-0.00240007	0.229355	278242	26060	0.177079
0	0.00459554	0.271947	274276	42024	-1.45624
0	0.00262219	0.242197	272250	58270	-4.18706
0	-0.0187088	0.228069	264300	80035	0.0666606
0	0.0323718	0.269369	278226	92110	-0.834266
0	0.0104697	0.280886	268306	110463	-1.75798
0	-0.0594519	0.184481	284262	123772	1.69785
0	0.0338681	0.173906	284244	132929	-9.1185
0	-0.0303648	0.231207	274288	127875	-11.3357
0	-0.00830214	0.281541	266368	20959	0.301561
0	-0.0128634	0.260801	268338	45885	-0.361471
0	0.00399326	0.244765	280262	72432	-2.57229
0	-0.000804109	0.213223	268356	97089	4.83643
0	0.0636115	0.249246	280284	100875	-0.506891
0	-0.0123644	0.227377	282252	112887	-6.05012
0	0.00729962	0.241298	254370	112787	1.77227
0	0.0450132	0.223358	276256	129865	-5.69372
0	-0.00209316	0.206131	264338	125974	0.746372
0	-0.00242326	0.267225	284202	25924	0.100519
0	-0.0126449	0.233352	270280	40996	0.99752
0	0.0234081	0.212708	274250	60938	-0.696397
0	-0.0100474	0.235468	286258	93873	0.822038
0	-0.00241405	0.214393	276262	96824	3.05661
0	0.0442934	0.232834	268288	108447	-8.96494
0	0.0194884	0.246367	276314	119648	-11.539
0	0.0274099	0.159972	254390	123213	-5.88409
0	-0.0812193	0.209659	268328	126305	15.8512
0	-0.0465286	0.269864	274308	29085	0.118
0	-0.0323264	0.244471	280274	51173	-2.14053
0	0.0115909	0.252099	264372	73805	2.44166
0	0.0551437	0.226615	278272	82542	-7.50808
0	0.0153221	0.253649	278262	104003	-0.602769
0	-0.0387332	0.240804	272256	106719	4.60381
0	-0.0303719	0.194345	256380	118503	4.21456
0	0.054216	0.206016	286238	132170	-2.50006
0	-0.0534537	0.207414	264338	124745	0.657685
0	0.000462415	0.202711	278296	37973	0.92059
0	-0.0139482	0.260898	276254	55074	-1.24186
0	-0.0524751	0.255019	282262	56871	2.35901
0	-0.00740605	0.244346	260340	80137	-1.50338
0	0.00596096	0.23738	270320	96732	2.87189
0	0.0202895	0.226336	276246	111714	2.59001
0	-0.0119345	0.213143	274304	121000	0.0877923
0	0.036391	0.219631	264346	116687	-15.8523
0	0.0504951	0.195135	280236	130032	-10.3597
0	0.00420054	0.26143	274290	22736	0.186853
0	0.0638441	0.232885	280258	40069	-0.626043
0	0.0040742	0.240847	288182	70025	0.255564
0	-0.00104017	0.226479	272302	79144	0.0312006
0	0.000108614	0.214365	268304	92701	-1.5141
0	0.00724281	0.206486	260328	105361	-2.77924
0	-0.00204702	0.235821	272294	115976	9.95585
0	0.0442528	0.209931	274218	123136	-15.6205
0	-0.0236846	0.185526	266330	120140	0.0512591
0	-0.0172445	0.284968	264374	21908	-0.0591393
0	-0.0439908	0.242745	260362	48878	1.58869
0	0.0134835	0.254091	264298	65827	1.06894
0	0.0195146	0.283223	244458	77883	0.183498
0	0.0458567	0.258674	282246	96968	-4.7205
0	0.00542492	0.242989	282218	116923	-6.67676
0	0.0438633	0.219007	286204	126116	-6.56041
0	0.0094505	0.215618	282218	127132	-3.56412
0	-0.0110874	0.173321	274268	128115	1.68214
0	-0.0122183	0.259365	284242	21993	0.351181
0	-0.0351525	0.249678	266316	42046	0.384444
0	-0.0107985	0.227486	264370	68981	0.196034
0	0.0460785	0.246564	264330	79917	-1.62479
0	0.0150704	0.226044	276280	102009	3.04742
0	-0.0169622	0.242765	272268	105105	-4.48423
0	0.065644	0.175496	274308	122385	-9.05149
0	0.00979465	0.223227	268274	126807	-0.43583
0	-0.0686811	0.209465	270314	127676	6.93663
0	0.0297369	0.262711	268352	18935	-0.106096
0	-0.0075813	0.223466	276302	43837	-0.303009
0	-0.0243693	0.227525	280246	61149	1.58967
0	-0.00260826	0.235293	268302	86975	-0.90031
0	-0.00496805	0.20475	276312	113173	7.71876
0	-0.00406894	0.22601	262326	97948	2.44929
0	-0.0459719	0.198683	280202	127323	4.5995
0	0.0456371	0.206941	260356	116926	-13.3608
0	-0.0353256	0.225624	290204	133618	3.51542
0	0.0498667	0.238629	270306	23810	0.280982
0	-0.00604991	0.255537	268328	56692	-0.822409
0	0.0210577	0.241781	272274	74122	-0.682234
0	-0.0278626	0.271679	268334	81922	0.131223
0	-0.0231355	0.240109	252418	84770	5.15738
0	-0.0512581	0.232505	272310	111120	5.6487
0	0.0158227	0.169315	286218	120100	4.22627
0	-0.00884397	0.216045	270294	123038	4.31503
0	-0.0116162	0.164856	284236	138462	1.55278
0	-0.0305728	0.271675	258362	16934	0.0550522
0	-0.0243984	0.254406	264328	42803	-0.448131
0	0.0122518	0.227377	270346	54863	-0.690502
0	-0.0389598	0.282745	266304	75513	1.46803
0	0.0124555	0.25991	272228	97161	1.19032
0	-0.00300778	0.242609	270282	113015	-4.82871
0	-0.0311966	0.247578	288190	116741	-4.00771
0	-0.0161255	0.207235	284280	127653	0.934572
0	-0.038715	0.186701	286206	130034	4.36118
0	-0.0245564	0.251104	290176	22756	0.215319
0	0.000285263	0.286398	274280	43983	1.4175
0	-0.040883	0.247462	272318	78861	1.92126
0	0.0350449	0.209015	276230	91677	-6.37337
0	-0.00257283	0.308855	270352	87969	-7.30202
0	0.0628617	0.205109	274318	112914	0.312544
0	0.0322554	0.199362	262376	119141	-1.72162
0	0.0814175	0.213148	282254	123813	-8.86874
0	0.00220744	0.177954	270288	126113	-11.7394
0	-0.000689115	0.232635	280266	28778	0.27016
0	-0.0559733	0.25576	268340	35982	0.660023
0	-0.0300729	0.236843	266344	64116	-2.94842
0	-0.0412634	0.225867	286232	82870	1.65153
0	-0.0174265	0.238487	284168	100537	5.79767
0	-0.0192528	0.227485	278264	110941	5.20421
0	-0.0265914	0.244571	268302	115837	4.46928
0	-0.0263457	0.234441	278276	122310	3.15778
0	-0.0119905	0.227254	274282	134714	0.0119528
0	-0.0214431	0.253284	274252	20922	0.310542
0	-0.00392279	0.262864	282236	51754	-0.612997
0	-0.0398782	0.27879	276244	62149	2.02178
0	-0.00357903	0.252825	286228	86095	1.78389
0	0.0461166	0.266864	274294	90112	-5.58891
0	-0.0212886	0.195252	266312	110088	-2.07732
0	0.00239993	0.262715	262376	105355	-3.37559
0	0.0215831	0.170265	280258	128291	-3.87292
0	0.012793	0.199859	270338	130160	-1.76869
0	0.0194044	0.263251	268326	16910	0.195261
0	-0.00921741	0.232781	274264	44584	-0.401137
0	0.049593	0.277835	264354	59429	0.476604
0	0.0265478	0.249565	268364	85923	-1.43879
0	0.0516331	0.241335	262346	98997	5.87418
0	-0.00609968	0.20192	272286	102754	-10.8945
0	-0.03969	0.236269	280214	122966	-1.55672
0	-0.0304209	0.196765	280264	126987	9.403
0	0.00293757	0.177657	268292	132860	-3.49903
0	0.0278327	0.255057	274294	25920	-1.18343
0	0.0175156	0.246054	272274	33948	0.517717
0	0.0552576	0.248216	282260	84543	-0.120053
0	0.0292015	0.226833	272280	86253	-5.43088
0	-0.0118819	0.244492	262356	87203	1.82873
0	0.00593661	0.229224	276228	110316	-2.89425
0	0.0094223	0.226016	262316	113086	-1.56728
0	0.0566304	0.216174	272298	119932	-12.4159
0	-0.00108093	0.217205	268308	121795	-2.47284
0	-0.0141337	0.217943	268306	24879	0.370633
0	0.0454235	0.234992	272276	51994	0.383745
0	0.0395712	0.229573	280238	72718	-2.96164
0	0.00393369	0.226435	272320	82690	0.242372
0	-0.00629129	0.235555	272288	94161	4.45768
0	0.0254613	0.233327	276294	108805	2.52353
0	0.035819	0.208984	278328	125090	-0.230348
0	0.000422203	0.22404	282222	130741	-2.20229
0	-0.0563613	0.188101	268298	125113	6.93803
0	-0.00496713	0.277088	258410	19006	-0.207102
0	-0.00425901	0.236632	254332	41947	-0.491011
0	-0.0386323	0.250451	284230	63669	1.48721
0	-0.0230219	0.266304	266364	81042	0.14143
0	0.0284764	0.231974	282260	94151	1.87027
0	-0.0445164	0.237413	272286	115967	8.44779
0	0.0177478	0.229396	292192	129207	-10.4376
0	-0.0436236	0.17023	274312	131121	4.14993
0	-0.0241675	0.179749	276298	127611	4.29054
0	0.0363894	0.270818	262356	22061	-0.0409252
0	-0.0168958	0.225041	276272	55069	0.20265
0	-0.0319215	0.232937	266332	71110	-0.477308
0	0.0018415	0.22563	272268	87637	3.57013
0	0.0196486	0.207217	278280	110647	3.78872
0	-0.00186457	0.245322	278260	111615	1.73549
0	-0.0127526	0.184482	280236	120079	-6.98271
0	0.0407994	0.191678	272314	125134	-15.1557
0	-0.03339	0.174761	276242	134307	-2.70049
0	0.00909043	0.232102	278286	21868	0.200132
0	-0.0172604	0.260658	260362	35094	-2.11841
0	-0.0319708	0.264999	272320	62030	2.93376
0	0.00641918	0.240778	268314	86863	-0.200074
0	-0.0152681	0.224832	274276	110062	-0.825974
0	0.0745735	0.196469	272260	110077	-16.9041
0	-0.0718025	0.253872	284252	120999	18.5262
0	-0.0190315	0.198426	274302	125177	-1.2647
0	-0.049149	0.209036	274290	127052	7.33146
0	0.0404556	0.255712	276284	21933	0.0686007
0	0.0252941	0.203636	270318	45995	1.74126
0	-0.0185276	0.249695	264382	62912	-1.85049
0	0.0432357	0.271292	262334	81619	-1.62477
0	0.000226972	0.238629	272256	89994	-1.94773
0	0.0184014	0.234888	276278	113066	-6.96199
0	-0.0143145	0.204533	272324	123749	-1.1977
0	0.0894115	0.195253	258390	113017	-15.1453
0	-0.000660067	0.184668	266302	128683	3.66726
0	-0.00467441	0.211947	274310	25967	-0.369742
0	-0.0322833	0.252847	256376	45990	-1.40418
0	-0.00746363	0.241538	270298	72253	1.87164
0	0.0175744	0.232957	278258	83898	-2.60549
0	0.0237546	0.251217	276300	86978	-4.82398
0	0.010486	0.22674	282236	113399	-7.69475
0	0.0174419	0.246929	276296	121764	0.273803
0	0.0325857	0.236166	266320	121129	-21.2076
0	-0.0100957	0.226437	264342	126957	1.47692
0	0.0119373	0.278488	286200	20998	-0.0769494
0	-0.0174552	0.224307	268292	44037	0.672396
0	-0.0105588	0.234789	278206	70003	-0.633954
0	-0.0060316	0.252807	274266	77140	-1.47813
0	0.0218927	0.251759	280264	100752	-3.26998
0	-0.0445282	0.253282	270314	111087	-0.324386
0	0.0135424	0.224607	264302	112432	1.78416
0	-0.0290264	0.26838	272332	120909	1.10651
0	0.0371458	0.139288	278280	136964	-3.95368
0	-0.00218494	0.228792	282256	24146	-0.274332
0	0.0454022	0.253336	284246	47737	-0.763109
0	0.00648996	0.256913	286218	64823	0.378945
0	0.00298701	0.209519	284230	85081	-1.82821
0	-0.041832	0.259765	274256	94773	1.52848
0	0.0225516	0.223203	276296	117078	3.48777
0	0.0671607	0.181941	288210	123656	-5.47711
0	-0.00209727	0.192413	270306	118910	0.0102094
0	-0.0328502	0.19989	274282	134065	8.2577
0	-0.0233154	0.212153	284210	20096	-0.109813
0	0.0249323	0.234792	272268	50765	0.845728
0	0.0239729	0.220751	260360	59833	0.917233
0	0.0184948	0.217457	280242	96751	-4.43922
0	0.0483237	0.216832	278308	92328	-0.965012
0	0.0288645	0.242476	264356	110029	-2.72254
0	0.00607533	0.200987	268352	118985	-2.25127
0	-0.000405442	0.223903	260332	121792	3.81465
0	-0.010405	0.201656	270342	130535	3.37532
0	-0.0340924	0.256049	256310	28708	0.534542
0	-0.0284385	0.229129	268278	41099	-0.26457
0	0.00999971	0.21053	274270	69967	-4.4384
0	0.0486079	0.231627	260322	85108	1.59869
0	0.0366012	0.243332	264334	104879	0.200614
0	0.0235742	0.237547	266304	111245	2.43903
0	-0.0344955	0.1976	270266	118999	1.93344
0	-0.0644688	0.201125	282208	124956	6.81468
0	-0.0510751	0.190043	274312	129041	5.26799
0	0.0573247	0.232628	278250	21888	0.987666
0	0.0135451	0.263881	278278	43081	0.11266
0	0.0241362	0.263037	278276	74876	0.974823
0	0.0457476	0.239645	274266	91288	-5.51798
0	0.0891325	0.190254	278256	107302	-5.6881
0	-0.0175296	0.1731	276282	119097	4.87366
0	-0.0100067	0.173389	278298	124092	2.88377
0	0.0171847	0.163592	286214	137943	-9.21465
0	-0.0264636	0.167196	270246	133241	4.91705
0	0.00511942	0.211506	290226	18173	0.0666035
0	0.0233518	0.241316	280226	43948	1.19555
0	-0.0520788	0.229522	266344	64944	1.31992
0	0.0345047	0.243793	274280	84243	1.40983
0	-0.0128197	0.235609	280256	105754	4.49809
0	0.00220148	0.199505	262312	103022	6.85782
0	-0.043504	0.200737	260360	119168	4.82413
0	0.0183786	0.199146	278256	124757	-9.31401
0	-0.0101829	0.172937	278288	129191	8.24865
0	-0.0390491	0.256184	258358	16040	0.20458
0	0.00985726	0.250747	284228	55241	-0.479128
0	0.00530072	0.220715	270300	68116	2.82689
0	0.0208314	0.289191	264312	76032	3.00498
0	0.0684661	0.221252	264304	91989	-4.76648
0	0.0121415	0.22579	262370	109025	-7.81257
0	-0.0214912	0.204303	268316	118118	14.5669
0	-0.010955	0.238753	274266	119312	9.41237
0	-0.042256	0.244691	266356	129034	18.2966
0	0.0237321	0.22691	272248	20043	0.51028
0	-0.0257596	0.265551	270336	46955	-0.818795
0	-0.0445028	0.275698	272280	62852	-0.78021
0	0.0398465	0.231869	270292	84167	-0.76505
0	0.0255576	0.226334	266324	92002	-2.02571
0	-0.00315028	0.276366	246448	93013	6.56841
0	-0.00558259	0.189365	254418	110842	-1.94251
0	0.046992	0.234515	276276	128716	-5.32618
0	0.00858746	0.192288	272292	127523	5.93641
0	0.0277802	0.248701	270290	26069	0.106817
0	0.010361	0.242785	282192	43020	0.147868
0	-0.00900306	0.231543	276260	62853	1.96573
0	0.0391905	0.251549	272268	85927	1.50498
0	-0.00565335	0.267904	274302	96859	4.4906
0	0.0110429	0.239708	266264	107624	0.55032
0	0.00935568	0.213408	274284	121175	4.42577
0	-0.0388671	0.197775	278268	122262	4.91046
0	-0.00234525	0.186554	284238	137434	7.3626
0	-0.0463174	0.24136	280282	16870	0.294316
0	-0.00615138	0.247012	276290	40928	1.39989
0	0.0267574	0.276982	270302	67159	-0.285861
0	0.0182232	0.257513	256362	76902	-1.91265
0	0.0188065	0.281312	286226	98930	-0.955035
0	0.00830355	0.233355	272304	112955	-0.208245
0	-0.0556538	0.195638	274288	121902	2.10112
0	-0.00354289	0.209009	270274	122818	-2.48502
0	0.000852157	0.204161	278256	134234	-1.99316
0	0.0172895	0.241791	260328	20009	-0.628894
0	0.0132277	0.245913	280240	45197	1.80952
0	0.0322416	0.268109	280268	65038	-0.788478
0	-0.016061	0.221136	260336	74106	-0.308424
0	0.0132654	0.18749	256382	102788	-2.45661
0	-0.0208455	0.22588	274268	106981	-1.31636
0	-0.071088	0.194097	276266	117041	6.33813
0	0.083725	0.246105	272290	128009	-14.9798
0	0.0157562	0.165348	276272	132100	-6.78636
0	0.00416286	0.242913	278246	19002	-0.183189
0	-0.0179928	0.245399	274318	41969	-0.0870413
0	0.0514699	0.258367	266302	66904	1.68671
0	0.0128859	0.228857	282244	83223	1.70823
0	-0.00457891	0.231494	262366	99170	7.51169
0	0.0667351	0.205454	274322	106810	-7.89172
0	0.0223783	0.19791	282262	124756	0.972211
0	0.00749039	0.170275	284254	135173	3.51865
0	0.0706406	0.176098	270242	129311	-11.0853
0	0.0144125	0.234414	272336	20770	0.283587
0	0.0168018	0.251389	278246	55257	-0.590482
0	-0.0247112	0.213695	270306	67965	2.05191
0	-0.00509703	0.232352	278300	98002	-0.111037
0	-0.0266529	0.232301	274252	88918	2.22049
0	0.0347682	0.223982	284216	118013	-4.09172
0	-0.0191224	0.189841	282226	122148	10.2054
0	-0.00317775	0.252241	276242	124267	3.24247
0	0.0290096	0.19206	282258	134512	9.32374
0	-0.00289741	0.267526	268286	19036	0.921708
0	-0.00128644	0.23654	264380	41984	0.0372412
0	-0.0414036	0.230606	278276	61075	-0.203872
0	2.48516e-05	0.261783	282246	83171	5.03758
0	-0.0363949	0.240237	274318	98772	-0.0604141
0	0.00741724	0.237149	278246	113975	-3.87571
0	0.0586571	0.226982	270282	115908	-10.8274
0	-0.0211448	0.21534	278298	126005	0.00688433
0	-0.0253627	0.24564	280274	130747	-3.84561
0	-0.00423188	0.245626	268318	24767	-0.470102
0	0.0367206	0.253445	268348	41078	0.359784
0	0.00105548	0.25579	272266	70993	4.17805
0	0.0309051	0.239	270300	79917	3.41576
0	0.00908072	0.169499	276316	105814	-3.79046
0	-0.0535186	0.248556	270300	110938	5.55234
0	-0.0257817	0.230327	262320	116499	0.032809
0	0.0385134	0.241881	270298	124395	3.46497
0	-0.0208227	0.175882	270330	127013	2.02816
0	0.0321478	0.22811	272292	20015	-0.488499
0	-0.00198988	0.235855	284228	40030	-1.50983
0	-0.0128026	0.228311	270270	61122	-0.675414
0	-0.0541028	0.239833	268334	77509	3.71968
0	0.001358	0.216975	268310	94171	-1.20205
0	0.0228107	0.185885	286232	128561	2.65958
0	-0.00993421	0.171506	260344	112128	3.89652
0	-0.00364843	0.205546	270308	122829	-3.85356
0	0.0556557	0.152201	288188	140044	-1.96762
0	-0.0107125	0.286555	274276	18026	-0.392795
0	0.00746439	0.262779	270306	48776	-1.0184
0	0.0034636	0.251837	268316	69895	1.28842
0	-0.0124668	0.252919	282240	85918	0.621587
0	0.017594	0.254043	284220	94633	-4.61451
0	-0.0145446	0.224414	276224	109964	8.35603
0	0.0351466	0.210858	280194	123664	-3.4328
0	0.0438563	0.239268	276270	125876	-11.2836
0	0.0568425	0.181455	266314	128761	-5.89848
0	0.0104365	0.227123	270292	34046	0.333483
0	0.0230053	0.252781	270336	45116	1.17063
0	-0.0669125	0.239315	260294	58833	0.538507
0	0.0410803	0.239419	270318	76818	-3.22141
0	0.016171	0.213636	270356	107890	-5.96472
0	0.0249922	0.172482	270290	111311	1.21392
0	-0.0811811	0.178098	266330	118796	1.87605
0	-0.0285707	0.208151	278250	130106	-6.82183
0	0.0291085	0.196034	266372	125411	-7.46822
0	0.0175071	0.220627	268304	26018	0.393136
0	0.0144446	0.261275	258400	42020	-1.02542
0	-0.0363977	0.214366	282256	67810	1.70908
0	-0.00832462	0.227713	280250	92940	-1.38649
0	-0.000303763	0.193459	284216	100787	-3.42706
0	0.00439043	0.241498	282254	108237	-5.76406
0	0.0276319	0.238843	284256	123901	-9.94968
0	-0.0191396	0.154427	278238	135578	7.89517
0	-0.0021219	0.205905	286190	137051	-0.689629
0	-0.0262901	0.242941	272298	21904	0.15771
0	0.00640165	0.244036	272318	44958	-0.721995
0	0.0591666	0.284679	266330	65940	1.8253
0	-0.0206629	0.262618	272274	68256	1.98579
0	0.00345645	0.252698	262346	91009	2.84438
0	0.0406939	0.227437	252432	106051	4.62047
0	0.000983554	0.217995	278296	120607	-0.813067
0	0.050662	0.264471	268322	115930	3.78883
0	-0.0258061	0.149615	260328	126048	-14.6316
0	0.0480386	0.231445	276278	21048	-0.320639
0	-0.0214009	0.26502	282278	39924	-0.899159
0	0.0180342	0.245312	266322	69039	0.791474
0	0.00370438	0.227635	270318	76862	4.56762
0	0.0417189	0.239974	266332	99124	-0.55454
0	0.0137766	0.21568	286248	110898	5.97346
0	0.0126532	0.192565	278252	120411	-0.323975
0	0.0242177	0.204152	280262	128820	1.50729
0	0.0302233	0.18002	270318	127583	-6.33303
0	-0.0167058	0.24778	278252	21980	-0.360714
0	0.0167103	0.235345	272314	50266	1.3464
0	0.0553759	0.268327	274310	65689	0.449214
0	0.0444837	0.212808	288194	84935	1.98204
0	-0.00976598	0.196332	260314	92897	4.53584
0	-0.035046	0.247956	272310	112501	-5.83951
0	-0.00480996	0.226061	278238	120084	-1.39329
0	0.00328631	0.193418	276270	122599	2.26921
0	0.054106	0.196477	270310	128654	-9.16275
0	0.0320138	0.253584	264346	26813	0.247823
0	0.0406404	0.236314	282262	41965	1.1712
0	0.0522306	0.234115	278260	77005	-1.7668
0	-0.00173008	0.250756	262304	81043	-3.8986
0	-0.00645389	0.225532	276300	103878	0.503647
0	0.0177848	0.257205	282234	111959	0.504292
0	-0.000567769	0.219568	268298	115389	-3.05226
0	0.00699235	0.201302	276236	128940	-0.709406
0	-0.0111624	0.191576	274304	133161	-4.88719
0	-0.00595645	0.304309	272324	21823	0.159252
0	0.0158664	0.254467	276302	45831	0.259011
0	-0.019138	0.242465	278248	69377	1.55885
0	0.0175796	0.234054	262336	83122	3.18611
0	0.00357737	0.241607	276260	101689	7.65495
0	0.0430551	0.243416	286246	110397	-4.60514
0	-0.0100341	0.25356	288216	121032	5.82995
0	-0.0242915	0.24685	270308	122465	-0.708739
0	-0.0468719	0.200572	272314	126949	-8.15139
0	-0.0264515	0.254629	278288	28042	-0.120898
0	-0.0309421	0.271997	264344	50975	-1.49159
0	0.0246516	0.269651	272272	60711	0.770785
0	0.0354172	0.262274	270302	85896	0.453515
0	0.0596757	0.233735	284228	103674	-6.88525
0	-0.0457795	0.268183	280272	109924	4.73327
0	-0.0212721	0.22146	280242	121038	2.55896
0	-0.00598395	0.185227	254368	118999	9.81977
0	0.0544131	0.197971	282258	134011	-9.26224
0	-0.0270957	0.277127	272288	25995	-0.117255
0	0.0223405	0.234935	278230	49887	0.448817
0	0.0240519	0.268089	266360	55728	0.267133
0	-0.0173784	0.22187	266328	90978	2.75867
0	0.0825101	0.237933	284244	100272	-4.02357
0	-0.0121688	0.206431	274296	107103	4.14683
0	0.0491007	0.262591	274288	123075	-4.0386
0	-0.0179037	0.186501	260344	121051	2.10394
0	-0.0164833	0.179562	286202	137859	6.08744
0	-0.000196445	0.22966	272294	28067	-0.147243
0	0.0246454	0.2045	270296	42211	-1.11171
0	0.0221743	0.24226	286186	57987	-3.14412
0	0.0132296	0.22644	266326	73725	-1.33771
0	-0.0274424	0.213143	284246	111483	7.5716
0	0.0547742	0.244764	264338	109704	-8.53886
0	-0.0456847	0.208644	276228	123841	3.81951
0	0.0300756	0.253185	270312	123995	0.389311
0	0.00115883	0.205379	276264	131990	3.05764
0	0.0220444	0.234589	280268	29915	-0.544487
0	0.00421678	0.257092	280224	39960	0.647355
0	-0.0381021	0.257673	284200	66176	0.782415
0	0.00821231	0.239249	286194	91837	0.507386
0	0.0239389	0.264343	272298	103943	-6.0291
0	0.00854775	0.241698	260348	101935	-2.27317
0	-0.0129374	0.232542	270314	118248	3.26114
0	-0.0577286	0.222774	268296	122225	14.7971
0	0.00369304	0.225722	264330	123984	3.46669
0	0.0253653	0.250248	270280	25084	-0.0832305
0	0.00396542	0.260356	258366	35246	-0.0473718
0	0.000786161	0.216181	266342	63231	1.96158
0	-0.0149014	0.269978	264306	85771	2.13302
0	0.00131507	0.215671	272296	100216	-1.25317
0	-0.0200467	0.22476	266330	106914	3.18896
0	0.0389808	0.229623	268320	119046	-2.53118
0	-0.0265453	0.197187	274282	133439	0.991089
0	0.0172515	0.207294	274322	132200	-10.7569
0	-0.00333664	0.260652	280240	26969	0.295179
0	-0.0351669	0.219842	286262	47824	1.51045
0	0.0159754	0.28504	272292	65097	-3.91135
0	0.00440124	0.206238	276300	79773	1.37423
0	0.0129046	0.226272	270320	105009	-0.787028
0	0.0783679	0.267258	274310	104977	-7.13144
0	-0.0124771	0.20794	284196	119229	3.32182
0	0.0228631	0.256399	274264	124029	0.51712
0	0.0763239	0.218181	266310	124916	-11.5281
0	-0.045116	0.278753	282228	17798	0.778488
0	0.0246913	0.221098	278244	41994	0.449762
0	0.0224313	0.244896	270302	70160	3.8617
0	-0.0251093	0.214723	260360	86440	-0.124632
0	0.00706176	0.261509	256398	86790	-1.1777
0	-0.0203729	0.251959	276282	108704	4.46755
0	0.00595034	0.166311	270250	124802	-10.5755
0	0.0266721	0.205883	266320	127031	-14.9892
0	0.0136879	0.210144	276298	127206	0.390402
0	-0.0114042	0.269179	268248	32850	-0.505843
0	0.0409568	0.268305	272292	50998	-1.47353
0	0.00399622	0.274538	276282	63745	2.06664
0	-0.0247735	0.211736	272324	88671	5.23653
0	-0.0341042	0.212938	276226	102883	6.25758
0	-0.00608811	0.237368	264338	101895	4.26694
0	-0.0793995	0.224462	256362	111713	-3.87378
0	-0.0203621	0.169963	292176	131405	3.86841
0	-0.0458303	0.229584	258342	120651	11.0401
0	-0.0194272	0.255555	280248	20066	-0.632208
0	0.0156815	0.262352	276278	40831	-0.653853
0	-0.0289528	0.216451	270272	66179	-0.568516
0	-0.00116024	0.222026	284206	87935	3.71317
0	-0.0512028	0.267791	290196	104656	3.29612
0	0.000283908	0.206213	288226	121042	-1.11569
0	-0.00529286	0.236115	282212	122522	3.65254
0	0.0459563	0.184175	280266	126312	-9.22595
0	-0.0169225	0.213573	274300	132774	-6.34126
0	0.00346919	0.257837	282214	20044	-0.304616
0	0.00310015	0.216158	280272	40150	0.798639
0	0.0299189	0.244931	272334	63884	-3.37301
0	0.0261558	0.202431	274276	92280	-1.94671
0	-0.0300382	0.237099	264346	94042	-3.11351
0	0.0527311	0.265276	262366	106182	2.08442
0	-0.0292206	0.173325	270296	122175	5.44093
0	0.00523308	0.181201	282244	132707	5.22919
0	-0.0372529	0.190679	284232	135062	8.98529
0	0.0101871	0.254224	282244	29002	-0.0197377
0	0.000888798	0.232579	274274	45980	-0.236381
0	0.0336817	0.278336	276276	53698	1.4766
0	-0.00960973	0.27335	262312	73772	2.45505
0	-0.0854234	0.26561	262362	90969	1.31182
0	-0.0663546	0.210447	282246	118750	3.50433
0	-0.0119943	0.241184	270322	114296	-9.67426
0	-0.0409476	0.18556	272260	125420	7.1263
0	0.0437005	0.163429	276290	136165	-3.15652
0	0.00563951	0.236042	288238	22042	0.348253
0	-0.0693896	0.237922	278234	43052	1.05499
0	0.0264182	0.235727	274286	59846	-1.48385
0	-0.0388635	0.252406	282232	87085	3.30187
0	-0.0343783	0.220322	276232	109161	4.0082
0	0.0294544	0.270306	264342	100309	6.99004
0	-0.0378464	0.201013	286260	123695	-2.10944
0	-0.0621109	0.161493	278278	131595	11.0952
0	0.0202447	0.188526	266320	127076	-2.67634
0	0.00583401	0.218633	272276	20094	-0.101341
0	0.0174297	0.268201	264336	38949	-0.39323
0	-0.010336	0.267352	272308	59952	1.3741
0	-0.0106152	0.241101	272264	80840	0.910039
0	-0.00154691	0.242618	276282	96103	-7.32233
0	0.0158377	0.178329	274284	114227	-8.66787
0	-0.0595282	0.200024	276276	118059	6.71882
0	-0.00855828	0.208553	264356	123932	-4.29046
0	0.0585563	0.212483	278244	132021	-12.1175
0	-0.025541	0.27787	272274	20024	0.422009
0	-0.00437064	0.263694	266354	35072	1.02587
0	0.0772042	0.25442	268342	59295	-1.49084
0	-0.0182823	0.244746	268348	88865	-0.948725
0	-0.0387547	0.257572	264364	93644	-2.2549
0	0.0246386	0.211204	280288	113697	-1.85681
0	-0.023926	0.202752	276260	116213	1.86092
0	-0.0330958	0.201505	280266	126674	3.53992
0	0.00966441	0.228119	276282	130966	8.83706
0	-0.0116706	0.242266	264368	20942	-0.46023
0	0.045438	0.22848	270288	41921	0.615479
0	-0.0342654	0.243096	276318	64792	1.30192
0	0.0385063	0.24971	276274	73861	-0.984122
0	-0.0348526	0.187714	274260	97201	7.50215
0	0.0107353	0.275722	272256	102719	-0.660878
0	0.0329179	0.222784	268296	118361	-7.60975
0	0.019105	0.170568	278282	129059	-10.7694
0	0.0198741	0.239053	262330	127010	-5.00863
0	-0.0155513	0.260952	272274	19078	-0.449416
0	-0.0477649	0.264579	278260	50072	-1.54016
0	0.0181744	0.273797	264334	63038	-0.276561
0	-0.011171	0.234865	274248	75988	-0.0670022
0	-0.0370313	0.258991	270286	99108	-1.35052
0	0.045968	0.214097	280292	118996	-8.10678
0	-0.107359	0.209162	270300	121234	4.86329
0	-0.0529946	0.199861	272264	124281	-0.704981
0	-0.0110015	0.160558	278284	136125	4.64009
0	-0.00195938	0.218558	256382	22110	0.290643
0	0.0128407	0.252181	270284	41868	-1.15271
0	0.0475112	0.252992	272346	68103	-2.21132
0	0.00249524	0.274162	276270	86633	0.194846
0	0.017028	0.214258	280216	103753	-4.29619
0	-0.00519097	0.195345	276254	117464	3.04748
0	0.0420509	0.238859	278260	122125	-2.44407
0	-0.00648654	0.213036	282224	133520	-1.78119
0	-0.00387125	0.148272	280238	134729	0.472306
0	0.0395859	0.256501	290228	30009	-0.369291
0	-0.00921699	0.213516	272316	46948	0.0200017
0	0.0337862	0.258113	252368	56152	1.15301
0	-0.0205878	0.226471	280248	88805	-4.43532
0	-0.0271696	0.16928	278272	100842	2.33921
0	-0.0145939	0.268177	282216	121054	5.28828
0	-0.0092978	0.241306	270282	119817	3.31689
0	-0.0167602	0.257661	278288	122034	-3.46699
0	0.0121301	0.144666	270274	129801	-4.36309
0	-0.00333395	0.2602	270290	18902	0.0692649
0	-0.00629801	0.247319	256392	43857	2.26294
0	-0.00939031	0.232459	278284	62786	-0.812299
0	-0.0199306	0.27522	266384	83954	0.179203
0	-0.0181106	0.278485	272266	91835	0.224661
0	-0.057163	0.212098	274300	108742	5.39479
0	-0.0212157	0.236642	282216	111806	3.141
0	-0.0731936	0.212774	278268	125342	12.7479
0	-0.0410321	0.191758	272276	124909	14.3601
0	0.044778	0.230961	262324	17941	-0.0553315
0	0.00163499	0.242334	276274	44235	-0.46931
0	0.024347	0.24519	276246	68010	1.31796
0	-0.00452575	0.261195	272294	84937	3.9652
0	-0.00976404	0.267865	264332	97001	-1.1062
0	-0.0214285	0.278818	266332	107028	2.9367
0	-0.0301856	0.212605	282266	121113	3.04151
0	0.0205261	0.158338	270310	125499	3.36665
0	0.0117837	0.149094	272284	131842	5.49158
0	-0.0356572	0.268822	264318	19960	-0.255262
0	0.0104776	0.255692	266340	39084	0.0375615
0	-0.0248315	0.257459	282236	67824	3.68357
0	0.00776181	0.256293	262336	86010	-1.07711
0	0.0185057	0.287252	282252	97828	-3.63551
0	-0.0123845	0.185869	286206	117991	0.97346
0	-0.0731447	0.2313	262322	113241	2.68753
0	-0.00523421	0.18978	274312	125866	-2.90595
0	-0.00165312	0.164376	270322	130080	0.52405
0	0.0308405	0.264226	270298	24854	0.769064
0	-0.0230172	0.239056	280222	39918	-0.0321743
0	-0.0504034	0.279912	256414	60911	0.761296
0	0.0072528	0.227028	270334	82279	3.43391
0	-0.0444408	0.265122	282278	98930	3.16367
0	-0.0240578	0.227852	258360	106324	2.78671
0	-0.0505529	0.214766	272274	105037	-1.6278
0	0.0416831	0.222399	264298	119327	-6.89957
0	0.0474854	0.175569	268364	128073	0.735582
0	-0.013988	0.217085	266356	22930	-0.34428
0	0.0150787	0.243316	268302	50916	-2.00328
0	-0.0168896	0.219374	272296	61779	1.99354
0	0.0604479	0.218508	286224	88020	-0.955567
0	-0.00214738	0.236499	268300	99358	4.065
0	0.0127068	0.207017	278218	113773	5.72107
0	0.0138305	0.229019	278280	123178	-1.37554
0	-0.0246595	0.199335	280264	126720	2.77029
0	-0.0670892	0.191503	286212	136815	17.1621
0	0.0185373	0.261094	266352	19208	0.251322
0	0.0147353	0.286338	268318	29981	-0.63404
0	0.0200046	0.240394	276304	69916	-1.19906
0	-0.0428852	0.254382	282274	87066	0.612673
0	0.0473794	0.203269	282250	112030	-2.26233
0	0.0165703	0.265025	278254	111344	-1.0433
0	0.0149108	0.232236	270288	121356	-1.049
0	0.0026421	0.198154	272324	125990	8.02711
0	0.0271644	0.206426	276280	132073	-0.573248
