0	-0.0391479	0.249474	252584	100075	-0.0317931
0	0.0231283	0.217859	254688	173191	0.733744
0	-0.024138	0.164567	232452	195467	0.735835
0	0.0196307	0.0951535	239312	221374	-0.37309
0	0.0676433	0.12797	231738	216953	1.57985
0	0.0131073	0.0827994	239458	230537	-2.08949
0	-0.0395367	0.0783768	231726	224380	3.20427
0	-0.0156316	0.0494448	242630	238195	-0.89696
0	-0.0434493	0.0225848	250452	246734	3.78247
0	-0.0230664	0.287185	245400	77953	-0.045292
0	-0.0123979	0.259823	238270	153105	0.187521
0	-0.0151619	0.18962	235788	187637	-0.00432024
0	0.0465353	0.132578	227684	206902	3.66724
0	0.0260958	0.137274	251700	239755	0.209006
0	0.0424961	0.129147	228378	209056	3.74769
0	0.0117189	0.107721	246516	236433	-0.00143228
0	-0.0205732	0.0559021	239170	234137	3.71458
0	-0.0163535	0.0501602	238058	235346	0.423479
0	0.0120314	0.237965	254694	107316	0.0592328
0	-0.00392993	0.22046	247434	153915	0.00804089
0	-0.0119352	0.21018	238762	182873	-0.0623782
0	-0.0366872	0.145143	239526	213916	2.25049
0	-0.0218516	0.132447	227440	210723	1.20508
0	-0.0266764	0.100283	239932	230601	2.35846
0	0.0299074	0.0697295	249822	241020	0.722285
0	-0.00049722	0.0179156	257140	255439	3.9538
0	0.0094703	0.047184	250214	247260	-0.305735
0	-0.0156035	0.232177	252756	118878	0.0376055
0	-0.0226267	0.266336	226696	141947	-1.01076
0	-0.0118049	0.219931	241132	191103	2.09998
0	-0.0363645	0.158391	220992	201019	-0.395908
0	-0.00830898	0.0874539	239096	228701	0.814004
0	-0.00515504	0.0613464	246228	235948	-0.0810397
0	0.0532874	0.0581039	233512	224874	-0.253037
0	-0.0103378	0.038329	226940	223375	-1.32258
0	0.0109755	0.0233875	245310	243465	0.66925
0	0.0203423	0.266296	250786	91223	0.345109
0	0.00740226	0.215302	251112	154730	-0.41693
0	0.0036124	0.228389	230328	180825	-0.517908
0	-0.018029	0.164938	242694	203199	0.394117
0	0.0521325	0.110601	227658	209571	-1.83952
0	0.0237278	0.074772	242166	233976	4.56247
0	-0.0277794	0.081677	238738	230053	-1.72989
0	0.0286805	0.0610255	241514	235135	-2.46431
0	-0.00654708	0.0050233	251556	250567	7.18128
0	0.0124085	0.296251	251228	82854	0.130161
0	0.031275	0.235749	239834	135862	0.265113
0	0.0139803	0.225691	248376	202894	0.64646
0	0.00591443	0.147253	248744	222449	-0.490908
0	-0.0191952	0.132423	244722	228122	1.26013
0	0.0340101	0.126465	246462	234992	2.30664
0	-0.00509296	0.0849336	242726	231714	0.613099
0	-0.0347895	0.031765	243094	237865	5.98139
0	-0.00127599	0.0230835	232648	229728	-1.84264
0	-0.00500393	0.257577	247086	84268	-0.0461366
0	0.0173937	0.265351	230108	121360	-0.30135
0	-0.00645266	0.216727	237790	175866	0.868406
0	0.0560282	0.13866	236382	215317	-0.522004
0	0.0317447	0.115499	229296	215211	-1.1534
0	-0.0171341	0.0933814	228144	218978	-1.88151
0	0.0252345	0.0598833	241662	233284	-3.23547
0	0.0278535	0.08247	238350	230419	-0.741834
0	0.0239099	0.0427604	255004	249681	-3.55767
0	0.0330831	0.255483	261026	92534	-0.423508
0	-0.0168567	0.212404	239536	158465	-0.102638
0	-0.00953738	0.261176	233392	177256	1.6806
0	-0.00264046	0.16879	242762	210716	-0.493845
0	0.001289	0.113972	247094	225021	-4.09856
0	0.0499225	0.0890959	228844	218249	2.03925
0	0.0560167	0.0775207	231440	223231	-0.490795
0	-0.0882703	0.0560946	233004	227738	3.44681
0	-0.0154579	0.00837045	243908	242959	3.63952
0	0.00374775	0.256393	243738	91390	0.438153
0	-0.0343845	0.214983	236888	149803	1.61608
0	0.0152597	0.252215	252280	197611	1.97913
0	0.011601	0.175611	243128	216473	1.09624
0	-0.0639402	0.0690806	234946	225604	-0.576135
0	0.0291566	0.0755292	250118	241244	-1.60071
0	-0.0077772	0.0775027	239728	231352	-0.908145
0	0.00828642	0.03418	245620	242233	-2.10205
0	-0.0259987	0.0173065	256070	254895	-0.658547
0	0.0443391	0.237263	240138	82758	-0.218557
0	0.0238914	0.240143	255298	172432	0.41297
0	0.0388743	0.20958	229544	194716	-2.7656
0	0.00878923	0.180074	253954	220226	0.796393
0	-0.0496709	0.148986	239854	218567	-0.61402
0	0.030487	0.0931867	234092	223318	-5.57662
0	0.00445022	0.0615768	255432	246219	-1.94857
0	-0.0120132	0.0291512	256134	252058	-2.28039
0	0.0361102	0.0358628	238122	233158	4.65218
0	0.0281029	0.241115	255524	110242	0.142503
0	0.053827	0.243617	249978	167660	-0.108634
0	-0.0420616	0.181213	225974	189009	-2.88358
0	-0.0127064	0.171641	214728	194493	1.86052
0	0.0649333	0.137201	222764	205794	-1.69506
0	0.00457993	0.0545647	242964	233483	0.969957
0	-0.0265266	0.0419213	241998	236032	5.88959
0	0.0222528	0.0489888	234588	231722	-0.210853
0	0.0626482	0.0313322	241644	237193	-2.37738
0	-0.00148857	0.227973	252768	93829	-0.0963697
0	-0.000463934	0.266338	254524	161953	0.0615984
0	-0.013699	0.208503	259488	207611	0.7093
0	-0.0259484	0.156301	235226	210039	2.23854
0	0.030166	0.171862	237740	216541	-0.172548
0	0.0084104	0.160116	241036	224586	-1.14018
0	-0.0631176	0.0405688	233448	226712	2.79757
0	0.00290211	0.0390856	235590	230983	0.171311
0	-0.0663789	0.0558567	246904	242081	-0.531482
0	-0.00734657	0.280269	271010	87531	0.0148903
0	-0.0114921	0.248582	252252	162872	-0.772845
0	-0.00908911	0.203554	239636	196185	1.35242
0	0.00949933	0.144824	217756	197366	1.74539
0	0.0482874	0.128772	232358	216913	4.09034
0	-0.0390992	0.0684838	242030	231690	1.97033
0	0.00891373	0.0442452	242106	235456	1.28803
0	0.0338458	0.0363696	243120	238409	-2.3435
0	-0.00844209	0.0204897	242844	239266	2.65105
0	-0.00292747	0.266392	246270	86592	0.251784
0	-0.0071783	0.22302	262664	179162	-0.642461
0	0.0191003	0.162254	226930	186542	0.59594
0	-0.0145166	0.128083	241388	216164	2.16282
0	0.00839915	0.114106	224718	212681	-0.18735
0	0.0152927	0.0851529	245798	235341	-0.264732
0	-0.0210458	0.0505722	240040	233590	0.621311
0	0.0241487	0.0377108	244720	242310	-4.90572
0	-0.0364852	0.0423887	237452	233676	2.43095
0	-0.0469277	0.269414	242700	93865	0.237723
0	-0.0432056	0.23178	246206	166072	1.12324
0	0.0192257	0.206415	233302	184632	0.151229
0	0.035971	0.155354	230638	196094	-1.75626
0	0.0236839	0.112847	261366	253535	-3.11128
0	-0.0216079	0.121745	237016	225672	-0.533807
0	-0.0276983	0.0414118	249382	244295	3.41246
0	0.0453543	0.0342934	256610	250178	0.158452
0	-0.0721898	0.0240391	255334	252666	6.27853
0	0.00362554	0.202466	233714	113207	-0.0283464
0	-0.0201758	0.250377	243148	157981	0.626414
0	-0.0384136	0.207815	242668	189608	-1.85944
0	-0.0180766	0.156681	237640	210788	1.69777
0	0.0235926	0.128442	231738	216431	-2.41762
0	0.0356065	0.0695349	238680	230508	-2.0051
0	-0.00976692	0.0473163	237822	233900	-0.56249
0	-0.0221465	0.0494568	249252	244909	1.70892
0	0.0103435	0.0214149	240768	239733	1.68578
0	0.00485338	0.260799	250914	95057	-0.00899709
0	0.0588276	0.219221	238168	162519	0.878926
0	0.0103702	0.185807	244092	200554	-1.63325
0	-0.000198364	0.140629	241746	209956	-0.221342
0	0.00254818	0.0897048	241790	226346	-2.24597
0	0.008183	0.0809696	243658	231091	-3.0613
0	0.0464013	0.0643691	254422	248187	-4.57865
0	-0.00386124	0.0515968	231962	226300	-1.18628
0	-0.04862	0.0176193	234792	232952	7.53187
0	-0.0174088	0.284021	252638	90668	-0.00986292
0	-0.0431864	0.226974	260438	185474	1.34738
0	0.0124502	0.199597	245168	207940	1.37894
0	0.0133663	0.19244	245202	216574	2.02799
0	0.0230326	0.151944	227852	207544	2.12675
0	-0.0238216	0.127059	241016	221897	2.09719
0	0.0236054	0.0846331	230598	219344	-0.483036
0	0.00309455	0.0447702	247684	243223	-1.65734
0	0.00521207	0.0359044	237106	233171	-3.2077
0	-0.0113031	0.259113	254334	81362	0.0766261
0	-0.0336394	0.242691	250892	159281	-0.0694852
0	-0.00642398	0.168368	250674	216994	-1.11634
0	0.0427181	0.17716	231540	204968	-0.616661
0	0.0174007	0.113408	227708	207851	2.34833
0	-0.0187205	0.112499	237592	220838	-3.95676
0	0.0470591	0.05109	236502	232674	-3.47603
0	0.0151429	0.0294339	230928	227910	-2.04031
0	-0.0389623	0.0254679	245294	243417	-1.97902
0	0.0283259	0.261089	253562	92229	0.317192
0	-0.0102168	0.215556	234348	159649	0.487657
0	-0.017996	0.16346	261376	209592	-0.322329
0	-0.000175828	0.176273	235346	198267	-1.63004
0	0.024876	0.0879562	246636	231541	-1.23447
0	-0.00186486	0.0937536	242114	227346	1.78806
0	-0.0111808	0.0489021	238220	231733	-5.83782
0	0.0142383	0.0378054	251498	248728	-3.94115
0	-0.0340887	0.0155498	246506	244925	3.14434
0	0.05008	0.23664	260838	107858	0.216968
0	-0.00858261	0.239537	258938	173893	-0.0625989
0	0.0237478	0.18466	252076	213110	-1.48926
0	-0.0274113	0.174937	245082	215469	-0.00416938
0	-0.0107734	0.107909	232258	212910	1.44876
0	-0.0172647	0.106892	255256	240728	-4.54931
0	0.024246	0.0283448	239288	234274	1.69927
0	0.0143833	0.0618072	260178	252570	-2.65316
0	-0.0164142	0.0180551	231040	229028	2.99216
0	-0.0307963	0.270376	248924	91524	0.122095
0	-0.0229172	0.245691	266746	165362	-0.892498
0	0.0102955	0.189448	240066	185411	-0.103612
0	-0.0289395	0.230835	247796	209126	-1.53807
0	0.0234207	0.148812	253988	237578	-2.09923
0	-0.0125032	0.120045	225542	211538	-1.98007
0	-0.04687	0.0759472	249144	241040	0.694309
0	-0.0178288	0.024258	254964	250816	1.44556
0	-0.0100809	0.0256544	229114	226256	-4.22903
0	-0.024348	0.250601	255434	104869	0.152804
0	0.00270136	0.278455	243826	138544	0.692671
0	-0.0420311	0.225894	235776	185270	2.26568
0	0.0134406	0.123931	248104	229302	0.107924
0	-0.0204062	0.192501	233050	212103	-1.952
0	0.0398435	0.0678446	249684	241014	7.21802
0	0.0179791	0.0469563	248326	240423	2.56126
0	0.053092	0.0738047	237082	225615	-0.371088
0	-0.048628	0.0305216	251128	248599	3.51127
0	0.00016075	0.231576	258916	121396	0.0152005
0	-0.0521862	0.256175	247606	150163	-0.476124
0	-0.038312	0.194807	231092	192102	-0.476692
0	-0.0379557	0.13738	235114	209396	0.659232
0	0.00404184	0.114968	233372	215291	-0.64283
0	-0.00948865	0.0767362	246576	234004	2.27496
0	-0.00391165	0.0675352	257872	248257	-2.33466
0	-0.00964646	0.0200779	246410	244209	-1.85199
0	-0.0206577	0.0342972	247312	244570	2.61213
0	-0.0201168	0.251749	241168	70801	-0.087353
0	-0.00981688	0.254771	244166	163093	1.15523
0	-0.0322934	0.231155	241866	199206	-0.253651
0	-0.00421224	0.163726	237834	211463	1.97385
0	0.0366989	0.126072	243654	229974	-2.76361
0	-0.0370331	0.0745461	233848	226931	2.64603
0	-0.024725	0.0916161	238832	230032	4.76187
0	0.0141587	0.024062	239638	237722	-1.6456
0	0.0039567	0.0226737	251282	246494	0.882194
0	0.0204919	0.261577	251528	92790	-0.131006
0	-0.010162	0.224774	248806	160173	-0.117763
0	0.0462106	0.258426	247966	183354	1.49133
0	0.0168864	0.175923	235842	214980	1.45964
0	0.0720895	0.152472	235386	214565	-0.262737
0	-0.0430504	0.101152	239438	226973	0.190713
0	-0.0280671	0.0696134	234710	227650	-5.0436
0	-0.00297009	0.046641	241186	233380	1.16776
0	-0.0160513	0.0111192	254358	252515	2.19764
0	0.0257269	0.255142	251192	89708	-0.551668
0	0.0169247	0.237678	243108	127546	0.694976
0	0.0590071	0.191099	245194	196336	-1.24492
0	0.0107649	0.151701	231230	208349	0.100119
0	0.00548845	0.0972464	237514	228798	-3.38238
0	-0.00385996	0.0960296	245156	236010	0.0447187
0	0.0011869	0.0490113	235152	230754	0.903336
0	-0.00709448	0.0322533	231786	228374	6.70153
0	-0.0171441	0.0248337	237888	235480	2.34611
0	-0.0133584	0.216204	242944	95844	0.138021
0	0.045897	0.215352	250420	177385	0.241697
0	0.0347755	0.179904	232274	193770	-1.52293
0	-0.00359309	0.147052	239940	219973	2.50041
0	0.00941307	0.150691	245622	227953	-0.253627
0	0.0325211	0.0692629	235730	224324	0.405593
0	0.028493	0.0614624	251444	246604	1.96745
0	0.000987238	0.0409235	228898	224102	-2.3718
0	-0.021772	0.0433521	231012	228073	-3.43876
0	-0.00526274	0.277421	247552	82586	-0.118417
0	-0.00569322	0.222827	259302	174905	-0.060749
0	-0.0298292	0.201848	229242	180295	-1.1537
0	-0.0185332	0.211515	229390	197357	-1.20517
0	0.0248368	0.110708	235164	220203	2.96215
0	-0.00780631	0.117743	229458	214954	-2.56525
0	-0.0180228	0.0640958	248124	239404	0.29361
0	-0.0281809	0.0350784	241820	238529	-0.482886
0	-0.0025848	0.0188131	246458	242492	-2.18429
0	0.0355037	0.269698	243654	94065	0.224772
0	-0.0181405	0.207556	250612	171766	0.576057
0	-0.0305171	0.183584	249768	212138	-0.898612
0	0.0074775	0.103146	219442	202268	1.87933
0	0.0255299	0.0736615	256526	244865	2.02435
0	0.0148068	0.0562961	236892	226611	-3.2659
0	-0.035953	0.0317659	252378	249027	-0.0226053
0	0.00874081	0.0277063	251452	247840	-5.53818
0	-0.0518456	0.0260989	232546	229421	2.83619
0	0.00937938	0.231307	259756	89733	0.113448
0	-0.024077	0.248355	266486	172993	-0.0734174
0	-0.0233019	0.237425	234162	199001	0.333091
0	0.0105307	0.144488	245822	221944	-1.43354
0	-0.0256395	0.116794	237758	219003	2.28544
0	0.0279993	0.0669493	240044	234090	-2.93183
0	-0.0107914	0.0306134	240060	235889	0.222841
0	-0.0119681	0.0751586	244682	237185	-3.38372
0	-0.024053	0.0239336	243240	239753	-0.197355
0	0.0404407	0.255333	269902	105464	0.0730814
0	0.0346589	0.190006	264066	180900	-1.06818
0	-0.0126075	0.164871	246458	202519	-3.62653
0	0.0331296	0.20395	252182	218983	1.40707
0	-0.0239874	0.134586	223314	206149	5.31658
0	-0.0155885	0.127475	240642	220840	3.23499
0	-0.0122353	0.0565177	232052	228015	-1.82145
0	0.0321641	0.0531527	245822	239199	2.02888
0	0.00249553	0.0299578	235048	233195	2.72058
0	-0.00639736	0.212097	225292	92416	0.147143
0	-0.0378389	0.237511	261272	193215	0.262488
0	0.00348615	0.187413	228112	187703	-1.4133
0	0.0128127	0.161546	242748	214944	-1.17697
0	0.00965973	0.130762	244068	223755	-0.595509
0	-0.0239411	0.0704286	243764	234745	2.63339
0	0.0264564	0.0529052	238710	233266	-2.43052
0	-0.0296824	0.0600318	259990	254552	-2.52712
0	0.00381984	0.0120346	236920	234927	-2.69775
0	0.0113785	0.277761	248626	69665	0.0907107
0	-0.0181444	0.217575	248760	160285	0.879143
0	-0.00482548	0.186787	249940	203234	-2.35396
0	-0.00609256	0.182699	243944	215834	-1.45984
0	0.00227089	0.126478	227524	209268	2.61657
0	-0.0385799	0.0890986	234386	225619	-2.10888
0	0.00726031	0.0631889	224648	217323	3.66878
0	-0.0235148	0.0455577	226762	221812	-0.546951
0	0.0198145	0.0265253	252500	249401	1.2457
0	-0.00384023	0.229751	248688	107951	0.222254
0	0.044379	0.239222	254952	172851	-0.456163
0	0.00840382	0.206205	239012	186276	-0.195214
0	-0.0115709	0.122265	260558	236435	2.53915
0	-0.0362647	0.13822	246628	232919	-0.141705
0	0.0256308	0.0751196	254042	247330	2.564
0	0.0446102	0.0443407	235328	227926	1.28803
0	0.00454985	0.050708	236466	230738	-1.98392
0	-0.0226609	0.0335557	237294	233102	5.20091
0	-0.0245697	0.209227	240380	89546	0.266476
0	0.0281862	0.225072	238826	150689	-0.13042
0	0.0362677	0.179111	250320	196548	-2.77121
0	0.00866645	0.111729	223894	208729	-1.49072
0	0.0504823	0.0889114	244852	229218	-1.6126
0	0.0145705	0.0913301	247254	237885	1.56564
0	-0.00630919	0.0443494	236760	232005	1.46409
0	0.00644667	0.0460504	253190	249565	1.75902
0	-0.00862927	0.0250254	243286	240516	2.84259
0	-0.0329295	0.254692	256608	99548	0.18566
0	-0.0272322	0.215343	242232	168764	-0.626453
0	-0.010061	0.164139	240286	203241	1.57981
0	0.0556626	0.126296	239896	212478	-0.517725
0	0.0256767	0.1064	256490	243843	3.47798
0	0.0190366	0.0907804	225914	221385	3.8003
0	-0.0340711	0.0708453	235162	229184	1.80612
0	-0.0314034	0.0361482	251452	247053	-3.10492
0	-0.0222421	0.0156471	249348	246895	-3.38192
0	0.0600549	0.232334	262904	107540	0.168601
0	0.011217	0.251782	239510	142237	0.811077
0	0.0260607	0.231076	234346	199866	0.397475
0	0.0285212	0.169249	237342	205103	-0.350061
0	0.0899788	0.0773097	225602	209140	-5.942
0	0.00930403	0.0442659	245678	237559	-3.17642
0	0.0185672	0.0469911	252840	247791	-5.6884
0	-0.0101684	0.0237021	246950	245147	-1.0087
0	-0.0125405	0.0153147	253540	252748	0.740126
0	0.00580757	0.209487	259648	98747	-0.139842
0	0.0300251	0.228122	236408	157616	-0.806448
0	-0.0420194	0.189458	233862	180276	-1.69789
0	0.0343081	0.169352	231360	209808	1.46881
0	-0.0133571	0.108309	247370	227283	4.6593
0	0.0168236	0.0522187	253320	244189	2.47118
0	-0.0212192	0.0494646	256118	250117	-1.8613
0	-0.0194873	0.0483752	250774	244185	2.04576
0	0.0188389	0.0217753	235784	232807	-0.457903
0	-0.0378905	0.255542	257248	86723	-0.142998
0	0.00491767	0.238412	250320	169865	1.00275
0	0.019275	0.178111	229234	185893	-1.3654
0	0.034159	0.209201	232100	193604	-0.993317
0	0.0560182	0.117106	242614	227496	-1.03212
0	-0.0112914	0.10305	225516	213526	-0.782697
0	0.0273029	0.0614044	244356	237415	-0.0712855
0	0.0187089	0.0518691	223304	218477	0.513188
0	0.0193224	0.0313799	246060	243367	-0.176962
0	0.0252479	0.227775	234520	88912	0.0555526
0	-0.0289058	0.2574	249510	147508	0.125063
0	-0.0536002	0.251167	246614	185782	1.949
0	0.0361172	0.144055	241718	214907	0.35373
0	0.0226992	0.146836	224950	209947	-1.1682
0	0.01883	0.13946	230764	214585	-0.0256857
0	-0.0136105	0.0397297	234430	229955	0.465857
0	0.0379259	0.0440354	233260	227081	-2.60633
0	0.0211849	0.0377888	246686	244896	2.15719
0	0.029722	0.248294	240750	88686	-0.475731
0	0.0142234	0.224523	244858	169930	-1.01085
0	-0.00550138	0.183111	244716	200939	0.915225
0	0.0403385	0.162814	224208	205609	1.16058
0	-0.0113756	0.143412	226822	211076	6.20729
0	0.01238	0.0690759	237496	229904	0.14919
0	0.0277953	0.081749	249822	241608	-1.10613
0	-0.0366361	0.0310768	245296	242392	4.24115
0	0.020441	0.0414263	252790	246777	0.526722
0	-0.0454041	0.240993	239838	85075	0.0203226
0	-0.000990941	0.240804	246842	141980	-0.148241
0	0.0204058	0.229447	241198	196000	1.61961
0	0.000194745	0.171009	240890	203147	3.49587
0	0.0218609	0.144884	237738	219709	-1.87138
0	0.0121238	0.0875643	245354	234072	-1.35433
0	-0.0500112	0.0595155	252116	244549	0.408363
0	-0.00209777	0.0393235	253330	248692	-2.91856
0	-0.0110205	0.00559276	252356	251446	1.56863
0	0.0149538	0.241099	242472	84171	0.0718289
0	0.0165214	0.238333	252312	171078	0.82142
0	0.0321166	0.235565	249870	193519	-0.75097
0	-0.0247568	0.128762	242220	219641	2.30031
0	0.00257653	0.0897969	245010	226599	0.750051
0	-0.0311001	0.0721437	256032	244981	1.76002
0	-0.0370799	0.050671	230026	221453	-3.86431
0	0.0357681	0.0465128	226900	222620	-0.592744
0	-0.0140031	0.0231567	234640	231985	2.14145
0	0.00414185	0.241703	262362	106262	-0.176887
0	-0.0164761	0.229252	257966	172184	-0.542046
0	0.0600393	0.234846	247120	192013	-0.884104
0	0.0201256	0.153295	242712	214767	-0.463665
0	0.03284	0.120459	232956	212550	-3.71398
0	0.0349116	0.0948049	251704	237067	1.65533
0	0.0153914	0.0416366	244000	235535	3.06829
0	0.00857295	0.0382962	234620	227738	3.19388
0	0.0254859	0.0340572	236130	231678	2.46106
0	0.0145983	0.234321	269204	96465	0.227865
0	0.019505	0.234261	223994	149377	-1.40145
0	-0.02145	0.142669	246340	221446	1.07353
0	-0.0124386	0.146045	237314	218914	2.09142
0	-0.0155398	0.147665	229758	211019	-1.11343
0	0.0279438	0.107067	259208	245267	-2.04443
0	0.0290225	0.039042	252432	250092	-4.23811
0	0.007445	0.0516369	244240	236760	0.0556426
0	0.0565237	0.0297397	242850	241273	1.0695
0	-0.000519124	0.266242	260292	90836	0.208221
0	0.00106641	0.225112	248376	164587	-0.668612
0	-0.0417426	0.203342	240662	185447	-0.102144
0	0.0123652	0.196535	249262	217773	1.33548
0	-0.0347163	0.0991008	232444	221090	-0.563999
0	-0.00301293	0.104704	249780	238415	-0.746661
0	0.0324864	0.0774727	240466	234029	-2.97624
0	-0.0234186	0.0759221	252434	243314	0.68902
0	-0.0447285	0.0195408	247042	244691	1.96414
0	-0.00530142	0.244438	247054	92420	-0.149239
0	0.0375473	0.245444	243738	152036	0.111779
0	0.0126625	0.232688	256042	196266	0.695943
0	0.0333991	0.165394	251588	225882	2.66757
0	0.000942332	0.0443707	242180	233223	-1.34895
0	-0.0414169	0.118565	238468	225126	1.92185
0	-0.0275286	0.0778573	251126	240916	0.556895
0	0.0565062	0.0624764	244390	239934	-1.93287
0	-0.013803	0.0212357	261516	260128	-0.0777483
0	0.0316703	0.227153	256238	93036	-0.345244
0	-0.0057993	0.224691	245910	158464	-0.367002
0	-0.0160532	0.191101	238772	197244	0.299784
0	-0.0399241	0.18981	248356	212351	-0.533915
0	0.00718231	0.110175	242440	225951	-2.94934
0	0.0376895	0.0561691	246724	240264	-1.80405
0	0.00792824	0.0445022	256110	249715	-1.46222
0	-0.0209716	0.0516896	241598	234475	1.34339
0	0.044777	0.017865	243810	241339	1.29598
0	-0.0117758	0.283819	242850	72223	-0.0738122
0	0.00322641	0.253296	254462	149850	0.252995
0	0.00952007	0.218501	245050	193718	-0.52852
0	-0.00894841	0.154848	226758	202287	-0.433926
0	0.0141994	0.136658	228888	214853	-3.59614
0	0.0194751	0.0728741	215220	205408	-1.84987
0	0.0239229	0.0470827	237560	231614	-0.0656843
0	-0.00649327	0.0485046	248920	243403	3.8213
0	0.0345349	0.0326919	240606	235488	0.793791
0	0.012276	0.226653	244422	105501	-0.218376
0	0.0263049	0.241545	242746	158226	0.180771
0	-0.0717658	0.188066	241682	192795	1.99449
0	0.0314634	0.1279	216928	193826	-0.336326
0	-0.00571093	0.111678	253188	239601	0.599851
0	0.0266569	0.0812021	253050	239337	0.71448
0	-0.0682622	0.0364725	230766	227687	-1.99964
0	-0.0470747	0.0427667	235904	229960	-1.27064
0	0.00380276	0.0565774	251166	246617	0.1235
0	0.0186071	0.218101	258978	120359	0.0631446
0	0.0138627	0.255264	257816	165127	-0.850851
0	-0.0292573	0.164092	230166	195607	-0.43305
0	-0.0101926	0.168055	228026	201692	-0.826093
0	-0.00123482	0.100157	229708	214129	-3.14774
0	-0.00190553	0.0978283	238862	225086	-3.87527
0	0.00572098	0.0665685	229670	222912	-3.37639
0	0.00630195	0.0429333	247132	243679	0.262699
0	-0.00297907	0.0328665	250594	246890	-0.432478
0	-0.0253192	0.242443	241024	82415	-0.133551
0	0.00236679	0.23218	259026	172744	0.488464
0	0.0640645	0.252175	251830	212049	0.355942
0	-0.00968345	0.186601	232120	195665	-1.30804
0	-0.0085645	0.112452	238496	219712	6.45066
0	0.053645	0.0678939	247178	238480	0.735134
0	-0.00285169	0.0380637	229896	225117	0.337506
0	0.067953	0.0455897	246712	242578	-1.39848
0	-0.0686774	0.015154	249678	248794	-1.77022
0	0.0473921	0.230251	262012	96410	-0.126683
0	-0.0215499	0.255631	255342	161791	-0.854459
0	0.0159301	0.200053	241122	198218	1.42269
0	0.0146875	0.149493	256510	228522	1.27269
0	0.0437989	0.112457	231524	214809	-1.17855
0	0.00963114	0.103167	242968	227474	7.2171
0	0.0158568	0.0346226	245878	239226	-1.28506
0	0.0177168	0.0274037	248262	244630	3.45754
0	0.0152854	0.0310587	246788	241995	-1.85165
0	-0.0173668	0.246491	255978	91761	-0.162389
0	0.0204519	0.226399	246508	159312	0.223915
0	0.0596667	0.237	229010	171867	-0.838023
0	0.0463597	0.137848	238482	215454	1.41925
0	0.00251081	0.106753	237714	222558	0.852808
0	-0.0602594	0.0878124	242566	234110	1.72449
0	-0.0133219	0.0758488	234894	228462	1.16029
0	0.0214339	0.0648388	245804	238085	-3.17507
0	0.0285032	0.0178376	254346	252440	-1.48191
0	0.03301	0.252236	242492	96246	-0.0510316
0	0.044263	0.227135	263032	174689	0.0844282
0	0.0441947	0.189597	252814	211813	0.643976
0	-0.0189661	0.146175	233100	211343	1.2722
0	-0.00222408	0.113496	247760	234093	-0.765295
0	0.0227904	0.114301	242362	229724	-0.997384
0	-0.0113871	0.0914259	234566	221943	0.193538
0	0.000138576	0.0328734	228870	225890	1.34673
0	-0.0173888	0.0333053	240204	238064	-3.01926
0	-0.00536686	0.304588	257106	84101	-0.0176237
0	0.0150949	0.242224	262956	180855	0.490457
0	-0.0135182	0.190441	254198	218368	-0.127068
0	0.0298854	0.148468	233232	205309	-0.505609
0	0.0353831	0.114176	258958	240113	-1.88676
0	0.0311003	0.101099	234440	223896	-1.01868
0	0.00318525	0.0699761	231784	222743	1.86415
0	-0.0365665	0.0340945	251818	248275	2.97375
0	-0.0834016	0.0396789	245206	242521	2.80753
0	-0.0269858	0.254504	264896	94093	0.039383
0	-0.035124	0.26018	243744	159290	-0.23702
0	0.0333048	0.219945	235312	186200	-1.82517
0	0.0308658	0.176433	218330	194833	1.81892
0	0.0418188	0.108779	233026	213208	-1.52821
0	-0.0232845	0.0709503	218548	214642	-2.01524
0	-0.0211967	0.0807414	256146	247943	2.53634
0	0.0335224	0.034522	238032	234487	-2.03216
0	0.023501	0.0322935	251100	248033	0.0113973
0	-0.0273955	0.27656	260370	82351	-0.0273271
0	0.0243685	0.222158	226288	147712	-0.159573
0	0.0303035	0.206757	244204	192671	-1.60835
0	-0.0138102	0.103202	234868	217133	1.68821
0	0.0742516	0.122433	216428	200302	-1.54602
0	0.00936135	0.0833913	234068	220507	-2.31222
0	0.0225127	0.0837553	244442	239219	3.9378
0	-0.00211566	0.0524759	238666	233873	-2.63249
0	0.00714608	0.0168735	258418	256430	-1.00136
0	-0.000874468	0.228072	242928	101921	0.0561641
0	0.0160588	0.190532	243582	163554	1.46424
0	0.00247918	0.206389	251180	185269	2.76441
0	0.0118466	0.163748	224904	197634	-0.9228
0	0.00795119	0.108964	240756	224575	-3.04648
0	0.0199668	0.0832158	227924	221959	1.90337
0	-0.0405474	0.0500891	231730	227021	2.27833
0	0.0342787	0.0718523	252866	243827	-0.871604
0	0.000534772	0.0468208	256254	253673	3.24486
0	0.0197873	0.235354	240430	102578	0.132634
0	0.00444162	0.25065	262536	157867	0.579903
0	-0.044319	0.202186	240740	193368	2.64749
0	0.00723255	0.164324	232392	207866	0.801312
0	0.0111756	0.151772	253762	240969	-2.2001
0	0.000347641	0.0948138	254694	243776	0.186864
0	0.00611071	0.092095	239788	232294	-2.45328
0	-0.020677	0.0300145	229974	226713	3.68162
0	0.00176518	0.0641259	251738	244426	4.04505
0	0.0249555	0.248883	247978	82738	0.0397094
0	0.00517733	0.25059	247538	164494	-0.410944
0	0.0116371	0.178968	252946	213935	-1.2937
0	-0.0137563	0.193424	228290	201738	1.78949
0	0.00814573	0.0892793	247250	235145	-3.30237
0	-0.0128392	0.0858015	253496	247164	1.0267
0	0.0396246	0.0782649	238880	229421	-2.72431
0	-0.0217566	0.0465875	247164	243587	-0.445505
0	-0.019326	0.0264222	247374	245027	0.216402
0	-0.00302696	0.259415	250720	91520	0.202275
0	-0.0295989	0.213237	260142	176598	-0.159956
0	0.00492907	0.259217	241472	196594	-0.597439
0	0.0157533	0.146175	247350	212572	-2.0314
0	-0.00340904	0.120183	238834	222285	4.10707
0	0.0491843	0.119741	249994	235162	1.62365
0	-0.000567635	0.0552071	238772	231860	-0.251026
0	0.00951408	0.0639015	240938	235201	4.52183
0	0.0347943	0.0198581	238164	235697	0.93082
0	-0.0428117	0.277449	242564	76958	0.0872032
0	0.0288389	0.203213	258430	185934	-0.794513
0	0.0353911	0.192177	220464	174856	-0.0262357
0	-0.0178239	0.147718	245560	218866	-2.31025
0	-0.00858702	0.130823	212292	196429	3.51694
0	-0.0243678	0.108024	233714	220231	5.66603
0	-0.0238023	0.0417612	238838	234439	-1.64966
0	-0.0156952	0.05383	236228	230426	-2.279
0	0.00126537	0.0395896	246838	244877	4.11716
0	-0.013083	0.269003	255028	107238	-0.00219778
0	0.0356648	0.258883	258110	168552	0.114095
0	0.00890392	0.238515	239538	190625	0.594334
0	-0.011715	0.125012	248158	232492	1.31899
0	0.000884049	0.0673895	246514	234200	-4.23889
0	0.00419553	0.115507	256418	238998	1.18185
0	-0.0941303	0.0842576	245282	236864	0.545458
0	-0.00964174	0.0445569	239682	234882	0.652308
0	-0.0268942	0.035614	243706	240170	5.35927
0	-0.0217711	0.253527	255616	87516	0.0709853
0	0.0128603	0.253799	253088	161050	0.192499
0	-0.0346571	0.153724	236112	189815	1.14278
0	0.0153305	0.136929	227566	209946	-1.23405
0	-0.0408933	0.134846	235430	212148	0.203268
0	-0.00862713	0.0658329	248398	242012	1.55762
0	0.00948641	0.0572776	236882	228848	-0.781244
0	0.0326571	0.0424483	244808	240293	-5.23619
0	-0.0267414	0.00644744	247384	246615	-3.39558
0	0.00229669	0.257666	239820	72913	0.0471339
0	0.00539837	0.20556	235530	159391	0.109171
0	0.0281583	0.214777	244760	192374	-2.84482
0	0.014374	0.13024	245740	223144	1.5878
0	-0.0358247	0.115942	248810	230108	-1.37754
0	0.055397	0.098994	240502	228654	1.28464
0	-0.0168063	0.0460437	256340	248386	1.71662
0	0.0308917	0.0472945	251484	246977	-2.46839
0	-0.0145267	0.0337049	243568	239064	2.16741
0	0.0106152	0.252964	246992	109699	-0.148144
0	0.000542769	0.221762	256738	164489	-0.132572
0	0.0484857	0.245198	244224	182900	-2.96458
0	-0.000533342	0.202789	227808	190931	-0.267866
0	-0.0660348	0.15848	238982	217382	-4.50475
0	-0.0557098	0.0665296	246914	238188	0.310902
0	-0.0373976	0.088663	250894	243194	-2.05325
0	-0.0113914	0.0481119	249050	243076	-1.74057
0	0.0544935	0.00639634	240472	239156	-6.39439
0	0.00715477	0.234153	255174	91692	-0.106325
0	-0.0655188	0.225661	248458	159942	-0.106234
0	0.0274722	0.202462	222756	183291	-1.80007
0	-0.0296283	0.170271	237712	213117	0.531328
0	-0.0147322	0.0913307	244998	236440	-1.88564
0	0.0507891	0.108233	236764	223109	0.589633
0	-0.018873	0.068741	242396	232403	-7.80144
0	-0.0142917	0.0392882	238612	234471	-3.25055
0	0.024948	0.0245267	219112	217428	-4.08735
0	0.00604105	0.217465	243410	84533	-0.163454
0	0.0129564	0.260019	234548	135870	0.948775
0	-0.00762962	0.231878	248232	192201	0.562181
0	-0.00787308	0.174624	249112	212897	0.0874141
0	-0.0212925	0.139825	222604	201850	-1.39865
0	-0.0157255	0.0819816	241968	237272	0.801081
0	-0.0399965	0.0608684	235334	228677	0.859287
0	-0.0321494	0.0427645	245516	241341	2.78688
0	0.0364393	0.0604203	242672	239113	-5.48241
0	-0.0252025	0.276344	258572	93999	0.320481
0	0.00146555	0.25339	250722	162402	-0.724985
0	0.0731724	0.212917	246560	195303	-0.281293
0	-0.0144859	0.16124	244660	220998	-2.08765
0	-0.0412347	0.143421	237764	221643	-1.5109
0	0.0268285	0.103272	255482	242506	-2.51377
0	-0.0330712	0.06076	242138	233704	4.60447
0	-0.0182234	0.0543389	249828	245618	-0.921807
0	0.0490217	0.0235336	239224	238888	-2.97012
0	-0.0128081	0.24191	242310	81099	-0.118958
0	0.0470244	0.219024	258032	161621	0.139573
0	-0.0313575	0.194146	229252	173855	0.429542
0	0.0418446	0.160888	225752	198141	-1.98561
0	-0.0105732	0.0825955	245668	233983	0.218343
0	0.0224255	0.141584	240182	223906	-4.16794
0	0.00380951	0.0655539	247230	238736	1.12276
0	-0.0100812	0.0267885	222540	222087	-2.01358
0	0.00814455	0.0476865	244928	240370	-1.48977
0	-0.0160159	0.259591	248586	84539	-0.310024
0	-0.0525589	0.259203	256426	155056	-0.101963
0	0.0204478	0.232337	255576	206692	-0.958588
0	-0.0034559	0.140187	235108	218370	-2.38152
0	-0.0471182	0.120026	244040	229479	1.67553
0	0.0310491	0.0954426	246060	230894	-3.63112
0	-0.092503	0.0665878	242526	235371	0.406395
0	-0.0510587	0.0455377	240122	235048	-1.28575
0	0.00036254	0.0142615	250580	248851	1.23088
0	-0.000796642	0.216012	248776	95736	-0.0581793
0	0.0106866	0.24198	248228	140961	-0.50648
0	0.0397161	0.229444	244476	199257	0.127185
0	-0.00224826	0.162467	247566	214715	1.6179
0	0.00756151	0.113886	235898	218197	-1.45624
0	-0.0093202	0.0834099	222612	209127	4.28625
0	0.0327277	0.0999498	243728	234092	0.352889
0	0.00568719	0.0439307	238224	233735	-5.43331
0	-0.0117387	0.00402008	246264	244905	2.83256
0	0.0387557	0.254335	245778	98400	-0.120216
0	-0.00654745	0.204588	253396	173025	-0.78086
0	0.038847	0.236593	245176	184993	-0.365203
0	-0.0380393	0.13412	247380	234578	0.800128
0	-0.0231277	0.0795371	243326	230292	1.12665
0	-0.0154303	0.0975344	240506	230590	5.53922
0	-0.0030599	0.0766784	252506	245163	1.44552
0	-0.0354142	0.0514214	238646	233952	2.12921
0	0.00162801	0.00533236	241604	240478	-1.21247
0	-0.00334939	0.259821	248834	67573	0.0738965
0	-0.00143092	0.239564	262426	166882	0.802812
0	-0.0199119	0.18555	237258	197630	2.34417
0	-0.0235515	0.170362	211424	188573	1.26547
0	-0.0277875	0.154735	244378	228233	3.12772
0	-0.0304673	0.0917836	235872	225585	-2.61394
0	-0.00206958	0.0825321	261324	251814	-2.60283
0	-0.0535734	0.0455535	252710	248889	6.86181
0	0.00603177	0.0342651	263198	258837	0.240945
0	0.0447312	0.230664	246208	86109	-0.0412821
0	-0.00409169	0.234004	238076	153825	1.2487
0	0.0245579	0.207398	254840	200691	1.25468
0	-0.00413006	0.195437	216874	193810	3.8465
0	-0.021355	0.149524	234250	211806	2.37108
0	-0.00545392	0.134225	238598	225837	-1.85568
0	-0.0150528	0.0790887	240466	232121	-1.49834
0	0.0237499	0.0451321	256882	251353	2.3995
0	0.0450936	0.0121828	247952	247487	-4.50139
0	-0.0362881	0.268854	237058	94716	-0.0660083
0	0.0105877	0.253789	260516	146006	0.00456086
0	-0.0110118	0.224291	248726	190217	-0.462314
0	-0.0100324	0.185813	231946	198060	4.26114
0	0.00461551	0.165767	242806	223323	0.531546
0	-0.0104519	0.0556518	246296	238545	0.393672
0	-0.0545859	0.100484	231150	219079	-2.8801
0	-0.0186911	0.0130538	247202	244079	1.13112
0	-0.00755179	0.0240833	244084	241699	2.29365
0	0.0328257	0.262672	259004	108806	0.173511
0	-0.019132	0.232331	248920	169533	-1.19774
0	-0.0441387	0.246583	242130	185792	-1.1181
0	0.0292855	0.145788	244920	212306	-3.1759
0	-0.0492484	0.139877	230102	213599	4.60595
0	-0.011068	0.0709983	238930	228291	-1.11023
0	-0.0363478	0.0719546	229522	223816	-5.88933
0	0.00207151	0.0371016	241546	236728	4.98389
0	0.0498143	0.00719684	247992	247825	0.036904
0	-0.014916	0.214911	252936	97302	-0.0658854
0	0.00906469	0.232686	238688	151098	-0.199062
0	-0.00904305	0.191975	245748	189445	-0.36041
0	0.0608681	0.134912	235950	210992	-1.08162
0	0.0169043	0.095939	245174	227485	-1.6505
0	0.0323069	0.0985012	247624	233053	-0.158961
0	0.00450527	0.0714163	231132	222074	1.42203
0	-0.0160071	0.0371977	234516	231493	0.174557
0	-0.020499	0.0254679	243800	241780	3.18505
0	0.0182956	0.261288	251018	101674	0.323832
0	0.015753	0.27855	250018	135588	-0.93936
0	0.0194748	0.204112	247574	204586	-1.04013
0	-0.04112	0.145304	246328	215349	0.0831215
0	0.0401201	0.0907826	239842	222988	-0.0845536
0	0.011928	0.13077	231944	218799	0.349384
0	0.019249	0.0558835	235108	225815	-2.35046
0	0.0394816	0.0500428	241850	235743	-3.02474
0	0.0201978	0.0286418	239990	237479	1.51673
