0	-0.0392532	0.25027	274284	32013	-0.00022149
0	0.0245368	0.23507	274290	93948	0.311212
0	-0.0218139	0.202256	278264	151956	0.0386142
0	0.0187698	0.200703	278290	171943	-0.114832
0	0.0747934	0.216332	268336	172060	-0.565151
0	0.00763423	0.202779	286256	227960	-0.447572
0	-0.0238002	0.210682	270272	225981	-1.51668
0	-0.017931	0.185542	272250	240002	-0.207164
0	-0.02803	0.128936	264346	244167	-0.84332
0	-0.0231572	0.287669	284240	34008	-0.0180517
0	-0.0121252	0.268066	284238	81955	0.105719
0	-0.0142524	0.222006	278250	129910	-0.277145
0	0.057472	0.212104	282260	175911	0.38626
0	0.0280788	0.24275	278276	175964	-0.385906
0	0.0547862	0.215363	278292	194030	0.0606747
0	0.0162682	0.214441	276270	233956	-1.36621
0	-0.0064633	0.190352	286218	251987	-0.518388
0	-0.0146841	0.166543	268286	252081	-0.0773534
0	0.0122363	0.237742	270314	41984	-0.00224071
0	-0.00425874	0.22873	282248	77973	0.106682
0	-0.0112257	0.250564	282288	137895	-0.275256
0	-0.0288808	0.207277	276328	158007	-0.0914205
0	-0.0186951	0.241069	272258	183909	0.258126
0	-0.0205837	0.221028	280268	223947	0.530624
0	0.032174	0.183025	272296	228061	0.0423144
0	0.00729006	0.134327	292198	270024	1.61761
0	0.00662276	0.151196	274286	262135	0.548529
0	-0.0155244	0.232936	276234	38015	0.01386
0	-0.0260166	0.278054	276290	70035	0.00618794
0	-0.00602865	0.25891	284242	114012	0.367099
0	-0.0373778	0.227619	286214	169928	-0.0919262
0	-0.00770263	0.19832	278242	189975	0.632098
0	-0.00642045	0.170555	282272	218046	0.298584
0	0.0514701	0.163352	282258	252012	0.292159
0	-0.0171488	0.181023	268312	240114	0.720734
0	0.0101225	0.153194	280284	258111	0.925134
0	0.0212762	0.267173	278266	55931	0.0649572
0	0.00596008	0.223972	272282	62043	0.0157214
0	0.00227305	0.269989	264324	116005	-0.116102
0	-0.0166863	0.232694	278242	163917	-0.00869533
0	0.0468212	0.206342	278254	178033	-0.246145
0	0.0401592	0.203307	276280	196114	-0.366956
0	-0.0299296	0.174144	282268	236044	-1.08483
0	0.0214021	0.188152	262316	230068	-0.280804
0	0.0176433	0.122969	282268	256156	-0.0758239
0	0.0128253	0.297376	280284	39953	0.0051363
0	0.0321092	0.243107	284238	73989	0.0148484
0	0.0157142	0.267053	284220	106048	0.126293
0	0.00534177	0.219193	270286	155962	-0.319109
0	-0.0181958	0.235113	270314	181959	0.960321
0	0.0401489	0.227933	290226	223971	0.465015
0	-0.00131235	0.212409	274302	238006	-0.521085
0	-0.0184591	0.157754	280224	236080	1.08226
0	-0.003845	0.120954	274284	260123	-1.07193
0	-0.00509354	0.258332	288218	24049	-0.0192544
0	0.017382	0.268473	274302	62004	-0.297863
0	-0.00481927	0.259991	280266	117981	0.378391
0	0.054621	0.20695	286236	163972	-0.0998422
0	0.0290895	0.217322	278272	191988	-0.356821
0	-0.0240936	0.213374	272270	198065	0.206334
0	0.0165693	0.165658	280262	248027	-0.635915
0	0.0271671	0.202739	288236	250013	-0.535915
0	0.0160844	0.155061	272284	240171	-1.21002
0	0.0319683	0.256534	284232	34013	-0.0890681
0	-0.0170549	0.222069	280252	60058	-0.0431708
0	-0.00453641	0.2851	284246	119936	0.18031
0	-0.00424387	0.278723	266314	133972	-0.0128207
0	-0.0126815	0.215369	280258	181981	0.0925763
0	0.0586144	0.210199	268306	203985	-0.568324
0	0.0514497	0.187614	268332	232041	0.879317
0	-0.0787699	0.185918	286264	261951	0.596694
0	-0.00327573	0.140948	286226	252146	-0.0151348
0	0.0049377	0.256611	282240	41984	0.0811692
0	-0.0300512	0.223706	272296	82001	0.316071
0	0.0207476	0.290012	280264	109937	0.332746
0	0.0143018	0.243764	284230	163885	0.28599
0	-0.0648849	0.188653	288214	184036	-0.29274
0	0.0209079	0.204262	288244	219980	0.873906
0	-0.0110242	0.209149	282232	233968	0.0659538
0	0.00307719	0.186825	276262	244007	-0.539276
0	-0.0318127	0.123359	284214	270073	1.08565
0	0.0438137	0.237898	278284	33998	-0.0609443
0	0.0250174	0.254734	278230	95919	0.0751724
0	0.0303154	0.258415	280266	123923	-0.197934
0	0.00992361	0.250306	272300	157907	0.456076
0	-0.0541485	0.226757	268294	180015	0.729268
0	0.0166501	0.194444	278276	221938	-1.42556
0	0.00363459	0.182069	264346	226079	-1.70388
0	-0.0212678	0.198098	284228	232045	0.496008
0	0.0501954	0.138938	278260	260045	0.426622
0	0.0285367	0.242708	276240	43980	0.0123793
0	0.0533787	0.249381	276278	87941	0.0258577
0	-0.0498085	0.20928	282230	149883	-0.559508
0	-0.00856153	0.239888	288266	152005	0.617055
0	0.0589125	0.236185	276262	195933	0.11118
0	0.00760447	0.161773	292192	224003	0.0625971
0	-0.010207	0.184542	274266	228052	0.993686
0	0.0221946	0.163139	278304	248078	-0.193385
0	0.056036	0.161255	282224	264052	-0.393697
0	-0.00175151	0.22883	276276	53956	-0.0174869
0	3.21748e-05	0.271008	290206	71972	-0.0872341
0	-0.0120322	0.239322	278220	117920	0.209271
0	-0.0167853	0.220271	276240	151997	-0.510369
0	0.0303676	0.245379	286194	201877	-0.233029
0	0.00369611	0.243161	276258	223915	0.274105
0	-0.0580483	0.160098	270320	222103	1.27679
0	0.00803161	0.128581	276292	258098	-1.36754
0	-0.0670757	0.174248	290228	264072	-0.322444
0	-0.00729156	0.281031	284250	35990	-0.00161498
0	-0.0139173	0.26052	284256	75989	-0.045302
0	-0.00475677	0.235225	280276	141915	0.0527198
0	0.0142028	0.222646	284278	177965	0.334355
0	0.0593324	0.225783	286254	176012	0.77683
0	-0.0297932	0.180964	292212	243919	-0.821481
0	0.0132883	0.203376	272278	228035	-0.0243328
0	0.0236625	0.167474	280260	256064	0.711468
0	-0.00108526	0.131087	272300	254132	0.444
0	-0.00232609	0.26657	264304	34005	0.0713679
0	-0.0096442	0.235758	268302	76006	0.0973098
0	0.0205813	0.205643	272254	102043	0.151634
0	-0.0100746	0.231013	286250	157979	0.830213
0	0.00910131	0.206221	268306	183958	-0.397998
0	0.0173345	0.205595	262316	206018	-0.877271
0	-0.0202487	0.184144	282278	226023	0.382196
0	0.0127622	0.15199	272294	256060	-1.48977
0	-0.0320425	0.160255	274290	254104	1.09813
0	-0.0463219	0.269614	290216	53949	0.0559822
0	-0.0389686	0.244235	286246	95963	-0.147846
0	0.0200263	0.243631	274282	131896	-0.0889493
0	0.0294353	0.234225	284234	153972	0.204438
0	0.0156637	0.231159	266320	187999	-0.705246
0	-0.0253941	0.21714	270274	198039	0.602051
0	-0.016344	0.152686	278272	242071	0.0061909
0	0.0407421	0.1494	278264	250059	1.54211
0	-0.0551171	0.14335	280260	260052	1.15673
0	0.00345449	0.203895	280268	57999	0.0229664
0	-0.0180743	0.261061	278248	93920	-0.00402358
0	-0.0449689	0.25314	268318	129914	0.107152
0	-0.0118408	0.235234	264310	151964	-0.172957
0	0.0182796	0.219963	278274	205988	-0.823704
0	0.028197	0.189261	280258	223938	0.217755
0	-0.0106803	0.188526	284266	224067	-0.288463
0	-0.0154832	0.166979	278240	256025	-0.290083
0	0.0226378	0.13115	288220	266087	-2.0025
0	0.00493332	0.262059	282248	45992	-0.03298
0	0.0624715	0.233327	286222	101892	-0.214263
0	0.00513482	0.230852	270316	135961	-0.0626226
0	-0.00220933	0.213974	274288	147997	0.381948
0	-0.00203255	0.187533	280242	198001	-0.871753
0	-0.00632897	0.181194	284230	217997	1.29229
0	0.0331514	0.184015	268314	243989	-0.60367
0	-0.00464454	0.160022	270280	236105	-0.951288
0	-0.0212239	0.13805	266326	248155	-0.686971
0	-0.017536	0.284249	280284	35997	0.0283217
0	-0.0393838	0.236534	272304	91939	0.206589
0	0.0163452	0.246674	270272	129979	0.210437
0	0.0193806	0.282014	274298	141959	0.223702
0	0.0292071	0.246468	282258	185908	0.274385
0	-0.0201945	0.209026	276262	225908	1.00907
0	0.0198285	0.205244	278236	239927	0.650048
0	0.000531261	0.146419	278258	252082	-0.888353
0	-0.00501817	0.142055	276224	252096	-0.138627
0	-0.0111804	0.259551	280262	36014	0.0398166
0	-0.0337135	0.251061	274272	66028	-0.0472417
0	-0.0114175	0.221144	280260	125964	0.381709
0	0.0413789	0.250405	270306	144033	-0.214912
0	0.02564	0.212834	278282	168080	-0.123461
0	-0.030136	0.202899	282220	214007	-0.532115
0	0.039079	0.145756	286250	260013	-1.08198
0	0.00932635	0.168496	268266	244045	-0.295338
0	-0.0437413	0.126144	282260	268105	-0.545326
0	0.0291889	0.26165	276288	29999	0.0582866
0	-0.00860613	0.226364	274290	72081	0.00444034
0	-0.0184233	0.221712	264322	118000	-0.194122
0	-0.0053093	0.238027	270298	138029	-0.0899979
0	0.0211233	0.202405	274300	188056	-0.108646
0	0.00195645	0.188095	268264	218022	0.641671
0	-0.0242076	0.155801	274238	234032	-1.92978
0	0.000715939	0.164206	278230	255987	0.115559
0	-0.0220415	0.151054	282234	258076	-0.469791
0	0.0507696	0.237572	282250	47945	0.0100979
0	-0.00876772	0.249514	280252	97914	-0.00706423
0	0.0178318	0.234372	276254	135964	0.285539
0	-0.0253996	0.260599	286228	171834	-0.607658
0	-0.00320624	0.236957	272294	164036	-0.821392
0	-0.0339872	0.217595	288228	206018	0.467434
0	0.030492	0.155256	278248	234079	-0.174517
0	0.00622497	0.169526	282242	260022	-0.205652
0	-0.00558413	0.112883	276254	256145	-0.256853
0	-0.0305401	0.270058	280240	41977	0.0452542
0	-0.0258102	0.25593	270306	79986	-0.0245835
0	0.0101168	0.22036	286256	113990	-0.0500022
0	-0.0340585	0.27635	256362	140000	-0.00238265
0	0.0167261	0.243774	264288	175958	-0.0908591
0	-0.017766	0.209782	278288	229927	-0.401238
0	-0.0473722	0.221572	258334	214071	0.84497
0	-0.0182509	0.135418	286262	256116	1.57217
0	-0.0173351	0.161642	282218	244116	-2.05278
0	-0.0239085	0.250841	284236	57930	0.020955
0	0.00499438	0.283126	280246	79947	0.00476657
0	-0.034446	0.242832	282260	141939	-0.00986209
0	0.0143989	0.201627	288164	177861	-0.17958
0	-0.0258766	0.299611	280296	173937	-0.310898
0	0.0625602	0.18745	270320	204033	0.403017
0	0.0233428	0.172797	286256	240033	0.952152
0	0.0548181	0.174468	282258	242075	-0.888924
0	-0.0414506	0.134939	284224	262050	1.35804
0	6.12538e-05	0.232524	286238	44016	0.0450495
0	-0.0539276	0.260391	270308	66011	0.0463208
0	-0.03942	0.237033	276288	123984	-0.144297
0	-0.0336365	0.218539	284230	161983	-0.636522
0	0.00024018	0.22344	270240	173963	0.497668
0	-0.00428522	0.194235	280262	210061	0.713933
0	-0.0121415	0.205265	276256	222027	0.134301
0	-0.0126695	0.198722	272294	238028	-0.945061
0	-0.0103462	0.16041	284224	256054	-0.481326
0	-0.0201464	0.252257	274262	41982	-0.0784655
0	-0.00564955	0.260875	284230	87915	-0.0949702
0	-0.0330831	0.274976	276258	108034	-0.0167483
0	0.0018902	0.236033	282236	157975	0.143119
0	0.0296608	0.240182	288218	201889	-0.652169
0	-0.0270251	0.183494	262324	206017	-0.356373
0	-0.0114684	0.238308	268334	204056	0.784902
0	0.00582052	0.11961	274286	256080	0.855845
0	0.00922235	0.148121	268328	248135	-0.697501
0	0.0201458	0.262558	280256	43994	-0.0271685
0	-0.0106402	0.231543	282220	81982	0.0257119
0	0.0499019	0.273368	278232	101980	0.38393
0	0.0228087	0.2496	274324	159942	-0.317078
0	0.069563	0.231049	270300	182042	0.495224
0	-0.0405077	0.187101	290196	207974	-0.572091
0	-0.0399571	0.197832	280238	232051	-1.4766
0	0.000759542	0.153455	270322	236131	0.0488702
0	-0.00721011	0.119515	276254	258109	-0.454727
0	0.0242774	0.255632	282250	47967	-0.116843
0	0.0194856	0.24739	276280	62001	-0.073283
0	0.0543425	0.244599	280248	127941	0.154456
0	0.0101404	0.22106	280240	151999	0.287479
0	-0.00371636	0.234911	274272	181981	-0.620941
0	-0.00319396	0.207433	282226	209933	-0.155081
0	0.00172059	0.211484	274254	233963	0.743228
0	0.0159769	0.172351	284224	251987	-0.219873
0	-0.0123005	0.216279	256360	226134	0.893021
0	-0.012999	0.217345	282252	32036	0.0302049
0	0.0470124	0.231668	262314	86035	-0.0929335
0	0.0305158	0.223018	278254	128001	-0.245012
0	0.00346403	0.213931	278272	161987	0.383269
0	0.00609663	0.224063	276262	197951	0.741304
0	0.0320732	0.217615	278270	215979	0.539989
0	0.0331707	0.177805	296218	234061	0.56414
0	-0.00394737	0.167435	276256	258017	-0.891415
0	-0.0319468	0.139817	280252	256144	-0.386318
0	-0.005665	0.277159	282276	43946	0.00225956
0	-0.00621713	0.234307	266276	78015	0.0964255
0	-0.0336695	0.251704	280282	125983	-0.00159857
0	-0.022308	0.259942	282256	146038	-0.0727423
0	0.0369065	0.215301	280280	166087	-0.65875
0	-0.0147454	0.226387	284232	207964	-0.483526
0	-0.0134244	0.16098	262342	224083	-1.08589
0	-0.0247271	0.141713	284258	260056	-1.51903
0	-0.0149673	0.138748	272318	256098	1.53046
0	0.0361819	0.270367	280270	43974	0.0213035
0	-0.016718	0.22214	272286	87974	0.149325
0	-0.0326183	0.232879	286240	129959	-0.268273
0	0.0120085	0.220305	264296	165878	0.520029
0	0.0338001	0.189314	274292	201995	-0.456723
0	0.00310959	0.19665	276272	210015	0.243247
0	-0.036084	0.152311	280234	242013	0.0166954
0	-0.00934382	0.155543	274288	252031	-0.11279
0	-0.039724	0.12573	280230	264062	-0.800283
0	0.0096698	0.231687	274302	40011	0.0263214
0	-0.0244477	0.255939	282230	87955	0.0377888
0	-0.0228274	0.261778	282264	121967	0.19076
0	0.00580285	0.236417	288220	179855	-0.0151763
0	-0.0160381	0.209138	270312	201941	-0.594993
0	0.0193542	0.17223	276252	208067	-0.338286
0	-0.0111175	0.18724	272312	234036	0.320671
0	-0.0188162	0.181149	270312	236111	-1.32929
0	-0.0260188	0.173352	274268	248083	0.392379
0	0.0408287	0.256487	290214	36012	-0.0433229
0	0.0312015	0.20208	272294	92031	-0.0309796
0	-0.023934	0.234195	284264	129979	-0.228598
0	0.0379049	0.275429	284234	149939	-0.0255154
0	-0.00827443	0.226753	270284	191903	0.602695
0	-0.00765257	0.212257	264324	198038	0.854199
0	-0.0198255	0.169635	282258	246017	0.455615
0	0.0329784	0.157594	278262	248096	1.78458
0	0.00927834	0.135789	274284	262142	0.685735
0	-0.00599939	0.213254	282244	40014	0.0277518
0	-0.0363939	0.25263	270298	74033	-0.171005
0	-0.00143417	0.234809	284218	131950	0.0628008
0	0.00818586	0.225358	280248	161895	0.211081
0	0.00608181	0.235603	280246	179947	0.477867
0	-0.018484	0.208926	286224	225909	0.996261
0	0.0205284	0.214786	266318	214066	-0.652131
0	-0.0319524	0.187834	278280	250070	-1.84613
0	-0.00359446	0.126084	274274	250180	-0.473459
0	0.0116953	0.278283	278254	39990	-0.00435194
0	-0.0160004	0.225286	264334	87981	0.235958
0	-0.0120742	0.230182	260310	118024	-0.179336
0	-0.0106233	0.243355	274266	151902	-0.10063
0	0.00983211	0.224128	284254	195992	0.348204
0	-0.0455382	0.227548	274294	199989	-0.0214007
0	0.0206526	0.173478	276264	242009	-0.3489
0	-0.0268442	0.201884	270328	238051	0.451871
0	0.0185168	0.105426	278280	268121	1.63503
0	-0.0028644	0.230064	278272	49968	-0.0704934
0	0.042646	0.246882	282266	89969	0.0637427
0	0.00754038	0.25525	280240	115991	0.0638172
0	-0.00369849	0.200569	272288	150044	0.177442
0	-0.0407766	0.239118	256350	180016	1.21184
0	0.0325962	0.188639	270322	226026	0.474371
0	0.0485204	0.151738	276280	238070	0.114988
0	-0.00131554	0.157766	282258	250093	-0.224309
0	-0.0131587	0.139044	274282	258122	2.35025
0	-0.0238513	0.210691	264314	32018	0.0509715
0	0.0274319	0.232394	276232	85983	0.0958468
0	0.0275188	0.223771	266322	102011	-0.14654
0	0.00406931	0.224162	280246	165948	-0.111576
0	0.0414191	0.19142	280276	184042	1.10637
0	0.0203058	0.222322	278278	215947	-0.154932
0	-0.00337231	0.160525	280284	248050	0.583027
0	0.00638449	0.170062	272282	248014	1.77767
0	-0.00293955	0.151214	266346	250158	1.13567
0	-0.0324095	0.255308	276240	51954	0.0296678
0	-0.0290931	0.227683	280250	82006	-0.0681891
0	-0.00426108	0.204599	272284	133993	-0.160162
0	0.0550131	0.21914	264300	150002	-0.32288
0	0.0350429	0.212772	280248	187922	0.668116
0	0.0275514	0.211177	272268	215933	1.24585
0	-0.0302198	0.162827	272266	240046	0.650744
0	-0.0423783	0.140262	276258	240125	0.187537
0	-0.03434	0.140104	278276	254135	0.247443
0	0.0602766	0.233206	284234	39989	0.102103
0	0.0135814	0.262194	274296	81989	0.101754
0	0.026399	0.258998	288238	123970	0.295983
0	0.0282493	0.234511	276274	165933	-0.26849
0	0.0706681	0.163536	284232	201999	-0.148788
0	-3.34377e-05	0.172296	286238	224051	-0.37518
0	0.00216987	0.167945	282284	232110	-0.76921
0	-0.0111089	0.120088	284238	264079	-0.726562
0	-0.0112766	0.148269	284206	256061	0.360941
0	0.00552719	0.210215	288234	34007	-0.0557295
0	0.0270786	0.238851	278206	95927	0.0774862
0	-0.0480637	0.227365	272318	128022	0.115404
0	0.0381665	0.235721	282252	167958	0.311287
0	0.0016848	0.214487	268324	176008	0.146729
0	0.0238011	0.165071	280206	198010	0.377922
0	-0.0251415	0.155976	284238	248035	-0.684624
0	-0.0120797	0.173996	262318	236077	-0.176507
0	0.0207066	0.117838	290240	274141	-1.01821
0	-0.0382836	0.255798	272282	26047	-0.0250643
0	0.00737587	0.246399	278266	77985	0.265291
0	0.0153228	0.214861	290204	123964	-0.179725
0	0.0301649	0.276542	270280	131971	0.204938
0	0.0554006	0.210658	286198	213886	-0.846841
0	-0.0127678	0.207489	270302	203996	-0.339783
0	0.027584	0.167619	286210	234006	-0.155618
0	0.0160737	0.193582	284230	248044	1.30376
0	0.0150464	0.146955	282236	270039	1.10584
0	0.0253304	0.227501	276220	49950	0.0307873
0	-0.0283039	0.261623	278300	87939	-0.0555243
0	-0.0480653	0.276683	284210	115923	0.288533
0	0.0342991	0.226631	272270	145976	0.899145
0	0.0202538	0.203607	270312	168074	-0.434556
0	0.0215176	0.262233	270320	192007	-0.831961
0	-0.00899373	0.143964	282278	236071	-0.919164
0	0.0290025	0.158847	276276	250069	0.0706696
0	0.025454	0.144481	276268	254121	0.87644
0	0.0283685	0.24898	282240	51953	-0.0696581
0	0.0112572	0.242944	280238	101936	-0.120971
0	-0.0033429	0.229487	282234	115926	0.267682
0	0.0441669	0.242389	294172	173896	0.012052
0	0.00586419	0.249058	276290	191901	1.03534
0	0.0146706	0.209734	268270	203967	-0.537989
0	0.0271733	0.18193	276270	233999	-0.919529
0	-0.0225594	0.139484	276284	246140	0.0181196
0	0.0203212	0.159597	286234	262067	0.562668
0	-0.0455931	0.241795	278294	40021	0.0770286
0	-0.00166076	0.247227	288236	79984	0.0527055
0	0.0257176	0.266915	278272	139911	0.0260696
0	0.0122513	0.249772	286226	163918	-0.1211
0	0.0169718	0.256279	284252	191888	-0.404641
0	0.00732434	0.205092	266322	201975	0.0855189
0	-0.0474914	0.160625	286216	250004	-0.347603
0	-0.0100627	0.176838	280200	249995	-0.529085
0	-0.00518689	0.133193	286244	274073	-0.18144
0	0.015434	0.241746	274236	47965	-0.0722435
0	0.0182137	0.244187	274272	84001	0.313727
0	0.0285881	0.265057	276286	127935	0.307589
0	-0.0188333	0.202364	270286	146057	0.523242
0	0.00652954	0.181318	280258	192053	-0.435851
0	-0.0276902	0.194825	278228	225954	0.737026
0	-0.0477267	0.147069	290204	238047	-0.670258
0	0.0363878	0.182423	278252	246005	-0.77865
0	-0.00913426	0.126691	276276	254140	0.68079
0	0.00372496	0.242571	272298	32013	-0.0518194
0	-0.0179898	0.247774	278278	83944	-0.0879393
0	0.0587389	0.258405	274246	105971	-0.493997
0	0.0194251	0.218954	280272	151982	-0.253514
0	0.0231107	0.209391	280278	197979	-0.795183
0	0.0435393	0.182184	286248	219974	-0.932969
0	0.0279338	0.166914	280270	240017	-0.694426
0	0.0178269	0.158963	290228	262008	0.417702
0	0.033542	0.140153	270256	250087	0.0442547
0	0.0151307	0.234947	282260	33992	0.0681227
0	0.0157907	0.244978	280254	103953	-0.287159
0	-0.0184249	0.205081	282254	116032	0.166022
0	-0.00637362	0.22003	280278	169930	0.271942
0	-0.0187583	0.232693	272280	172013	-0.147881
0	0.0221894	0.22451	284224	206037	-0.31809
0	0.0183523	0.165754	286208	240063	-1.03704
0	0.0106796	0.224508	274258	236007	-0.914744
0	0.0595537	0.153528	286246	262061	0.1605
0	4.47364e-05	0.26675	282226	41961	0.0390627
0	-0.00130252	0.232518	268326	81989	0.0420669
0	-0.0416222	0.229353	288206	107966	-0.138278
0	0.0158214	0.251002	278238	163907	0.298604
0	-0.0385095	0.211498	276278	168013	0.573967
0	-0.0051056	0.20838	284230	231969	-0.11886
0	0.0208455	0.210616	272298	231986	0.516051
0	-0.0213805	0.153571	284270	256103	0.0775765
0	-0.0390007	0.155869	274298	252081	0.245791
0	-0.005946	0.245337	274296	47979	0.044135
0	0.0381634	0.252524	284278	83949	-0.0730455
0	0.0133406	0.257207	274266	119924	0.492519
0	0.0400003	0.248844	262330	133989	0.687194
0	-0.00133084	0.162561	290256	184126	-0.666995
0	-0.0386997	0.223318	272298	206004	1.10668
0	-0.0252927	0.200988	280256	232018	-0.113878
0	0.0453245	0.203285	280250	242012	1.42164
0	-0.0145997	0.142256	280264	258129	0.161248
0	0.0308029	0.227957	262342	40010	-0.0850371
0	-0.00654784	0.23592	278284	81986	-0.142439
0	-0.0144766	0.219919	278216	115970	-0.173198
0	-0.0435628	0.233207	272298	159921	0.557677
0	0.000985438	0.198689	290190	199923	-1.09028
0	0.031949	0.17859	276302	226005	-0.0819137
0	0.0032388	0.168242	280236	236035	-0.0553872
0	-0.0145969	0.175293	264314	234118	-0.56902
0	0.0501002	0.12212	284208	264075	-0.300966
0	-0.0116465	0.285299	272302	28019	-0.112594
0	0.00352537	0.259499	276266	91889	0.163308
0	0.00742649	0.249595	278266	143843	0.0995549
0	-0.0129083	0.234181	286230	175908	0.754051
0	0.00400712	0.226995	282250	173977	-0.538448
0	0.0131682	0.199334	282226	200036	0.0421817
0	0.0249126	0.168469	260328	222073	-0.362607
0	0.00399656	0.180929	274280	244028	0.67435
0	0.0379299	0.140583	278254	254118	-0.224697
0	0.0116283	0.227875	266340	61953	-0.0240708
0	0.0266743	0.251766	282256	85971	0.0699485
0	-0.0664062	0.225211	278210	122002	0.386597
0	0.0320601	0.219722	280266	153969	-0.515344
0	-0.00225543	0.191726	280288	197951	-0.436799
0	0.0273299	0.163918	280250	222072	0.512588
0	-0.0733345	0.155151	278282	218126	-0.477942
0	-0.0510188	0.171175	282258	242089	-0.0874086
0	0.00248892	0.167354	282272	254088	0.517653
0	0.0186556	0.219434	288226	53987	0.0485909
0	0.0114536	0.261515	272304	69982	-0.128121
0	-0.0301209	0.215327	270314	129979	-0.173991
0	-0.0129421	0.224396	286218	177882	-0.00126214
0	-0.0103111	0.191337	274292	184031	-0.424849
0	-0.0150888	0.219813	284254	200015	0.0797197
0	-0.00494031	0.209078	268310	206114	-0.178006
0	0.00947824	0.138466	284220	268018	-0.69019
0	-0.00386813	0.142357	282234	258116	-0.16576
0	-0.0258694	0.242775	274286	44014	0.0315133
0	0.00350757	0.240894	272316	81978	0.14623
0	0.0649815	0.282847	274294	131905	0.0808325
0	-0.0127032	0.252549	272280	131993	-0.402133
0	0.0114648	0.227981	284232	177990	0.441873
0	0.0541222	0.193776	276282	219982	0.591962
0	-2.1372e-05	0.166208	276324	226077	-0.511589
0	0.0611386	0.198185	282242	236029	0.645847
0	-0.0716757	0.106469	282236	272088	-0.870716
0	0.0469495	0.231196	276262	38010	0.0060756
0	-0.0239265	0.259145	282266	70044	-0.141478
0	0.0198374	0.248074	278256	119968	0.250505
0	0.0187133	0.222412	270314	152003	0.0649414
0	0.0387313	0.21948	274286	191975	0.341742
0	0.0340873	0.203807	284274	214031	-0.119748
0	0.0102603	0.172079	284222	241975	0.393892
0	0.0296928	0.15014	284244	260022	-0.135263
0	0.0102989	0.131575	282240	262100	-0.355702
0	-0.0178121	0.246603	278248	40005	-0.0288083
0	0.0208762	0.233426	284258	89978	0.0966243
0	0.0570441	0.265318	278306	117995	-0.0512561
0	0.0509036	0.208071	278276	157990	0.0560885
0	0.00423505	0.186829	268266	186008	0.335534
0	-0.0535407	0.217265	286230	227943	-0.291104
0	-0.010448	0.17309	272280	226090	0.298122
0	0.00716769	0.171943	282262	256020	1.1048
0	0.0314494	0.12643	284238	260072	-2.36578
0	0.032751	0.252838	276290	43959	0.0266854
0	0.0441936	0.236525	280268	79959	0.105256
0	0.0460713	0.233291	284244	145897	0.0809939
0	-0.0172988	0.24655	272248	145964	0.772022
0	-0.00513017	0.209201	282266	199997	0.106533
0	0.0198609	0.237895	284254	203957	-0.118524
0	-0.0109754	0.196992	278230	239952	0.0700234
0	0.00374872	0.173498	274266	244053	0.263683
0	-0.0286981	0.148847	286240	266106	0.373546
0	-0.00572256	0.305376	278290	39966	0.0890855
0	0.0163865	0.249675	276268	80000	0.102976
0	-0.0155528	0.236249	282210	123956	0.483311
0	0.0278158	0.224826	286198	141957	0.115267
0	0.0320398	0.223308	272288	193940	-0.883767
0	0.0285116	0.2311	274296	207992	-0.242076
0	0.0112623	0.207829	278266	230003	-0.558959
0	-0.0253619	0.204005	276272	242053	-0.387622
0	-0.075285	0.139453	286230	262125	0.372549
0	-0.0268605	0.25459	276274	45949	0.00177623
0	-0.0354398	0.268164	266318	107888	-0.142276
0	0.0272065	0.260099	282228	109998	0.00431046
0	0.0359477	0.248545	270278	145990	0.294364
0	0.0380173	0.213357	268296	183957	-0.387738
0	-0.0303886	0.232789	288240	213924	0.115992
0	-0.0174968	0.176049	282234	234003	1.42635
0	0.0318756	0.139056	284238	254094	-1.53811
0	0.025601	0.126415	280264	260116	-0.618601
0	-0.0275981	0.277096	274280	51957	0.0334469
0	0.0239787	0.229199	282202	89969	-0.0426558
0	0.0262149	0.264732	284230	111992	-0.381755
0	-0.00803389	0.211641	278266	175944	-0.0446815
0	0.0725923	0.228068	272290	174021	-1.04822
0	-0.000223303	0.190324	268306	213998	0.563178
0	0.038233	0.20881	276272	234009	-0.778293
0	-0.0136446	0.173157	280232	240069	0.826186
0	0.00409522	0.121889	272272	266092	-0.0861034
0	-0.000495575	0.228604	276276	47979	-0.0575039
0	0.0197564	0.205059	276280	72069	0.354967
0	0.0108211	0.239298	270270	113963	0.261833
0	0.0100233	0.225548	272284	138008	-0.375802
0	-0.00199113	0.20701	278268	191989	-0.0637828
0	0.0231174	0.202832	272296	211978	0.958187
0	-0.0383827	0.175625	270250	208055	1.62892
0	0.0277881	0.19728	272304	230090	1.07557
0	0.00893308	0.17498	278244	256088	0.725368
0	0.0204286	0.235787	278284	53948	-0.0597477
0	0.00632426	0.256149	274282	87935	0.015112
0	-0.0353425	0.253609	276254	125961	-0.0454805
0	0.00791059	0.233013	276280	157907	0.597902
0	0.00366026	0.253161	286234	193915	0.0544878
0	0.0014489	0.221226	278262	204007	-0.143513
0	-0.00498091	0.210864	274312	234004	0.874203
0	-0.0099506	0.141023	266314	252077	0.463694
0	0.0140265	0.15931	266290	242163	0.366641
0	0.0250678	0.250106	270274	43960	0.00602773
0	0.00417203	0.263032	264334	72005	-0.109356
0	0.0072052	0.212872	272288	114029	0.0358719
0	-0.00769748	0.267168	270268	153938	-0.0281677
0	-0.00284117	0.205654	266298	185982	-0.00630022
0	-0.00844639	0.207688	268324	192131	-0.291141
0	0.0286911	0.184339	290210	241964	0.555751
0	-0.0219274	0.162667	282252	246046	-0.394261
0	-0.0193157	0.143034	292236	272059	0.213287
0	-0.0024444	0.258962	288206	34007	0.0275076
0	-0.0306452	0.219856	270320	80004	0.153943
0	0.00288809	0.279877	272268	107960	0.0148563
0	0.00885548	0.196907	288244	165955	0.037958
0	0.00929765	0.2089	270308	199896	0.295065
0	0.0568328	0.239434	284266	221931	-0.670901
0	-0.00544187	0.186282	282220	231995	1.21125
0	0.0241205	0.210391	280240	236029	0.139915
0	0.0384404	0.149397	276252	258098	-0.163012
0	-0.0426372	0.27713	270278	28029	0.034869
0	0.0261968	0.221775	284214	81999	-0.00189657
0	0.0343786	0.23693	270272	137935	0.277539
0	-0.0248428	0.214766	270304	165960	-0.204574
0	0.00151706	0.229493	264344	174042	0.485711
0	-0.00589927	0.229416	272280	190034	0.125461
0	-0.0291598	0.14834	276226	240048	-0.0424269
0	-0.0197881	0.163813	286216	261975	-1.05115
0	0.0156559	0.159026	286244	264075	-0.199998
0	-0.0128157	0.269642	274226	55935	-0.0823856
0	0.0361195	0.266397	290210	73993	-0.0223324
0	0.0107975	0.26968	284242	109976	0.0262717
0	-0.00861658	0.205581	274290	150016	0.389459
0	-0.0122329	0.1985	276220	179988	-0.303807
0	0.00810101	0.21992	278266	205995	0.0102063
0	-0.094036	0.185572	270288	230097	0.517175
0	-0.0101404	0.144035	278256	262051	0.801908
0	-0.0101064	0.174519	266286	242116	0.322915
0	-0.0214326	0.254618	276300	40030	-0.0305814
0	0.0132121	0.26158	264332	71951	0.0869656
0	-0.0305654	0.205461	272268	118040	-0.0847198
0	0.0114049	0.214097	272284	158005	-0.0563583
0	-0.0418358	0.24404	288228	174027	0.486006
0	-0.00209466	0.184933	288242	216032	-0.402118
0	0.00446092	0.20411	262312	224008	0.726403
0	0.0185576	0.147987	274300	238129	-1.00634
0	-0.0345248	0.141677	282256	264043	-1.06057
0	0.00235439	0.257742	280232	22031	0.029822
0	0.00615819	0.213022	284286	89974	-0.118773
0	0.0204859	0.249986	274326	115967	-0.543111
0	0.0192712	0.206421	276260	167942	0.118651
0	-0.0421454	0.212704	284262	182032	0.518659
0	0.0599698	0.249274	284256	188033	-0.0872042
0	-0.0137372	0.139	282246	240030	0.795891
0	0.0235492	0.143875	264326	242163	-0.265641
0	-0.00783173	0.150354	274274	254096	0.158936
0	0.0103	0.254476	274292	51928	-0.0535934
0	-0.000400374	0.232163	284226	83948	0.150371
0	0.0382331	0.273206	286228	95998	0.111199
0	0.000521699	0.276223	276252	143996	-0.584378
0	-0.0815167	0.243569	276272	173992	0.139813
0	-0.0549618	0.179958	278272	233969	0.0864826
0	-0.0451484	0.20833	286258	239981	0.271982
0	-0.0143859	0.14253	268300	228165	-0.842202
0	0.0352633	0.114634	284238	268081	-0.625357
0	0.006684	0.235699	284256	35969	0.0349057
0	-0.0654261	0.234817	286220	78022	-0.134042
0	0.0214272	0.233615	268318	121939	0.0134436
0	-0.0293288	0.242041	278262	153945	0.441468
0	-0.0228916	0.197403	280234	207961	0.562184
0	0.0495034	0.228638	286248	204026	0.975336
0	-0.0419846	0.162202	272324	230100	-0.86798
0	-0.0235611	0.148737	288236	266043	-0.469736
0	0.0125123	0.141266	278252	254067	-0.356639
0	0.00572665	0.218398	278254	40005	-0.0691331
0	0.0159299	0.264958	266306	89906	0.056713
0	-0.00539782	0.25815	272302	118005	-0.107358
0	-0.00864768	0.241041	276226	130051	0.319793
0	-0.0267676	0.220647	276308	193925	0.243874
0	-0.0139089	0.1755	268314	210047	0.256104
0	-0.0372154	0.194132	262334	224019	0.0249537
0	-0.0225502	0.173067	282264	256026	-0.0928804
0	0.0213631	0.181641	272274	256080	-0.959539
0	-0.0242013	0.277138	280238	32018	0.0201047
0	-0.000722479	0.263492	270322	71983	-0.0685779
0	0.0725034	0.249364	282260	110003	-0.0805891
0	-0.0173699	0.241963	290230	171878	-1.22243
0	-0.0455041	0.230737	280260	197944	-0.230062
0	0.0191157	0.198123	274320	206042	-0.199925
0	-0.020831	0.176999	288202	236030	0.932415
0	-0.0219252	0.182034	290240	260009	0.18871
0	0.0442643	0.154771	274286	252125	-1.54291
0	-0.0130422	0.242315	272312	45969	-0.0487449
0	0.0472362	0.225887	268282	74031	0.0760212
0	-0.0292796	0.230705	284256	104066	-0.193816
0	0.0355806	0.236721	280236	169927	-0.106404
0	-0.0101027	0.169473	276250	186018	0.0771886
0	0.00740565	0.246596	262316	194003	0.338009
0	0.00873031	0.180604	270280	234072	-0.353486
0	-0.0150877	0.157087	286258	256055	-0.511614
0	0.00406888	0.190643	278290	250097	-0.267074
0	-0.0169366	0.260464	272288	39979	-0.0338161
0	-0.052646	0.264827	282240	75970	-0.075832
0	0.0188059	0.26588	274270	137898	-0.466012
0	-0.0116865	0.225678	280214	153937	0.0876524
0	-0.0409715	0.245027	280248	176045	-0.168457
0	0.021973	0.193371	272330	202088	-0.908278
0	-0.0958888	0.173227	278266	238057	1.42213
0	-0.0569739	0.161459	270278	248062	0.488811
0	0.0016859	0.116761	280264	266089	0.833867
0	-0.000971492	0.217227	268318	32045	-0.00572438
0	0.00929207	0.248595	272286	79965	-0.088119
0	0.0400364	0.253089	268342	121984	0.031118
0	0.00460119	0.267841	288210	169913	-0.436939
0	0.00161615	0.209558	270284	173961	0.327367
0	0.00423626	0.180314	280232	219967	0.219314
0	0.0367212	0.209829	268282	222049	-0.845167
0	-0.0116663	0.17207	270278	232084	-0.227271
0	-0.00082459	0.13261	280256	252150	-0.441693
0	0.0384016	0.255341	270320	51949	-0.0139795
0	-0.00898707	0.212439	284252	93939	-0.0489752
0	0.0371095	0.254893	278278	100018	0.156044
0	-0.0356452	0.220181	284222	161966	0.0818761
0	-0.0199883	0.170749	282262	184040	0.184831
0	0.00450227	0.222468	282238	215919	-0.44056
0	0.0027253	0.195048	274248	233960	-0.290044
0	-0.0306562	0.186848	288244	257990	0.701807
0	0.00124353	0.119002	278246	260098	-1.09713
0	-0.00321177	0.26046	268298	31995	0.0326083
0	0.000215765	0.246588	282270	81961	0.308805
0	-0.0122938	0.223531	272296	104031	0.058739
0	-0.0176104	0.270547	280296	173916	-0.516866
0	-0.0154699	0.260949	278256	170008	-0.567535
0	-0.0383425	0.181707	276288	210005	-0.251381
0	-0.00618136	0.207066	272252	227965	-1.3693
0	-0.034405	0.180461	286244	240084	1.11131
0	0.00817658	0.127678	280234	268086	-0.402498
0	0.0444097	0.231246	274260	32033	0.0551633
0	-0.000608242	0.242311	272286	83955	0.203661
0	0.0276214	0.242695	286208	110021	0.335627
0	0.00738121	0.256052	284244	163906	0.393117
0	-0.0133827	0.244633	276276	179959	-0.0206096
0	-0.012464	0.251619	272290	190019	0.247338
0	-0.0181547	0.184285	282266	238031	-0.567775
0	0.0281375	0.158962	288196	240064	1.08322
0	0.0307358	0.13247	262314	246160	-0.194052
0	-0.0363894	0.269668	282234	35982	-0.0356046
0	0.0104642	0.258445	280254	81986	0.0415845
0	-0.0124929	0.257666	266294	115917	-0.0179847
0	0.00383746	0.251538	272296	153942	0.100194
0	0.0032082	0.262536	270306	181946	0.953738
0	-0.00803836	0.177268	286220	221941	-0.330396
0	-0.0604078	0.206077	276262	228000	-1.13355
0	-0.0165715	0.149172	276286	252078	0.495236
0	-0.00631557	0.122582	280276	272124	1.92279
0	0.0332199	0.263812	276268	39991	0.0552372
0	-0.0221432	0.241509	274258	75990	-0.294381
0	-0.0471609	0.278094	278294	117967	-0.211441
0	0.0171405	0.207634	282242	138016	0.467597
0	-0.0342836	0.248555	282284	181997	0.116515
0	-0.0122264	0.189236	274280	214013	-0.762718
0	-0.0529232	0.212895	266314	218027	-0.916707
0	0.0136994	0.173172	276272	240095	1.49551
0	0.0480072	0.116541	280266	264126	0.579028
0	-0.0150269	0.215843	280282	37986	-0.0326018
0	0.00816559	0.24217	276240	99952	0.0706681
0	-0.0105603	0.222754	290208	112011	0.094756
0	0.059645	0.207795	278264	153974	-0.714707
0	0.00967655	0.207393	272278	189952	0.517823
0	0.0296051	0.184013	284242	216043	0.651574
0	0.00644597	0.199499	278278	234027	0.839818
0	-0.0110569	0.183034	286240	240055	-1.31049
0	-0.00910623	0.145001	282260	268084	-0.23279
0	0.019026	0.261755	282260	43992	0.104718
0	0.0130322	0.285349	286212	67965	-0.123099
0	0.017462	0.237874	284254	124014	-0.436289
0	-0.0425926	0.24974	288232	165925	0.524902
0	0.039832	0.186594	280250	206009	0.00187981
0	0.0124544	0.238145	278264	205998	0.191453
0	0.0148727	0.191869	286192	238015	-1.03758
0	0.0297326	0.158949	284256	254045	-0.100046
0	0.0284373	0.141282	264328	250169	-0.95511
