0	-0.0398069	0.24974	274288	37891	0.165908
0	0.0277317	0.23374	284246	103640	-0.647264
0	-0.0204496	0.20475	278262	142492	-0.370699
0	0.0205143	0.20319	286240	171324	-0.638184
0	0.0763736	0.218377	276316	165353	-1.03923
0	0.000114387	0.223338	280282	200197	1.80838
0	-0.0361765	0.226293	270266	204103	2.1962
0	-0.00915551	0.196807	264278	211151	-2.8398
0	-0.0358758	0.165375	278276	239977	1.5104
0	-0.0228874	0.28709	288208	39892	-0.0989837
0	-0.0122441	0.270422	280250	84727	0.141375
0	-0.0149116	0.221973	274268	131594	-0.0793825
0	0.0586548	0.215809	284252	165498	0.0313938
0	0.0314512	0.239002	284232	177465	-1.39761
0	0.0402344	0.215732	280282	200409	4.42622
0	0.0156522	0.209889	284222	235226	-1.18141
0	-0.00707947	0.209473	284240	254163	-0.333534
0	0.00575674	0.199789	276268	257180	-6.20959
0	0.0119918	0.237447	282256	47871	0.0711103
0	-0.00495813	0.229283	286232	81780	0.316499
0	-0.0126672	0.252966	282284	127688	0.157194
0	-0.0348937	0.20411	278310	163620	1.71244
0	-0.0230476	0.238693	286180	179563	1.56388
0	-0.0191466	0.210503	272292	215553	0.0995122
0	0.0335782	0.181835	280250	233462	-0.378954
0	0.0187089	0.123856	292200	279348	-1.80805
0	0.00834486	0.144806	280260	261456	0.0318983
0	-0.0147929	0.232672	264278	45930	-0.205578
0	-0.0237687	0.274523	280270	85832	-0.668188
0	-0.00649759	0.255881	282256	117765	0.507781
0	-0.0329066	0.220176	282220	165650	-1.43328
0	-0.00010031	0.195972	274264	181695	-1.6486
0	-0.00818596	0.164447	276300	221650	0.828238
0	0.0462251	0.15382	282256	249556	1.86565
0	-0.00583596	0.152915	272296	255589	-2.67313
0	0.0060092	0.127567	286250	269583	2.15913
0	0.0216702	0.266756	276288	55895	-0.053261
0	0.00519702	0.223285	274272	67940	0.244641
0	0.00664851	0.267481	256366	109856	-1.42874
0	-0.0204473	0.221961	280234	169695	1.1196
0	0.0496771	0.196979	284228	175782	-1.1029
0	0.0330959	0.185938	276276	207778	1.75204
0	-0.0252823	0.16684	272318	219801	-2.47903
0	0.0207862	0.166091	270280	245700	-0.0960216
0	0.0108721	0.0945547	280274	261802	1.95554
0	0.0128418	0.297115	282278	41927	0.000177136
0	0.0299888	0.241595	278274	79882	0.650989
0	0.0129807	0.264311	282232	113872	0.946338
0	0.00441794	0.211893	266308	155820	-0.0419596
0	-0.0186345	0.212519	282256	185780	1.09191
0	0.0441093	0.203627	286246	237704	-0.7231
0	-0.00608554	0.187757	274304	243729	0.910872
0	-0.0314312	0.127951	278230	253772	4.97388
0	-0.0136971	0.0839451	278266	265841	1.88369
0	-0.00497348	0.257874	286248	28010	-0.0552724
0	0.0194615	0.268461	266328	65944	-0.921712
0	-0.00535886	0.2532	274282	131843	0.540268
0	0.0500298	0.196918	278270	167846	1.27754
0	0.0346267	0.203009	276280	197832	-2.01798
0	-0.0182544	0.196601	270276	209842	-1.54542
0	0.0194046	0.134644	280256	245889	-1.48651
0	0.0153622	0.164656	282256	249859	3.00556
0	0.0175836	0.108185	276268	255913	-1.65975
0	0.0320854	0.256273	274284	33987	-0.124221
0	-0.0168576	0.221007	276276	62017	-0.102377
0	-0.0048124	0.278606	280252	117881	0.263106
0	-0.00147882	0.264385	274290	151837	-0.842336
0	-0.00537022	0.204107	286230	203785	-2.1008
0	0.048229	0.187321	252376	199884	2.5473
0	0.0583804	0.14662	272306	247871	-1.19991
0	-0.0778831	0.159529	276310	251878	0.330647
0	-0.00650673	0.0680634	288218	277950	0.954165
0	0.00446827	0.256436	280250	41967	0.221998
0	-0.0331642	0.22023	272296	89941	1.24999
0	0.0220323	0.28933	276284	111873	-0.0526573
0	0.0130282	0.238032	276264	153894	0.668066
0	-0.056963	0.157797	284238	197909	-2.66929
0	0.0119968	0.177268	274298	219925	3.54723
0	-0.0235564	0.179822	276256	227936	3.82561
0	-0.00393236	0.130043	278252	263878	1.56359
0	-0.0265886	0.071392	278240	272000	-0.481573
0	0.0436885	0.237758	272302	15944	-0.0233761
0	0.0273297	0.251572	282200	56769	-0.618521
0	0.0354573	0.26286	274292	59779	-1.7405
0	0.0142029	0.255582	276272	79695	-0.827717
0	-0.0460002	0.238025	276252	92666	-1.71522
0	0.0134469	0.213206	280246	132452	-0.464611
0	-0.00322962	0.227482	274310	134473	0.355377
0	-0.000785831	0.2555	288206	116577	-5.64859
0	0.0456804	0.198275	276264	179191	1.78112
0	0.0277476	0.242276	278220	39881	0.249108
0	0.0532016	0.248643	286238	80739	0.078985
0	-0.0475969	0.208908	284228	136573	-1.22298
0	-0.00638063	0.24395	282284	140520	-0.0372133
0	0.0716521	0.235934	286216	177393	-3.71069
0	-0.00649804	0.17172	282236	203337	4.29335
0	-0.0245406	0.181693	256338	205332	5.29379
0	0.0236694	0.179987	278304	230273	-0.635811
0	0.0402888	0.18174	282228	231270	4.33045
0	-0.00194162	0.227926	276274	57846	0.0395447
0	0.000194991	0.271683	282252	71820	-0.136079
0	-0.00892524	0.235183	264292	111708	-0.72283
0	-0.0180026	0.220061	280224	145660	-0.145197
0	0.0215789	0.236716	272248	192448	2.40359
0	0.002451	0.247071	276264	206501	0.64764
0	-0.0645927	0.160033	276296	227521	3.24011
0	0.00240162	0.119621	272306	247491	0.321456
0	-0.0964065	0.172105	280278	255360	8.4768
0	-0.00707795	0.280557	282264	33933	-0.0656968
0	-0.0137207	0.260762	284258	77835	-0.104265
0	-0.00351816	0.23342	266338	133742	-0.318864
0	0.00683804	0.218544	286270	169674	2.54378
0	0.063919	0.219842	282278	177682	-0.599139
0	-0.0415561	0.172726	278272	227596	2.70738
0	-0.00138471	0.182098	276260	230565	4.37756
0	0.0457439	0.144813	282246	259528	-5.91294
0	-0.0190813	0.108792	282260	269546	5.84282
0	-0.00273516	0.266323	280216	35960	0.19409
0	-0.0109308	0.234234	268302	83884	0.483285
0	0.0199244	0.204575	268272	113841	0.348723
0	-0.00959483	0.21992	288240	171720	0.686281
0	0.00852243	0.198716	274270	197656	-0.224334
0	0.0290689	0.193297	266308	217682	-4.39761
0	-0.0271188	0.161947	280286	223739	2.44322
0	0.0220212	0.126481	272284	259713	-4.26747
0	-0.0313041	0.13597	282264	267656	0.876633
0	-0.0466734	0.269411	290208	51917	0.161453
0	-0.0398093	0.242604	282264	105815	0.104355
0	0.0164877	0.241295	264350	127802	0.972623
0	0.0383174	0.222243	288220	153817	-2.46019
0	0.0148105	0.213085	276278	215694	-0.449283
0	-0.0101832	0.200552	276244	197826	-3.9612
0	-0.0184221	0.128073	268318	245790	0.629621
0	0.0313099	0.10897	272298	243876	4.37178
0	-0.037869	0.0884846	282254	267835	-4.0177
0	0.00417053	0.204548	278288	65925	-0.191843
0	-0.0181656	0.259681	282226	99844	0.0233542
0	-0.0419274	0.251019	264340	123849	-0.805307
0	-0.0155128	0.223564	260332	161806	0.928639
0	0.00945587	0.202543	282256	211817	1.82342
0	0.0231113	0.157842	286224	221809	1.74347
0	-0.0154302	0.148451	266336	227916	1.1365
0	-0.0151441	0.14255	272264	245879	-0.391825
0	0.0159355	0.0913966	294188	275876	0.00816817
0	0.00459429	0.262031	282254	45984	0.0687293
0	0.0601363	0.232214	278260	97860	0.486319
0	0.00770924	0.22241	262350	143887	-0.834949
0	0.000948748	0.206012	276276	157886	-0.565475
0	0.0120457	0.166947	280242	195934	-5.09522
0	0.0188662	0.159193	282236	223906	-6.26625
0	0.0424944	0.139979	278266	257865	-3.40658
0	0.00485199	0.124279	280256	253968	-3.80025
0	-0.0293172	0.0977333	268316	248030	1.74103
0	-0.0174531	0.284217	280284	39970	0.00344865
0	-0.0386094	0.235589	280266	111856	-0.0257356
0	0.0134346	0.242195	264298	121935	1.08361
0	0.0235358	0.270885	276288	137918	-1.02286
0	0.0339661	0.232256	278268	187840	-1.15332
0	-0.0200523	0.191521	266306	219872	0.966399
0	0.0239392	0.171967	278256	239872	-0.583183
0	0.00375395	0.119247	272278	253970	-1.85516
0	0.00117318	0.0970396	282202	263981	-1.99603
0	-0.01081	0.259228	278270	14957	-0.0713012
0	-0.0328493	0.25235	278248	32883	-0.306515
0	-0.0145144	0.224961	278270	52816	1.31078
0	0.0412361	0.257178	266328	49848	-0.172063
0	0.0181043	0.22823	276292	82673	2.13725
0	-0.0447704	0.222359	276246	102610	3.85822
0	0.033159	0.188245	286246	114589	0.694012
0	0.00407543	0.210397	270246	111523	1.27994
0	-0.0503775	0.223349	278274	117532	1.44553
0	0.029588	0.262163	278258	19954	-0.0614375
0	-0.00806407	0.226217	274290	64819	-0.158177
0	-0.0164944	0.218642	272284	109683	-0.77281
0	-0.0103983	0.242317	278252	106678	1.43672
0	0.0190331	0.203381	276288	150545	0.518413
0	0.0175578	0.199487	262304	173464	-4.03872
0	-0.00972056	0.172341	282208	188374	-6.27589
0	0.00450377	0.169578	284196	200276	-1.02079
0	-0.0303131	0.18131	280238	183352	2.01168
0	0.0503826	0.237036	280254	48862	0.126209
0	-0.00695054	0.250531	278284	80795	-0.552218
0	0.0174932	0.229433	284214	121714	0.387098
0	-0.0224552	0.256534	282256	148577	-1.491
0	-0.00609089	0.237924	278272	157596	0.0440024
0	-0.0396445	0.206343	284242	185522	2.16462
0	0.0198542	0.162984	268286	212426	3.01682
0	0.0157879	0.167261	282240	239365	-3.07452
0	-0.00887567	0.109775	280236	247344	0.730607
0	-0.0298299	0.270164	268296	38914	-0.167815
0	-0.0263782	0.256059	264330	75870	0.145809
0	0.0104097	0.218655	282278	112780	-0.137872
0	-0.0292192	0.268997	254360	133756	-1.45417
0	0.00987275	0.242751	260304	174598	1.96515
0	-0.0179056	0.195636	282254	222490	-0.35938
0	-0.0389663	0.192527	270288	222518	-1.67678
0	-0.0259501	0.119709	286260	259543	3.88193
0	-0.0151974	0.142722	286198	251524	-2.6941
0	-0.0239687	0.251106	276270	56881	0.0390205
0	0.004418	0.282976	274264	70888	0.17768
0	-0.0336753	0.240278	276286	141728	-0.24107
0	0.0164205	0.196154	276222	171693	-0.786041
0	-0.0192644	0.287353	282288	186631	-2.29455
0	0.0543827	0.17256	266340	213694	2.85627
0	0.0142901	0.152996	282266	232709	3.66797
0	0.0444283	0.158077	280260	243723	2.22802
0	-0.0148225	0.117504	276254	258713	-6.63038
0	-0.000527348	0.232223	278278	37998	0.22163
0	-0.0528852	0.2579	262344	73898	-0.266426
0	-0.0410183	0.233529	276288	129829	0.335208
0	-0.0389352	0.208258	284234	163796	0.953089
0	-0.00955027	0.204047	284172	183766	3.4348
0	-0.00212928	0.168319	274284	229761	0.0671521
0	0.000835627	0.167665	278248	235722	-3.75884
0	-0.012778	0.176753	268308	241784	-0.912516
0	0.00150532	0.141933	278250	249833	-4.03678
0	-0.0189116	0.251675	272280	41957	-0.448917
0	-0.0105592	0.259046	282232	87874	1.37792
0	-0.0325897	0.272515	276254	119895	-0.164769
0	-0.00550112	0.225286	280256	157871	2.36051
0	0.0235852	0.229852	282252	195769	1.1705
0	-0.0150974	0.16135	270274	209843	-3.93468
0	-0.0251803	0.203213	286228	223830	4.89847
0	0.00129875	0.0976908	282246	259861	2.21238
0	-0.00922466	0.104226	278286	259935	4.8366
0	0.020079	0.261591	282250	45974	-0.00712757
0	-0.0101976	0.230888	278238	79931	-0.107093
0	0.0499097	0.271849	282218	103905	0.38159
0	0.0208427	0.241654	266358	167818	0.272726
0	0.0726536	0.222425	270308	179958	-0.431949
0	-0.0341822	0.174083	286206	223767	-2.46976
0	-0.0208236	0.166953	280248	229955	-7.21664
0	0.00357308	0.128374	290238	257872	-0.795192
0	-0.0084816	0.0692152	280238	273942	-0.0732811
0	0.0248377	0.255458	284250	43976	-0.284924
0	0.0187785	0.245903	280242	59998	0.138836
0	0.0536857	0.240961	280254	133857	0.351505
0	0.00897192	0.210073	280244	159932	0.638009
0	-0.00501214	0.228773	270290	185881	-0.232208
0	-0.00314195	0.188227	282226	223793	-0.170682
0	0.00410377	0.165803	276240	231909	0.0282735
0	0.00148852	0.12761	280248	253903	4.12663
0	-0.00613298	0.15066	266326	250005	-0.95722
0	-0.0130269	0.217597	282250	14957	0.0385853
0	0.047693	0.232061	266296	25935	-0.297106
0	0.030845	0.225106	284224	34886	-0.34376
0	0.00134514	0.221746	274286	57802	1.01894
0	0.00237227	0.246071	276254	62777	1.85861
0	0.0275012	0.249645	276280	69729	1.91157
0	0.0339263	0.221831	288254	63789	0.337458
0	-0.000639543	0.217858	274266	86669	-1.88376
0	-0.0482654	0.210251	278264	87667	4.50925
0	-0.00549123	0.27744	280294	20938	-0.0498704
0	-0.00961063	0.235667	258314	52844	1.11447
0	-0.0299075	0.253088	274312	76777	-1.13022
0	-0.0195793	0.26536	280266	84763	-0.89135
0	0.0218747	0.219	274308	110678	3.85078
0	-0.00740594	0.2539	282242	120603	-2.68536
0	-0.00759473	0.199431	268308	130613	-2.8348
0	-0.0219537	0.165266	276292	163456	-2.35103
0	0.0149973	0.163709	266336	164451	-7.45891
0	0.0371251	0.270295	280268	26939	-0.261658
0	-0.0175307	0.220794	276264	62872	0.393122
0	-0.0358832	0.227918	278282	105742	0.711209
0	0.00793637	0.218238	268270	121651	1.74167
0	0.0247561	0.194062	288230	163595	2.25647
0	-0.0101141	0.192072	282238	176545	4.21035
0	-0.0407698	0.138332	272266	187537	1.42244
0	7.23909e-05	0.154399	272298	203486	-2.93765
0	-0.058922	0.132271	284214	208525	4.95911
0	0.00971737	0.231094	256378	30972	0.0120532
0	-0.0252141	0.253121	270288	58910	0.267725
0	-0.0166246	0.254239	284252	118740	-1.6701
0	0.00547138	0.228599	278260	149672	0.0842644
0	-0.0175389	0.207426	268330	184596	-0.144755
0	0.0390943	0.152752	274256	208565	-6.26033
0	-0.0129428	0.168151	268324	206611	0.868273
0	-0.0020682	0.159211	272304	217690	-6.3537
0	-0.00920129	0.141802	280252	246524	-4.65287
0	0.0410725	0.256108	290214	35963	-0.116481
0	0.0319007	0.201263	274282	91874	-0.240726
0	-0.0263671	0.234127	282268	128792	0.501353
0	0.0438331	0.270553	284234	138763	-1.80398
0	-0.00243939	0.21145	282246	184668	-1.14782
0	-0.0152476	0.200561	276276	206650	3.13271
0	-0.00366525	0.161199	266336	225749	-4.39247
0	0.0211259	0.139474	270302	233745	5.34035
0	0.0100572	0.10355	274278	259682	0.452068
0	-0.00593848	0.213052	280258	39981	0.00947986
0	-0.0377801	0.251273	264320	78939	0.244864
0	0.00403688	0.230748	284216	128844	-1.57851
0	0.00637053	0.212271	286214	170733	0.755682
0	0.0112606	0.220532	278266	182734	-1.07577
0	-0.0269134	0.18125	284234	224713	3.52508
0	0.00796879	0.19818	280264	220731	3.11575
0	-0.0390423	0.152484	280264	254763	0.280842
0	0.0154074	0.0903738	268298	256869	-6.17402
0	0.0111966	0.277517	276268	40968	0.145259
0	-0.016254	0.22453	270296	97878	0.31201
0	-0.0124806	0.227536	260306	127874	-0.0574372
0	-0.0092399	0.231338	270274	145813	-0.515641
0	0.0171776	0.205676	284258	207807	-1.85544
0	-0.0304319	0.207467	278274	208797	-4.55329
0	0.0047677	0.164909	272272	223877	4.41656
0	-0.0231393	0.162124	272318	241878	-0.659628
0	-0.00192523	0.0886169	280276	271921	7.76763
0	-0.00369565	0.229786	278272	46961	0.178879
0	0.0457474	0.244396	288224	89910	-0.866663
0	0.0121394	0.249639	280244	127896	-1.31589
0	-0.00281073	0.194526	278256	169869	-0.0888856
0	-0.0449947	0.22184	270284	194859	2.4773
0	0.0258683	0.162409	280272	227912	2.49274
0	0.0460824	0.128734	272294	243956	0.846368
0	0.00426769	0.126702	282262	259925	-1.89928
0	0.000972212	0.0898314	280264	266010	-1.88901
0	-0.0243444	0.210918	272286	34005	0.198914
0	0.0278243	0.231642	278248	83971	-0.0218615
0	0.0293446	0.219907	260348	111932	-0.694284
0	0.00284285	0.217633	274276	167888	0.256359
0	0.0430998	0.180478	284258	195925	0.602155
0	0.0188869	0.203833	280270	227852	0.270745
0	-0.0178523	0.126259	276302	256967	4.92701
0	0.00498161	0.133442	286222	259928	2.19854
0	0.00852172	0.109364	288254	271975	-2.30271
0	-0.0328967	0.255786	276234	14946	0.175832
0	-0.0290792	0.229071	266316	32883	-0.0723569
0	-0.00435743	0.210617	276272	38847	-0.131258
0	0.0532019	0.230046	254344	42856	0.220466
0	0.0281575	0.237074	286212	60771	2.73372
0	0.0408696	0.237159	278240	47842	-2.74959
0	-0.0214752	0.191475	282206	76731	-1.97264
0	-0.0427003	0.200146	284228	61773	0.284154
0	-0.0462332	0.220442	276298	76725	3.81543
0	0.0601629	0.233368	284220	19934	0.136211
0	0.0135279	0.261337	278276	35923	0.117819
0	0.0226559	0.260782	284252	57860	1.41893
0	0.0310184	0.23902	278264	85737	-1.09922
0	0.0693207	0.181129	276268	102699	0.255449
0	-0.00721552	0.197241	280254	103690	1.77944
0	-0.00427341	0.189116	274326	128623	1.16378
0	-0.00767769	0.157765	278254	138574	-1.75593
0	-0.0139464	0.187198	280224	162468	1.16189
0	0.00495789	0.210283	282266	23951	0.115061
0	0.0268067	0.237286	276226	77740	0.159056
0	-0.0448717	0.227267	276292	94772	-0.842196
0	0.0300941	0.233275	288220	124710	2.73302
0	0.00639047	0.219291	266340	128710	-1.26497
0	0.0161405	0.174769	266290	145604	2.67612
0	-0.0318049	0.158826	284236	191519	1.31441
0	-0.0082854	0.175731	262316	167575	-1.31481
0	0.0159604	0.120054	284252	205553	0.405673
0	-0.0381208	0.255661	276258	23972	-0.0739024
0	0.00623827	0.24731	278276	71863	0.606571
0	0.0124198	0.211427	270296	120716	0.691179
0	0.0231798	0.278974	266300	109745	2.30047
0	0.0628287	0.207122	274240	153638	-3.07525
0	-0.0152741	0.194621	270290	169659	0.412093
0	0.0345821	0.163784	284216	214524	-2.25505
0	0.00123944	0.172823	276258	197647	5.75404
0	-0.000739146	0.135061	284252	231544	5.84151
0	0.025267	0.228053	272250	40948	0.0498136
0	-0.0224837	0.262053	278300	80839	-1.80159
0	-0.0481488	0.273163	288188	108792	0.313579
0	0.0366708	0.219225	264310	130799	0.18764
0	0.0197284	0.197732	272288	164789	-0.276956
0	0.027899	0.239772	272302	186668	-2.74639
0	-0.00510146	0.141301	272318	221740	-2.08685
0	0.033268	0.127265	272290	237694	-1.20898
0	0.0245824	0.129703	260330	233729	1.13793
0	0.0283571	0.249263	284226	47926	-0.0662366
0	0.0114644	0.240125	276262	110830	-0.183145
0	-0.0098324	0.223679	278246	126761	2.21453
0	0.0452143	0.238585	286214	177702	-0.302152
0	0.0057507	0.23045	278282	201652	1.06939
0	0.0137792	0.199054	272252	212681	-0.27058
0	0.0248655	0.180372	282252	226740	-0.227181
0	-0.0125657	0.108444	282264	241841	-2.97998
0	0.0279644	0.123235	286224	257788	-1.73031
0	-0.0466432	0.242002	276314	36004	0.392048
0	-0.00170803	0.247082	284262	82909	0.0668847
0	0.0232728	0.261052	284234	133824	0.759509
0	0.00400435	0.245806	280230	152797	2.35299
0	0.00551424	0.249377	280262	184794	3.03263
0	0.00775989	0.189325	264336	205826	-0.0451454
0	-0.0459561	0.137122	282238	251818	-0.808177
0	-0.00110872	0.140511	280206	254762	-3.21527
0	-0.0111325	0.0917627	282250	269890	1.60224
0	0.0155753	0.241059	276228	56902	-0.114607
0	0.0177441	0.242931	270286	78992	0.454618
0	0.0313211	0.262397	276286	127876	-0.512323
0	-0.0185855	0.201364	274276	165864	0.448899
0	0.00323335	0.172914	278258	195942	0.553004
0	-0.0351084	0.173405	280218	228827	2.9625
0	-0.0580189	0.118774	282248	251900	2.4174
0	0.0208402	0.155404	274274	244910	3.88563
0	-0.0143281	0.0881603	282252	261986	2.23895
0	0.00397035	0.242349	270306	32013	-0.125435
0	-0.0183247	0.246336	280270	83925	0.0125347
0	0.0583666	0.256385	276242	113911	-0.38229
0	0.0226317	0.212804	266350	156908	-1.21551
0	0.0287043	0.203598	282274	198887	-2.47326
0	0.0372127	0.150377	278292	226877	0.965002
0	0.0316496	0.13615	284252	249919	-1.80918
0	0.00388028	0.12223	290222	272911	4.60168
0	0.026284	0.109045	274240	256008	2.22165
0	0.0158145	0.235646	278286	15947	-0.137015
0	0.0162471	0.247995	284232	30893	-0.424079
0	-0.0195062	0.210332	272300	19942	0.49039
0	-0.00364392	0.232049	284260	33892	-0.546969
0	-0.0100151	0.258154	274266	33888	-2.77084
0	0.011658	0.250605	284226	48821	2.84131
0	0.0160497	0.214438	284214	52835	-0.346282
0	0.00258408	0.286146	276248	53803	1.51392
0	0.0606951	0.227859	286236	64781	-0.181897
0	0.000188633	0.266496	288198	17946	-0.00410624
0	-7.09188e-05	0.233015	266340	40880	-0.327414
0	-0.0455468	0.230444	292180	35896	1.0391
0	0.0162053	0.259407	274264	69783	0.183433
0	-0.0239204	0.233624	274300	77748	-3.80276
0	-0.00190794	0.228574	282236	107620	-1.07816
0	0.0102313	0.238928	272300	95726	3.70028
0	-0.0128612	0.216018	282278	120654	-2.47821
0	-0.0393078	0.190223	280272	116674	0.337915
0	-0.00564665	0.245016	266330	21962	-0.0456702
0	0.0421599	0.252855	284278	46905	-1.272
0	0.0125509	0.25843	290196	70786	0.729422
0	0.0444672	0.252476	270302	82783	-0.65287
0	0.0131273	0.171533	280302	108819	-5.00445
0	-0.0351041	0.238768	272294	131694	0.0280149
0	-0.0420686	0.199474	276266	154654	4.9189
0	0.0416585	0.187677	280244	149635	2.52143
0	0.00210171	0.15366	278274	176577	-4.84917
0	0.0318802	0.227626	274274	24978	-0.408229
0	-0.00691804	0.234333	288236	67892	-0.0313796
0	-0.0173684	0.220653	270264	86842	0.694344
0	-0.0405839	0.227937	274288	106785	-0.33599
0	-0.000670742	0.20583	276248	154680	-0.593428
0	0.0235973	0.174666	272314	169715	2.4236
0	0.0132106	0.168043	272266	181686	-3.04692
0	-0.0171547	0.175264	264320	178694	0.19833
0	0.0608794	0.112936	278232	215628	-3.53473
0	-0.0111891	0.284517	274290	20988	-0.249826
0	0.00495995	0.257876	276256	76841	-0.267066
0	0.00911779	0.244047	286220	118732	-0.407835
0	-0.0127826	0.236164	292196	155719	0.716343
0	0.00671461	0.216044	282248	152773	-1.3507
0	0.0178996	0.185818	280238	188723	-1.37722
0	0.0367021	0.158805	266288	197776	-3.89945
0	-0.005267	0.160838	280252	218695	3.45342
0	0.0371117	0.103212	286204	240703	0.0207622
0	0.0116014	0.227596	274294	56918	-0.0159981
0	0.0284425	0.251661	280264	75936	-0.460519
0	-0.0672159	0.224383	270248	98957	0.62952
0	0.0344982	0.217379	276280	157791	-1.24676
0	-0.00519475	0.18099	278296	180772	0.444996
0	0.0259741	0.150518	266306	208847	0.919344
0	-0.0641823	0.136912	274298	219886	-3.22359
0	-0.0539763	0.138872	282256	240811	0.799847
0	0.0134127	0.151255	284252	239810	-2.75949
0	0.018771	0.220505	276282	48966	0.0139587
0	0.0117207	0.262323	286222	75889	-0.208258
0	-0.0313303	0.213825	278282	140829	0.188856
0	-0.0142677	0.223642	290194	162793	0.396427
0	-0.00419576	0.180236	278272	193843	-2.25946
0	-0.00590338	0.212276	274296	211802	-2.67591
0	-0.0101672	0.174955	290212	225834	1.39005
0	0.0130131	0.109649	280238	244899	-1.75063
0	-0.00247432	0.11301	288202	261885	-0.583905
0	-0.025594	0.243246	276268	40999	-0.0511081
0	0.00382436	0.243428	282268	79920	0.051194
0	0.068511	0.281497	270312	122881	-0.978003
0	-0.0144276	0.248851	278252	147810	0.115209
0	0.0104978	0.220135	268312	188841	0.731967
0	0.0608857	0.170821	274312	228816	-1.43707
0	-0.0118285	0.13357	282284	239893	3.03054
0	0.0656387	0.172499	286226	234894	-0.704172
0	-0.057645	0.0791604	286218	276891	-5.07994
0	0.0473053	0.231116	280248	36002	-0.100663
0	-0.0231162	0.257037	282262	71989	-0.384567
0	0.0139089	0.246058	282234	136850	2.02905
0	0.0153571	0.219031	274290	163887	1.07179
0	0.0252274	0.202314	280244	217768	4.39291
0	0.024515	0.180484	278302	225913	2.75193
0	0.00605379	0.149401	278236	239843	1.65585
0	0.0339138	0.123684	276282	254944	-1.40156
0	-0.00100641	0.0967403	280250	263994	3.03589
0	-0.017036	0.245943	278260	8972	-0.261639
0	0.0218876	0.234771	284258	18949	-0.206814
0	0.055998	0.272312	272342	30897	0.262583
0	0.055912	0.221366	286240	31908	-1.44645
0	0.00745042	0.195881	272266	32921	-0.629076
0	-0.0446156	0.250032	268328	39864	-2.96864
0	-0.00751199	0.236223	284226	46814	-0.582681
0	0.00886656	0.233681	276294	39889	0.595138
0	0.0175522	0.202299	282242	53818	1.80339
0	0.0331457	0.253461	272312	18949	-0.0917359
0	0.0472931	0.237125	290220	36906	-0.824611
0	0.0423837	0.232572	276280	54862	1.18729
0	-0.0174651	0.250378	278228	44895	0.821914
0	-0.01013	0.219667	286240	72833	1.60648
0	0.0281278	0.243568	268330	82769	-2.5986
0	-0.0236424	0.222959	270288	110675	3.87011
0	-0.0180936	0.217139	272252	101730	6.81638
0	-0.0109482	0.191577	284252	88802	-4.95142
0	-0.00609709	0.306313	272320	20957	0.201443
0	0.0186524	0.250332	282248	44911	-0.576809
0	-0.0172181	0.23714	284202	61900	0.982903
0	0.0173024	0.219813	274258	82815	3.26928
0	0.0374821	0.236761	272284	95809	-2.51648
0	0.021152	0.233754	270308	120759	1.9658
0	0.015079	0.227384	262338	130742	-1.70398
0	-0.0139132	0.223588	286216	126760	-3.82224
0	-0.0647802	0.164492	284256	146718	-2.7789
0	-0.0265998	0.254267	280270	31944	-0.0764264
0	-0.0347714	0.269688	282240	67851	-0.342789
0	0.0302323	0.261326	282244	79847	-0.903446
0	0.0348418	0.240987	270274	108796	0.626116
0	0.0398447	0.204888	268298	128767	-0.935961
0	-0.0334142	0.226115	280278	138755	1.02369
0	-0.0335112	0.183866	286206	173663	6.23069
0	0.0465681	0.135058	274276	182734	-5.94584
0	0.037528	0.124195	280270	202704	-4.19671
0	-0.0268635	0.277538	282234	35949	-0.18694
0	0.0253973	0.229916	286172	70901	-0.468238
0	0.0336317	0.263781	278258	95843	-2.60682
0	-0.00275331	0.20576	282254	133813	-1.62886
0	0.0690628	0.222882	268314	160741	0.0106057
0	0.0243246	0.18693	274270	182733	-6.8012
0	0.0403689	0.216095	286236	191734	-1.41906
0	0.00766806	0.167269	270280	203752	-5.5676
0	0.0302437	0.106734	274260	224712	-7.93066
0	-0.000583195	0.228491	282248	41941	-0.0312179
0	0.0181961	0.203768	272296	69981	0.823065
0	0.0116051	0.23783	274254	92920	0.0266247
0	0.0101949	0.222303	276264	130840	-0.427306
0	-0.0031689	0.187976	276268	183708	0.289546
0	0.0328597	0.180897	270306	196794	-1.96451
0	-0.0380892	0.152457	262290	201832	1.54088
0	0.0263124	0.184658	268326	192860	1.51827
0	-0.0059191	0.148264	266290	220869	5.18102
0	0.0205934	0.235337	276288	43945	-0.109196
0	0.00542165	0.25711	286224	86837	0.285893
0	-0.0308205	0.250306	272272	116867	-1.40207
0	0.0105222	0.230956	282244	145789	-0.18558
0	0.007837	0.243497	282262	168837	-1.19853
0	0.00487278	0.204422	276280	187834	-1.17068
0	-0.0143389	0.205014	286242	230754	3.68161
0	-0.0279446	0.113976	266312	224923	5.86189
0	0.00742647	0.145492	270278	230941	2.34666
0	0.024751	0.250025	276246	45932	0.101061
0	0.00563685	0.262613	268318	75906	-0.548801
0	0.00583773	0.210742	284234	120861	0.446115
0	-0.0076382	0.262108	284186	154861	-0.0459511
0	0.00421233	0.189667	274236	187833	-2.12235
0	-0.012764	0.180533	270326	220842	1.00414
0	0.0323627	0.168244	290208	237845	-0.545751
0	-0.0125531	0.143108	280264	238896	-3.20655
0	-0.0186929	0.0967277	274312	250972	0.026466
0	-0.00219802	0.258963	284214	37973	-0.0464057
0	-0.0300582	0.219584	272312	82931	-0.0221644
0	0.00855191	0.273181	288178	114866	-1.68429
0	0.00784231	0.194628	286250	147943	0.341909
0	0.0126037	0.192832	272322	209739	-0.696762
0	0.0494083	0.220024	278288	212850	1.55644
0	-0.00113957	0.163348	284212	238822	-0.0794454
0	0.00263841	0.183829	282230	236904	6.58453
0	0.0229809	0.121963	280242	259936	4.47483
0	-0.0418464	0.276552	256340	3994	-0.202368
0	0.0276358	0.223967	274268	10982	-0.433592
0	0.0353458	0.242455	272266	20940	-0.0126372
0	-0.0260273	0.223913	268330	24918	0.150756
0	0.00749755	0.24939	280264	29892	-1.30843
0	0.00323948	0.262655	260336	40888	-2.61616
0	-0.0242548	0.194246	272240	41900	-1.51391
0	-0.0217731	0.223	280244	51814	-0.455638
0	0.0118611	0.245755	280282	39884	0.938431
0	-0.012371	0.27064	276226	27916	-0.215791
0	0.0360721	0.269085	284238	21964	-0.00809798
0	0.0116493	0.273429	282252	31932	-0.229283
0	-0.0034241	0.207014	282244	55910	-1.16828
0	-0.0166763	0.2101	274224	60870	1.02921
0	0.0116043	0.239484	278274	59920	-1.04077
0	-0.0973111	0.227174	278252	88766	1.4997
0	0.01188	0.165416	288190	92847	-5.80421
0	-0.0264541	0.247785	280212	79832	5.22724
0	-0.0212177	0.254513	278282	18001	-0.0950473
0	0.0128462	0.261857	262358	37916	0.196729
0	-0.0362589	0.201423	276238	67902	1.62331
0	0.00331071	0.22217	284230	85849	2.37189
0	-0.0351411	0.254256	276272	85882	-1.52242
0	-0.00963898	0.188217	288236	112793	1.86118
0	0.0236238	0.220241	274242	135730	-5.02248
0	0.0070787	0.168123	272304	122829	2.43732
0	-0.0518033	0.15929	282252	132797	4.12298
0	0.00221264	0.258205	274266	16997	0.0723476
0	0.00834061	0.214609	280296	56907	-0.7735
0	0.0168398	0.254536	270358	62917	0.550722
0	0.0103761	0.212085	278248	99819	2.7872
0	-0.0293921	0.221749	280278	115822	-3.30733
0	0.0386381	0.235678	276300	131821	6.3123
0	-0.0235405	0.155321	280254	154781	3.73689
0	0.0203791	0.169017	270296	147914	0.685395
0	0.00415397	0.149676	272292	164829	-3.43678
0	0.0108254	0.25392	284250	37928	-0.211225
0	0.00182218	0.232471	284232	69876	-0.516396
0	0.0451718	0.273173	262342	52987	-1.9704
0	0.00157327	0.274862	274266	110841	-0.899851
0	-0.0753486	0.236965	268302	119856	-1.71064
0	-0.046093	0.174327	272294	168785	-2.57416
0	-0.037891	0.205812	286258	176801	-1.90525
0	-0.00722517	0.150494	272278	190808	-2.99043
0	0.0587955	0.111287	286228	194871	-7.685
0	0.00701619	0.236166	282262	23978	-0.0647493
0	-0.0620475	0.23637	274262	61955	-1.14765
0	0.0225867	0.236926	276278	102858	-0.334397
0	-0.0324481	0.239826	272286	124850	1.37728
0	-0.0153125	0.194071	266314	165842	-1.71154
0	0.0529262	0.21826	286250	164876	-0.0514955
0	-0.0501232	0.155263	266358	190903	1.57362
0	-0.00905622	0.133873	280274	226823	-4.8212
0	0.00499571	0.119566	276258	204907	1.89834
0	0.00626938	0.218199	276270	37983	-0.231953
0	0.0163882	0.264903	272272	72906	-0.0807597
0	-0.00189631	0.258691	272294	107891	-1.15781
0	-0.0166101	0.238708	286206	129865	2.70851
0	-0.0174319	0.204958	282266	170833	-2.55682
0	-0.0093788	0.168762	282248	194888	-1.10292
0	-0.033739	0.178778	272292	209827	-1.01796
0	-0.024729	0.167839	278282	222856	0.560747
0	0.0320477	0.150462	266314	222947	-4.16491
0	-0.0248702	0.276665	274266	31993	0.220781
0	-0.000172025	0.263652	266342	71920	-0.233714
0	0.0685631	0.247009	278272	94982	1.10151
0	-0.0154715	0.234381	278288	154814	-1.79194
0	-0.047033	0.222988	286234	183862	0.228598
0	0.0328585	0.180495	278304	194941	-4.32276
0	-0.0245671	0.156144	284226	226841	2.05323
0	-0.0140194	0.158575	268334	223973	-2.18302
0	0.0490964	0.121226	274292	235969	-2.99254
0	-0.0129754	0.242631	274306	40966	-0.0687717
0	0.0484005	0.224938	276258	70002	-0.273274
0	-0.0283936	0.22946	284264	105971	-0.459636
0	0.0402106	0.229799	276260	158877	-1.49543
0	-0.00535882	0.157015	282224	198864	-1.34597
0	0.0134043	0.224129	272268	197901	-1.46159
0	0.00467626	0.1564	286218	232930	0.862732
0	-0.0119149	0.115029	284266	249946	-1.46346
0	-0.00438683	0.132973	292218	262912	2.26964
0	-0.0167683	0.260885	266310	11976	-0.0843275
0	-0.0531352	0.266423	272292	7990	0.0709266
0	0.0168264	0.270186	286212	18948	0.127845
0	-0.0129408	0.239726	274252	11999	0.463956
0	-0.043936	0.267409	264314	28915	0.720867
0	0.0106559	0.230907	282278	32934	2.48687
0	-0.0949234	0.231728	282238	37885	1.13251
0	-0.0740389	0.228923	280244	45869	5.6083
0	0.00893979	0.199092	284250	33933	-1.3423
0	-0.000164147	0.21777	268322	7000	-0.247928
0	0.00957832	0.248826	272272	16970	-0.173994
0	0.0369077	0.256448	280274	43891	0.969721
0	0.00770439	0.271602	280252	42937	-1.3679
0	0.00393944	0.220413	272278	53910	-0.369621
0	0.000248958	0.210215	276260	63907	1.4155
0	0.0205232	0.234694	270282	78880	4.01424
0	-0.0184082	0.203238	278238	81879	1.7953
0	0.00539454	0.181725	272284	81907	-2.30743
0	0.0384134	0.25471	280276	21958	-0.0175254
0	-0.00656843	0.212984	274300	37963	-0.774568
0	0.0371514	0.258498	270316	44958	0.143456
0	-0.0371878	0.226907	282234	82871	0.544678
0	-0.0296043	0.174626	278298	98866	3.06963
0	-0.00660465	0.230721	278246	102821	2.89152
0	0.00573471	0.20699	280222	96868	-1.19287
0	-0.035159	0.233233	272318	113829	2.05263
0	-0.01083	0.149236	288192	123828	2.52494
0	-0.0038838	0.260847	264324	18985	0.234218
0	-0.00241805	0.246609	278292	42974	1.09895
0	-0.012978	0.226756	266338	68894	0.263997
0	-0.0192233	0.275265	276314	87923	-0.0329847
0	-0.0167673	0.251339	282242	117823	-0.17834
0	-0.0307206	0.191126	278284	115873	-2.53795
0	-0.0264317	0.216676	280198	144792	4.7058
0	-0.0191371	0.193973	284248	142885	-3.46908
0	-0.000541171	0.133289	288196	152907	2.21283
0	0.045477	0.231127	286200	21001	-0.26504
0	0.00166525	0.242951	284236	52951	-0.478386
0	0.0276577	0.243448	276254	71976	0.324733
0	0.0114272	0.250787	282252	109867	-0.820694
0	-0.0198153	0.242685	276280	119906	1.90919
0	-0.0129376	0.241461	278242	141866	0.389426
0	-0.00648821	0.197271	280278	143900	-4.06772
0	0.0332542	0.141239	280248	185828	-0.451783
0	0.0159948	0.11674	272284	173911	4.22825
0	-0.0365757	0.269445	270294	26980	0.0202628
0	0.0130026	0.257624	276260	67925	-0.719913
0	-0.0109604	0.261409	268292	95855	-0.477747
0	0.00351163	0.242621	268310	120872	0.197942
0	-0.00104885	0.259092	278266	137842	2.23085
0	-0.00141254	0.169105	282244	179752	-2.31814
0	-0.0391271	0.212661	270288	171886	-7.51776
0	-0.0241995	0.142254	286238	194871	2.78362
0	-0.00235501	0.111613	282270	216891	0.734617
0	0.0326669	0.263322	276268	39941	0.221154
0	-0.020158	0.238703	276242	61958	-0.889941
0	-0.0491762	0.274678	282282	92949	0.393156
0	0.0239245	0.208847	282250	125889	-1.56761
0	-0.0396303	0.242829	282282	162853	1.72052
0	-0.0171463	0.185104	284200	191851	0.713248
0	-0.0468779	0.196387	262328	178928	-2.73029
0	0.00843167	0.151969	276264	217868	3.07584
0	0.063465	0.0978542	276294	235942	-4.05831
0	-0.0155461	0.215525	272338	36950	0.123157
0	0.00616016	0.238642	270268	88902	0.672296
0	-0.00726112	0.219846	288224	93984	-0.894989
0	0.0551453	0.203413	276284	148880	0.635211
0	0.0161065	0.195841	270282	168856	-1.41117
0	0.0339463	0.162875	282246	196933	-0.650775
0	0.00861801	0.180352	272306	207945	0.188204
0	-0.040675	0.14188	278274	225893	7.57492
0	-9.05059e-05	0.131668	272302	239945	-2.93751
0	0.0174944	0.261841	276294	40969	0.5642
0	0.0140822	0.283402	276290	52988	-0.438104
0	0.0143673	0.237206	286240	123908	0.492133
0	-0.039013	0.241916	284250	145924	-0.548977
0	0.0413885	0.176623	274288	196895	-0.46507
0	0.0103848	0.215912	274292	196952	0.812325
0	0.0267244	0.173438	280218	206948	-4.59308
0	0.0130274	0.138444	274314	235965	4.91152
0	0.0107739	0.0954923	262324	240059	4.3439
