0	-0.0395392	0.250489	274284	32017	0.0855746
0	0.0215108	0.234997	284244	103925	1.21901
0	-0.0246868	0.198641	274278	136002	0.900478
0	0.0206864	0.194498	280276	163986	-0.689812
0	0.0804447	0.20936	266342	182033	-2.26055
0	0.0022732	0.193859	290238	225956	1.16074
0	-0.0246557	0.188261	284208	237964	-1.26003
0	-0.0149488	0.150799	268274	236078	-1.10182
0	-0.0375737	0.0745979	282272	276133	2.01979
0	-0.0224269	0.287252	286234	43970	-0.237123
0	-0.0115247	0.26928	284240	83942	-0.0744327
0	-0.0111967	0.219658	274272	113971	-1.19387
0	0.0563634	0.207775	284250	185876	0.718831
0	0.025999	0.226783	280268	185940	0.23804
0	0.0439718	0.198805	274312	208029	3.30498
0	0.0177039	0.192799	280246	233991	-1.79692
0	-0.011509	0.161472	280250	252022	0.995325
0	-0.0114545	0.126119	264310	250128	-1.04622
0	0.011884	0.237689	270314	43981	0.103457
0	-0.00306098	0.228254	284242	77974	-0.252646
0	-0.013061	0.248616	288242	117986	0.275335
0	-0.0220725	0.194697	274328	167994	-2.13391
0	-0.0228329	0.231277	266282	166001	1.49945
0	-0.0239053	0.202725	272298	221998	1.52712
0	0.0170269	0.158113	280254	232095	4.58645
0	0.00423698	0.100978	286224	278024	2.53354
0	0.000752133	0.105575	276276	260160	2.30972
0	-0.0154712	0.232733	274246	38038	-0.00209868
0	-0.0265681	0.276206	278282	85976	0.171646
0	-0.00569376	0.257684	284238	108030	0.266632
0	-0.0423715	0.220337	284218	175938	1.40618
0	-0.00728703	0.184117	270282	205946	0.507417
0	-0.0106895	0.159736	282266	224030	1.57931
0	0.0567838	0.142004	280268	250050	-1.30197
0	-0.0148161	0.145086	278268	250119	0.0209144
0	0.00445102	0.110744	288234	266073	2.62659
0	0.0213194	0.266677	278266	53945	0.0520076
0	0.00877547	0.223075	274272	70020	-0.828894
0	0.000694169	0.268199	270304	108026	0.357562
0	-0.0174288	0.22602	270280	161935	0.214076
0	0.0401585	0.19329	276258	193996	1.75267
0	0.0302384	0.179296	274290	206117	2.60931
0	-0.0297068	0.145197	278284	242079	-1.15166
0	0.0189135	0.16562	280228	250040	0.465776
0	0.00426031	0.0906633	272306	260166	3.93907
0	0.0131288	0.297147	280284	35968	-0.0858998
0	0.0309608	0.242049	282248	77974	0.359385
0	0.0157563	0.267911	282236	108029	0.113667
0	0.00429741	0.213285	276268	177894	-0.00580219
0	-0.0262577	0.221046	276278	193929	3.37888
0	0.0421531	0.214128	284252	225997	-0.136242
0	0.000902806	0.187288	288240	251985	-1.18563
0	-0.022783	0.123	282212	250070	2.37942
0	-0.00822153	0.0857345	276274	268133	0.241027
0	-0.00511356	0.258538	288236	24038	-0.0132468
0	0.0183193	0.270249	276288	69996	-0.579033
0	-0.00420096	0.254649	282242	133943	0.192897
0	0.0512667	0.199044	288228	175969	0.906467
0	0.0326114	0.204493	278276	207993	-1.41341
0	-0.0318217	0.202903	266296	216010	2.52479
0	0.0198247	0.149762	284238	242061	-1.61254
0	0.0329844	0.165185	280270	250062	-2.28112
0	0.0156299	0.115681	286226	270120	-1.07366
0	0.0316026	0.255749	286224	34006	0.0206447
0	-0.0188095	0.221156	274282	62059	0.483204
0	-0.000853312	0.283332	276290	121951	-0.924621
0	-0.0083093	0.263407	260338	151925	1.20681
0	-0.00515915	0.203675	282252	199933	-2.16411
0	0.0641732	0.195458	272288	219944	-2.23596
0	0.0410087	0.160668	276284	244012	4.01162
0	-0.080934	0.171486	272320	240072	1.24592
0	-0.0151312	0.0809853	282242	270136	3.54149
0	0.00463673	0.256961	284228	43972	0.171458
0	-0.0303962	0.222679	282250	80012	0.419596
0	0.0200447	0.289029	272310	115916	0.543626
0	0.0174545	0.23964	278256	157948	-0.659811
0	-0.0685558	0.171897	282240	182051	0.808556
0	0.024088	0.185186	276292	220000	-0.0801204
0	-0.0263285	0.209068	284222	224013	4.65724
0	0.0198093	0.14083	280244	252031	-5.55892
0	-0.0257809	0.0842508	280232	270116	-0.723895
0	0.0445194	0.237591	278284	35990	-0.272637
0	0.0253771	0.253582	282208	103877	-0.0327352
0	0.0334427	0.254507	280268	119946	-1.13611
0	0.0113616	0.250559	272300	143948	0.024681
0	-0.0551438	0.212828	278250	197959	1.02785
0	0.0421686	0.181821	268316	220008	-9.08111
0	0.00245232	0.148456	272312	234089	-1.34921
0	-0.00874894	0.17155	274280	234065	-3.25965
0	0.0406798	0.111566	280252	260090	3.28128
0	0.0285599	0.242436	276240	45986	0.00539783
0	0.0546375	0.250689	276276	87950	-0.351756
0	-0.0436995	0.207076	284228	153893	-2.39221
0	-0.010377	0.235175	284284	146017	1.1617
0	0.0566799	0.222976	280246	213888	0.780984
0	0.011279	0.142924	280252	230014	-1.03975
0	-0.0170465	0.157917	278242	238047	3.04556
0	0.0249594	0.138983	282286	248113	-1.02282
0	0.0524479	0.125403	272272	264085	0.682721
0	-0.00199436	0.228726	280260	55956	0.0553668
0	-0.00103338	0.271107	282254	73987	0.232432
0	-0.0122925	0.236969	266282	111957	0.287352
0	-0.0190997	0.215049	276242	169945	0.183941
0	0.0325835	0.246265	280220	181968	-0.8978
0	0.000861097	0.23372	288212	223953	1.12461
0	-0.0644955	0.129041	282274	230110	3.21095
0	0.0117931	0.0965937	274298	262110	-2.496
0	-0.0736995	0.137679	284246	256124	1.66469
0	-0.00726781	0.280936	282260	33996	-0.00873931
0	-0.0122747	0.259599	284256	75983	-0.538071
0	-0.00822605	0.23563	276290	125971	1.0935
0	0.0142423	0.207824	282284	187964	0.322515
0	0.0518346	0.216425	278290	185993	3.02617
0	-0.039336	0.165835	286244	243965	2.04136
0	0.0189256	0.167726	270294	242033	-1.71552
0	0.0330642	0.141688	284234	262037	-2.10903
0	-0.024058	0.0920807	282260	268128	7.33581
0	-0.00252621	0.266478	270274	35994	0.131406
0	-0.00896458	0.234514	270290	83987	-0.106574
0	0.0187958	0.206728	268270	125963	0.687283
0	-0.0100364	0.21863	290232	169946	0.818744
0	0.0111866	0.20024	274270	185974	-1.02357
0	0.0130779	0.18696	260326	206044	0.39969
0	-0.0281599	0.16423	280284	232044	2.75555
0	0.0239716	0.116544	278260	262084	-4.85258
0	-0.0422032	0.117506	274290	260093	4.14635
0	-0.0471199	0.269451	290224	51950	0.295401
0	-0.0398083	0.243481	288224	97937	0.104057
0	0.0152895	0.239577	274286	129928	1.33208
0	0.0354042	0.224064	282250	165972	-1.58621
0	0.0167823	0.224711	272300	201953	-1.04083
0	-0.0259663	0.203133	282216	200045	0.773737
0	-0.022439	0.124316	278274	246108	1.83468
0	0.0305914	0.107397	274288	252125	4.58734
0	-0.0621862	0.108462	286238	272079	3.27744
0	0.00386975	0.203818	276296	58000	-0.10161
0	-0.0187418	0.260294	278246	95910	0.196209
0	-0.0458037	0.249306	272300	125921	0.357588
0	-0.0124562	0.227832	272274	157922	0.0116624
0	0.0286204	0.208719	280260	199981	-3.92593
0	0.0250969	0.175086	274286	219989	1.14777
0	-0.00850724	0.15766	274302	232075	-0.940394
0	-0.0166408	0.12625	286208	267994	0.0572085
0	0.0108193	0.0797359	292204	274100	1.54305
0	0.00533032	0.261811	282248	47987	-0.152079
0	0.0622705	0.232049	278258	91937	-0.153948
0	0.00719207	0.22412	270320	133979	-0.679799
0	-0.00212564	0.209442	280260	150004	0.356842
0	0.00142753	0.169566	272280	194019	-1.90978
0	0.0173093	0.166489	284232	212033	-5.7992
0	0.0255426	0.173068	270304	244009	1.67896
0	-0.00635781	0.122514	282232	260055	-0.437304
0	-0.0365737	0.115876	250390	236216	3.91798
0	-0.0180301	0.284131	280284	37992	0.176556
0	-0.0405881	0.236157	272304	97938	0.567875
0	0.0151719	0.243107	256324	114025	0.562421
0	0.0133054	0.275919	274304	130005	2.04625
0	0.031548	0.239346	278276	179958	-0.427889
0	-0.0220213	0.191505	286214	227942	1.55712
0	0.00977559	0.17443	276258	239980	3.66591
0	-0.00998927	0.121044	274272	256076	2.26781
0	-0.00919955	0.0907431	276226	270046	1.11579
0	-0.0114079	0.259616	278272	38013	0.108073
0	-0.0322505	0.248709	280254	77980	-0.48616
0	-0.00825318	0.217187	274282	129953	-0.567575
0	0.0419435	0.246888	278254	159940	-0.384295
0	0.0229662	0.204513	286248	195992	0.678693
0	-0.0297891	0.181775	286208	216020	-0.636185
0	0.027842	0.12508	272304	254059	2.28911
0	0.0196977	0.128633	272252	248064	-3.40674
0	-0.0365845	0.0781781	276288	266176	-2.69236
0	0.0286509	0.261499	272306	30005	0.219698
0	-0.0100239	0.2267	280260	88023	0.429773
0	-0.0156898	0.21952	272286	120013	-1.01417
0	-0.000728724	0.231202	276266	143995	-1.46417
0	0.0280302	0.191104	270320	199995	-2.18073
0	0.0139047	0.163933	260316	214044	-2.9428
0	-0.0203425	0.117868	286190	248028	-3.0893
0	0.0235339	0.127725	278234	252038	-6.72983
0	-0.0166893	0.113844	286218	272058	-2.07548
0	0.0506396	0.237679	282248	47945	0.0491092
0	-0.0101816	0.249228	282248	97918	0.417086
0	0.0208634	0.233336	286198	133980	-0.623935
0	-0.0253364	0.258781	288222	173869	-0.626621
0	-0.00430737	0.224128	274280	185997	-0.491056
0	-0.0333347	0.195257	284246	213984	0.271691
0	0.0341171	0.13166	280244	230126	-1.26207
0	0.0257031	0.136678	288212	260031	-6.0491
0	-0.0252885	0.0812261	278246	270127	5.65444
0	-0.0307304	0.270545	280242	41983	0.10235
0	-0.026656	0.254222	266320	72011	0.229145
0	0.0114222	0.216711	288244	119986	-0.441617
0	-0.0317116	0.267742	264306	134004	-0.70643
0	0.018837	0.225357	268262	199869	-0.724114
0	-0.00742996	0.195373	284256	221939	-3.50206
0	-0.0465193	0.180295	274272	238015	0.589096
0	-0.00662161	0.103977	282282	264128	-1.9166
0	-0.0207974	0.11888	290182	262074	-1.01409
0	-0.0238742	0.251247	284238	59920	0.0106747
0	0.0051817	0.283156	274272	79943	-0.0514307
0	-0.0392947	0.243024	286234	139927	1.44477
0	0.0145417	0.189743	276226	173905	-0.222419
0	-0.0300692	0.293762	278320	185896	0.946896
0	0.0615811	0.158036	272304	220016	0.69674
0	0.0186514	0.146589	288240	244031	2.35958
0	0.055205	0.15301	270306	236117	-1.00501
0	-0.039088	0.118755	282226	268049	0.649257
0	0.00011408	0.232481	282262	44017	0.0292016
0	-0.0540614	0.257777	268310	69992	0.0864422
0	-0.0377965	0.23428	276286	127972	-0.631348
0	-0.0361675	0.210084	284236	163998	0.122765
0	-0.00173869	0.210611	276212	175977	1.09133
0	-0.0162488	0.173396	286238	210102	4.30299
0	-0.0114143	0.166865	270284	236001	-0.0838737
0	-0.00254759	0.170427	278260	242048	-3.98165
0	-0.0224178	0.140179	278254	260073	3.14017
0	-0.0202338	0.252068	270280	45969	-0.0522523
0	-0.00699719	0.261227	292182	89936	0.309323
0	-0.0329509	0.271226	276256	115989	-0.0564209
0	0.00441795	0.229377	282246	162006	-0.615207
0	0.0223559	0.227846	284236	199915	1.53929
0	-0.0248007	0.161005	256344	208017	-1.0237
0	-0.0169199	0.222735	274306	204091	2.42034
0	0.00741033	0.0980695	278270	254130	0.378902
0	0.012719	0.112876	280278	260138	-1.7465
0	0.0204354	0.262198	280256	42004	-0.114052
0	-0.00915123	0.231438	266290	73999	-0.42099
0	0.0534499	0.269323	282228	107970	-0.680464
0	0.0262191	0.245558	268352	161932	-1.34018
0	0.0719146	0.220259	272294	194001	-0.210269
0	-0.0424858	0.175712	272282	208012	0.0213287
0	-0.0352768	0.171282	282240	244029	-2.88068
0	0.00331076	0.118107	290236	264047	-0.716496
0	-0.0121864	0.0819782	280238	268098	1.03815
0	0.0254491	0.255529	280266	43981	-0.468327
0	0.0185263	0.246163	278264	64003	0.214493
0	0.0604694	0.242076	280242	127921	-1.6836
0	0.0103536	0.216174	272280	159978	0.223504
0	-0.00274007	0.22993	272290	173968	-0.91383
0	-0.00497263	0.194198	286210	217937	0.37852
0	0.0162773	0.172005	276238	231988	-3.62377
0	0.0148163	0.143344	284228	254023	0.128311
0	0.00183394	0.162198	278268	244128	-3.3473
0	-0.0134434	0.216413	282254	34024	0.163528
0	0.0458276	0.231498	272264	88002	0.262495
0	0.0354435	0.219565	278254	120042	-1.72333
0	0.00447955	0.206431	276280	175959	0.078614
0	0.00257258	0.213862	272260	188004	1.79852
0	0.0310331	0.202574	280262	215993	0.851992
0	0.0326261	0.146282	288254	252038	0.727527
0	-0.00598231	0.150884	270282	246084	-0.280933
0	-0.0213801	0.115744	284232	268112	-3.55634
0	-0.0050597	0.277284	268358	39954	-0.179331
0	-0.0064563	0.23327	272262	83992	0.168174
0	-0.0337557	0.248709	284264	127990	0.0242537
0	-0.0166654	0.251946	274298	152050	-1.76551
0	0.0391289	0.20016	282266	193962	-1.32549
0	-0.0139829	0.201738	286210	229917	-0.712272
0	-0.0132196	0.133166	276270	244054	-1.14734
0	-0.0292671	0.113585	286252	262061	-0.157021
0	-0.00448004	0.094756	274308	264140	-1.61572
0	0.0356776	0.270468	284248	43977	0.172615
0	-0.0192714	0.221386	274274	84012	0.91533
0	-0.034068	0.23145	286222	139923	0.166648
0	0.00242266	0.215283	268276	153915	3.39578
0	0.033874	0.172408	276286	210017	-0.478883
0	0.0103893	0.177702	272300	212033	-1.94067
0	-0.0311175	0.129375	270280	230100	-1.47324
0	0.000699433	0.112825	284244	266053	-3.12577
0	-0.0460637	0.103231	284218	264109	1.10163
0	0.00941981	0.231516	274302	36025	0.10132
0	-0.0221483	0.254473	272282	74007	-0.652014
0	-0.0247457	0.258951	282262	127959	0.76624
0	0.000237679	0.230273	270312	159943	1.65438
0	-0.0158413	0.194105	274290	203962	-0.654015
0	0.0344862	0.158592	272266	216052	-4.87789
0	-0.0166277	0.171007	274306	230086	1.97373
0	-0.00832539	0.143028	276290	256053	-4.47654
0	-0.0160353	0.12236	266308	252116	-2.60266
0	0.0407426	0.255643	288220	39994	-0.017496
0	0.0321615	0.201936	272298	100009	-0.318968
0	-0.0227875	0.23173	286254	124008	-0.572551
0	0.0417594	0.268301	278258	145976	-1.18186
0	-0.0123958	0.207467	280246	201914	1.83909
0	-0.0184984	0.184864	286228	204033	4.10796
0	-0.013083	0.1443	278278	244059	-1.56714
0	0.0450551	0.130378	278266	250106	-1.83841
0	0.00203695	0.0954164	274278	266144	2.85815
0	-0.00608961	0.213002	282246	38023	0.0548196
0	-0.0351536	0.251377	274280	78014	-0.543089
0	0.000230829	0.233151	286210	137906	-0.436697
0	0.0102014	0.21921	284224	155931	-0.393582
0	0.00562937	0.225756	286226	185948	0.6136
0	-0.0223609	0.180549	284234	212025	2.15931
0	0.0373312	0.181887	274276	238011	-5.69296
0	-0.0374757	0.16212	282264	250083	-0.189123
0	-0.000847031	0.0915081	280248	270098	-1.29769
0	0.0116409	0.278048	282228	38000	0.0119956
0	-0.0180451	0.224301	264324	99935	0.849363
0	-0.00906104	0.225682	258318	125995	-1.0833
0	-0.0102018	0.240344	278242	147922	-0.227077
0	0.0040487	0.213924	280276	203981	2.08323
0	-0.0519547	0.195111	286246	229917	1.90354
0	0.0268352	0.165531	284214	245983	-2.20368
0	-0.0116665	0.15998	290240	258026	-4.10147
0	0.0163476	0.0755995	276292	266185	2.28577
0	-0.00313367	0.230098	278272	43997	0.0102862
0	0.0442001	0.245085	280278	84005	-0.4025
0	0.00748037	0.255838	284222	119997	0.081822
0	-0.00385756	0.190215	284230	175968	0.225162
0	-0.0424825	0.230277	272280	186017	1.72361
0	0.023921	0.171065	276298	222086	3.07694
0	0.0480164	0.121547	274294	248077	0.266165
0	0.00093642	0.137913	284248	258064	-0.899897
0	-0.0134627	0.107338	280250	264111	2.44147
0	-0.0247622	0.210662	266306	30036	0.324233
0	0.0277547	0.232537	276246	80016	-0.000983928
0	0.0288751	0.221698	268308	106010	-0.553437
0	0.00373783	0.21532	282240	175928	-0.0121348
0	0.0532349	0.179528	284252	194041	-2.43835
0	0.0153038	0.207983	286246	225936	1.34566
0	0.00373765	0.133712	290244	260048	-1.54996
0	0.0022436	0.134743	282242	262009	3.01994
0	-0.00994177	0.117631	286262	266114	3.23634
0	-0.0330507	0.254882	274250	55951	0.22203
0	-0.0289653	0.22573	270304	85990	-0.106525
0	-0.00535726	0.203191	268304	133995	0.168692
0	0.0552583	0.212662	270274	149995	-0.396448
0	0.028125	0.207689	284228	195910	2.74347
0	0.0214311	0.194674	264298	215962	3.08194
0	-0.0268517	0.137893	278232	256022	-0.359712
0	-0.034247	0.113754	274272	250144	-2.25186
0	-0.0392111	0.0909904	286230	274100	1.70878
0	0.0595405	0.232805	282240	43977	0.322914
0	0.0111982	0.262067	268326	83988	0.816707
0	0.0225858	0.260026	286248	129955	1.43997
0	0.0234669	0.223072	274278	183895	1.16625
0	0.0745947	0.158495	280248	209985	-1.32678
0	0.00477625	0.147429	284248	240029	-1.81809
0	0.0101761	0.134545	290246	246084	-3.17107
0	0.00175592	0.0835284	278264	260140	-4.58601
0	-0.02972	0.125257	286200	274015	5.89398
0	0.00526114	0.210365	288234	34012	0.0240871
0	0.0273577	0.239349	268268	83982	-0.00623881
0	-0.0475925	0.224367	276302	124059	-0.0259618
0	0.0353149	0.230324	280258	173931	1.16677
0	-0.01161	0.210179	272284	183981	4.13518
0	0.0299891	0.146226	266284	206044	-1.47847
0	-0.0251764	0.126907	282252	246105	-0.674147
0	-0.00329625	0.143903	274258	248021	-2.81155
0	0.0121493	0.0900986	290242	278141	1.54899
0	-0.0382888	0.255773	278238	32031	-0.023508
0	0.00596853	0.246304	278276	77998	0.687493
0	0.0105514	0.209119	286232	145937	1.25168
0	0.0273986	0.268356	276260	127991	1.03482
0	0.0620813	0.203911	278226	203953	-2.85104
0	-0.0052732	0.188988	280254	206037	-2.58817
0	0.0159537	0.146922	286220	242016	3.33346
0	-0.00590206	0.149395	270286	236110	7.89649
0	0.0116028	0.117891	280254	258099	2.13892
0	0.02498	0.227626	276222	47954	0.135914
0	-0.0307485	0.262574	284276	99879	0.677861
0	-0.050511	0.277113	276252	115932	1.02225
0	0.0363644	0.222622	268292	143988	0.279571
0	0.0168444	0.190803	268320	186073	0.588247
0	0.0172708	0.237982	266330	192020	0.442087
0	-0.00287058	0.126588	284272	246041	-2.75611
0	0.0314064	0.121477	278270	252089	-0.650484
0	0.026335	0.115686	268294	258140	0.612142
0	0.02902	0.248606	282240	49958	-0.265133
0	0.0128403	0.239521	274272	95967	-0.595897
0	-0.00583098	0.225191	274268	123947	1.0141
0	0.0430139	0.236917	284230	175883	0.357962
0	0.0013401	0.234856	282256	193909	2.39257
0	0.0100713	0.183014	264288	215989	0.841792
0	0.0284732	0.162453	286228	241997	-1.30949
0	-0.019124	0.10491	280270	254119	-1.01248
0	0.0206265	0.123475	274294	260143	0.471066
0	-0.045817	0.241412	282278	38029	0.144197
0	-0.00154989	0.245496	288236	81981	0.0194421
0	0.0243654	0.265427	286230	137913	0.431748
0	0.00748655	0.244368	286226	169928	1.30833
0	0.0201464	0.241562	278274	193915	-1.357
0	0.0174691	0.193729	268312	207992	-2.95791
0	-0.0515476	0.129223	280248	252039	0.869275
0	-0.0058197	0.145408	280200	260002	-1.80198
0	0.00151567	0.0946284	284250	280106	-2.19221
0	0.0157572	0.241432	276226	49962	-0.169205
0	0.0142805	0.243418	272280	87997	1.49369
0	0.029679	0.262496	274294	127947	-0.0196755
0	-0.0190951	0.19811	278256	158001	0.601788
0	0.00246811	0.163978	282240	194063	0.782576
0	-0.0265989	0.172175	286198	229964	0.409631
0	-0.0507539	0.125988	278258	248054	0.237888
0	0.0482161	0.147928	266306	236106	-4.32714
0	-0.00736046	0.0907039	282250	262147	0.148652
0	0.00472677	0.241976	272298	34021	-0.352361
0	-0.0178888	0.247023	282258	83949	-0.118234
0	0.0598848	0.257739	276242	123911	-0.837766
0	0.0179752	0.214221	280272	161943	0.181446
0	0.0258571	0.205711	280282	191988	-1.61912
0	0.0340746	0.162782	282268	235957	1.90642
0	0.0160084	0.141905	284250	246018	2.88318
0	-0.0011711	0.12873	282260	260054	6.1171
0	0.0307885	0.0936274	272254	256114	0.870305
0	0.0147946	0.234242	280268	33994	0.168953
0	0.0184804	0.244336	284234	95988	-1.09408
0	-0.0212875	0.201676	278266	125997	1.02478
0	-0.00997413	0.211731	280278	159975	1.35209
0	-0.021146	0.216891	274266	176016	0.568426
0	0.0350863	0.208635	276256	219975	-4.18715
0	0.0332182	0.133404	282224	242063	-5.49683
0	0.00950106	0.176049	282216	242025	-0.561174
0	0.0526025	0.127103	288240	276045	2.24588
0	-0.000418259	0.266989	284216	37982	0.177961
0	-0.000172949	0.23194	272304	89946	-0.296805
0	-0.0383183	0.225853	288212	106005	-1.12945
0	0.0173843	0.245948	274252	155935	-0.170261
0	-0.0369099	0.200044	282250	182006	0.0940803
0	0.00142027	0.201937	284228	225992	-2.07662
0	0.0187017	0.182364	262334	222061	1.15918
0	-0.0243845	0.130318	282278	258121	0.978774
0	-0.0420724	0.125852	276292	262071	1.1673
0	-0.00631158	0.245311	268332	47975	0.153808
0	0.0393777	0.250865	286262	85950	-0.437356
0	0.0116383	0.254752	274262	121946	1.0032
0	0.0413057	0.243893	276258	137966	0.295578
0	0.00453075	0.144457	288262	196067	-2.42547
0	-0.032668	0.198989	272306	221992	-0.702812
0	-0.044803	0.171836	282246	244009	5.73922
0	0.036286	0.173707	268298	240073	4.13319
0	-0.0268525	0.103399	290222	276101	3.8371
0	0.0309205	0.227894	266316	40007	-0.120316
0	-0.00604104	0.23443	284258	78005	-0.294478
0	-0.0175818	0.217726	276230	104017	0.75836
0	-0.0427767	0.231745	270308	143971	0.321859
0	0.00244491	0.185111	288200	205926	-1.52812
0	0.0367867	0.156928	282270	238012	-1.53323
0	0.0082523	0.148593	288206	244012	-1.55944
0	-0.0176645	0.142895	262326	232157	0.351269
0	0.0456161	0.0981102	272258	258135	1.04428
0	-0.0114582	0.285172	272302	32003	-0.169097
0	0.00193243	0.259657	276264	97871	0.641188
0	0.00917833	0.250128	280260	125901	-0.425996
0	-0.0138987	0.235971	286234	167961	1.05116
0	0.00577152	0.211573	284240	176001	-1.06777
0	0.0179648	0.177382	276256	239907	-1.3968
0	0.0239099	0.142088	252348	224070	-0.061793
0	0.0140556	0.149454	284234	255999	-2.34337
0	0.0249712	0.109855	278252	256138	3.6629
0	0.0117653	0.227645	266340	59960	-0.0651532
0	0.0278916	0.253255	284246	79992	-0.295258
0	-0.0731079	0.223404	272240	116026	2.39711
0	0.0338956	0.214595	266330	159968	-1.06598
0	-0.00292451	0.177127	282278	215899	-0.236076
0	0.0203593	0.145238	268300	226075	2.60378
0	-0.0731334	0.126084	278282	234109	-0.538275
0	-0.0405262	0.141712	284250	250104	-3.23519
0	0.00303548	0.145643	290234	268044	0.353686
0	0.0184442	0.22023	286236	55976	0.112018
0	0.0140683	0.261156	272298	71986	-0.912536
0	-0.0255035	0.212369	280258	124034	-1.55919
0	-0.0166718	0.217741	280242	173906	1.11767
0	-0.0101706	0.177395	278276	186054	-0.467
0	-0.0151645	0.208611	288232	208025	0.102411
0	0.00525524	0.182008	274290	234063	-3.23667
0	0.0155714	0.11257	280240	262074	-2.51814
0	-0.0125644	0.103654	284228	270124	2.44313
0	-0.0260339	0.241647	274286	44009	0.0808451
0	0.00402771	0.241373	280276	85954	-0.00981201
0	0.0625926	0.282688	278274	131914	0.797494
0	-0.0148091	0.246452	262320	130009	0.229639
0	0.00661357	0.217056	274272	197952	1.89724
0	0.047982	0.173176	280276	231981	2.43402
0	-0.0040278	0.139036	288266	250019	0.69034
0	0.0606149	0.175401	280252	240064	0.802957
0	-0.0724142	0.0710018	284226	276094	-0.649162
0	0.0470654	0.23099	274278	38011	-0.0286913
0	-0.0211258	0.259198	286248	82007	-0.981702
0	0.0179161	0.247501	278258	135929	0.826907
0	0.0149736	0.219081	268316	167951	1.18683
0	0.0379498	0.211036	280262	203946	0.576173
0	0.0212928	0.189064	282284	218059	3.71858
0	0.0206703	0.139182	264314	228071	-2.7291
0	0.037759	0.139526	282258	262044	-2.5551
0	0.00435641	0.11017	280242	264121	1.42704
0	-0.0173084	0.24705	278248	41998	-0.179911
0	0.0186622	0.232419	280276	91966	0.760825
0	0.0569074	0.262974	280294	141910	-0.0102565
0	0.0504947	0.201933	284252	175938	0.178756
0	0.00545053	0.179472	266292	192003	-0.0291095
0	-0.0554109	0.205544	282254	214006	0.269941
0	-0.0163309	0.157733	276256	244021	2.063
0	0.0135201	0.139875	286246	260030	-0.800931
0	0.053457	0.0934858	288220	272057	-8.96805
0	0.0326409	0.25282	276290	45956	0.0597085
0	0.0424924	0.236059	290222	83944	0.615597
0	0.0466053	0.231167	280264	131960	-0.0792068
0	-0.0181923	0.241835	278224	151934	1.04007
0	-0.0112872	0.206785	276284	178086	1.95364
0	0.0162004	0.20905	272312	209977	0.979626
0	-0.00539508	0.179387	288194	249943	-1.60407
0	0.00219426	0.131497	280240	252049	0.730022
0	-0.0230753	0.105802	284250	274121	-1.3133
0	-0.00592156	0.305084	276300	43949	0.148787
0	0.016122	0.249179	284236	85972	0.182305
0	-0.015863	0.234375	286194	133929	0.576357
0	0.0262973	0.219689	282208	141952	0.570814
0	0.0343725	0.219407	278260	189937	-1.5836
0	0.0312502	0.216464	288222	204017	-1.06366
0	0.00178274	0.186758	286232	232027	2.2849
0	-0.0323055	0.171621	286234	240080	1.69546
0	-0.0761875	0.0915401	288236	280074	0.6433
0	-0.0262718	0.254713	276274	43965	-0.174805
0	-0.0342686	0.266001	260346	105894	-0.493634
0	0.0283525	0.257359	276262	113989	-0.33949
0	0.0325205	0.245197	274242	161911	1.32252
0	0.0425693	0.197341	280238	193976	-1.75334
0	-0.0289946	0.224588	284248	201990	-0.302206
0	-0.0198728	0.151172	280238	238027	2.13918
0	0.0324791	0.106854	274278	256109	-1.71915
0	0.0279752	0.0959056	290224	276081	-1.33086
0	-0.0275847	0.277396	278262	53944	0.0294374
0	0.0238718	0.231186	280216	91946	-0.0105696
0	0.0297811	0.263198	284230	111987	-1.45163
0	-0.015382	0.211152	282250	193874	2.15974
0	0.0796062	0.214786	274272	203938	-3.1524
0	-0.00332509	0.17278	256354	214028	1.49371
0	0.045982	0.18968	284248	238006	-3.10301
0	-0.00513771	0.14721	264306	236135	-1.72587
0	-0.007176	0.0789632	268284	256165	3.29526
0	-0.00039272	0.228582	278268	45988	-0.0883604
0	0.0183433	0.203853	272300	74067	0.778903
0	0.00791235	0.23805	274254	119948	1.13446
0	0.0190889	0.220871	278260	153943	-3.0955
0	0.00141853	0.198542	278270	193991	-1.08668
0	0.0255148	0.185617	274280	213989	0.238951
0	-0.0376232	0.141861	266280	232056	1.40106
0	0.0385916	0.148342	274298	244091	-2.16547
0	0.0127891	0.143405	266288	256106	-0.431438
0	0.0204803	0.236146	280274	55939	-0.0752732
0	0.00522594	0.255698	264322	87937	0.344607
0	-0.036702	0.25056	278244	123971	0.362377
0	0.00419357	0.231611	292190	149939	1.71301
0	0.00595564	0.244355	284244	203915	-0.634128
0	0.0054197	0.210688	276280	204036	-1.33476
0	-0.00404532	0.177475	286240	247983	0.593525
0	-0.0192648	0.110816	272288	250124	3.25796
0	0.0104052	0.134116	262304	234204	1.45303
0	0.0246747	0.249844	270274	43955	0.123955
0	0.00340001	0.263217	266320	75984	0.122251
0	0.0068236	0.211869	274276	117994	0.150353
0	-0.00914025	0.262417	274250	173909	0.404664
0	-0.00792196	0.192844	280230	193964	1.51794
0	-0.00568783	0.1812	282262	214063	-1.11871
0	0.0405931	0.173056	284228	243991	-3.01487
0	-0.0184859	0.142289	276282	244071	-1.42671
0	-0.00812187	0.113288	280284	258137	-3.14485
0	-0.00276787	0.259233	288204	36000	0.12455
0	-0.0309175	0.220989	278282	77997	0.235637
0	0.000254593	0.277904	284216	113948	0.804904
0	0.0102153	0.192524	282266	147997	-0.369982
0	-0.000165042	0.202976	266330	189948	3.13387
0	0.0544308	0.224571	286254	223939	0.0496978
0	-0.0120247	0.161289	284204	238006	3.1861
0	0.0212652	0.166416	282240	254015	0.996508
0	0.0312	0.11557	272274	250152	2.00911
0	-0.0430517	0.277071	270278	30021	0.159209
0	0.0250437	0.219783	284218	93948	0.344027
0	0.031874	0.233445	272268	133975	1.02889
0	-0.0204916	0.206215	266318	158032	-1.50996
0	-0.00372791	0.215689	266330	176057	2.0592
0	-0.0173601	0.208258	270292	204031	3.56371
0	-0.0214245	0.119949	268258	244051	-2.36301
0	-0.0283311	0.125696	266308	256047	1.51176
0	0.00119855	0.131024	280274	274065	4.13721
0	-0.0120527	0.269568	274226	55933	-0.311297
0	0.0354559	0.264768	288226	89946	0.176759
0	0.00846735	0.265454	284230	111973	0.725307
0	-0.0149948	0.200883	262336	161973	2.30293
0	-0.0111016	0.187513	268246	178022	-0.64318
0	0.0069114	0.206547	278262	213970	0.367089
0	-0.0852107	0.17317	278258	236085	-2.13044
0	-0.00625924	0.117794	274274	252140	-0.362442
0	-0.0401729	0.119013	278238	262077	9.34287
0	-0.0213076	0.254154	276300	40031	-0.0680907
0	0.0136917	0.25896	264334	75930	-0.0569238
0	-0.0311281	0.20359	274250	123994	0.0840818
0	0.00164571	0.205857	264322	167981	2.87139
0	-0.0468245	0.235896	282250	187972	1.98262
0	-0.00816214	0.159304	286252	220054	1.41813
0	0.00525552	0.176045	268280	230035	0.488023
0	0.0238808	0.103988	280274	262087	-2.6033
0	-0.0388683	0.106094	288228	274049	0.242473
0	0.00216191	0.257835	286198	33984	0.0875678
0	0.00864454	0.212467	282292	89979	-0.864679
0	0.0208227	0.25088	282292	109981	-0.64415
0	0.0209611	0.201791	276256	179919	-0.388326
0	-0.0366116	0.203597	278290	170108	-1.14147
0	0.0588736	0.240452	266342	203970	0.241643
0	-0.0199425	0.128591	282244	256015	2.65748
0	0.021617	0.105237	278274	260120	0.314003
0	-0.00977273	0.101079	276264	258119	0.741236
0	0.010963	0.25364	272302	57905	-0.252504
0	-0.0021043	0.230473	280244	85943	0.66155
0	0.0384397	0.271333	286234	101973	0.0492101
0	-0.000483927	0.271206	268292	134027	-0.28269
0	-0.0828182	0.232391	270302	195938	0.530251
0	-0.0595037	0.166706	272292	229972	1.44906
0	-0.0542071	0.18386	288248	234067	2.9896
0	-0.0168749	0.101562	272278	248153	-0.0954964
0	0.0461477	0.070339	284238	274123	-3.89068
0	0.00646901	0.235357	272304	26013	0.0994046
0	-0.0657842	0.236653	282230	76029	-0.0266082
0	0.0213499	0.23187	274292	125938	0.0366214
0	-0.0293678	0.233793	276270	147996	0.453166
0	-0.0186295	0.194004	272284	211945	-0.716439
0	0.0542755	0.205608	288232	202009	-0.456274
0	-0.0213951	0.138202	264364	226140	-7.04483
0	-0.0142673	0.124683	294210	266054	-3.25788
0	0.0237447	0.107232	282236	264081	-3.72636
0	0.00623492	0.218358	278254	38017	-0.221613
0	0.0164409	0.265425	274264	79965	-0.0965748
0	-0.00744593	0.254441	270306	113991	0.507076
0	-0.00962867	0.239281	268268	147976	0.61409
0	-0.0359356	0.205993	288244	184001	2.99429
0	-0.00367156	0.147187	274286	230017	-2.81509
0	-0.0425559	0.162631	268308	226051	1.62711
0	-0.0349372	0.150022	278278	258057	3.62323
0	0.0292	0.130922	280248	266115	-3.3106
0	-0.0247154	0.27679	276258	34005	0.174343
0	0.000348994	0.262819	274302	77966	-0.39002
0	0.0740192	0.246035	282260	108023	-0.535315
0	-0.0091297	0.241328	288240	163893	-3.6945
0	-0.052034	0.223871	282248	193960	1.7289
0	0.0293191	0.186125	280294	214041	-3.26096
0	-0.0255704	0.153502	284224	250002	2.35423
0	-0.020897	0.147576	286258	268008	-0.119744
0	0.0493336	0.104795	276282	264123	-3.0637
0	-0.0132298	0.242362	274302	45969	0.007547
0	0.046873	0.224385	268282	70036	0.185
0	-0.0289156	0.229763	282266	108050	-0.303035
0	0.0352964	0.230501	274274	157975	-0.0211562
0	-0.0252675	0.158078	278238	198040	4.62664
0	0.00739052	0.229231	274258	205993	0.342549
0	-0.00537015	0.155617	272268	236076	3.87665
0	-0.0131739	0.107746	284268	260097	-1.08576
0	-0.00859698	0.131154	282266	264066	3.53268
0	-0.0169241	0.260451	270298	35992	-0.037572
0	-0.0508009	0.263721	282240	73981	-0.629341
0	0.0214014	0.265417	282238	129935	-1.24465
0	-0.00941514	0.223377	278224	161922	-0.593747
0	-0.0347068	0.235171	268300	184006	-2.04789
0	0.0303926	0.180755	274320	204072	-3.43415
0	-0.0905309	0.148173	272284	234101	-0.18524
0	-0.0546071	0.139163	276254	254045	-0.221244
0	-0.00339065	0.0851535	282252	272121	2.35683
0	-0.000784253	0.216861	268318	36038	-0.061896
0	0.0114479	0.247318	278250	87917	-0.734877
0	0.0440627	0.250604	268350	131939	-1.17677
0	0.00328989	0.258417	290202	161940	-0.0435473
0	0.00116428	0.202669	266292	181934	0.462927
0	-0.000735308	0.170046	270284	218019	1.71078
0	0.0384069	0.178344	272272	222075	-1.35088
0	-0.0080509	0.136077	272278	236103	-1.31188
0	-0.00274329	0.0876618	280252	268135	0.133916
0	0.0384303	0.25471	272308	55934	-0.0226083
0	-0.00727623	0.211491	284254	95940	-0.562227
0	0.0356771	0.252979	270310	94045	0.585746
0	-0.0312154	0.211887	280246	169942	-1.24707
0	-0.0234917	0.159037	284254	192042	1.23584
0	-0.00122514	0.206366	270284	213968	1.27766
0	-0.00179805	0.177109	282212	239947	1.06696
0	-0.0208631	0.165509	288240	260030	-2.23612
0	0.00691942	0.0837105	282228	270090	-2.79989
0	-0.0035482	0.260259	266310	33988	0.133538
0	-0.000508698	0.246429	274298	79979	0.526144
0	-0.0128097	0.22315	280258	112012	0.213508
0	-0.0143791	0.266111	272328	183898	-1.48624
0	-0.0196213	0.256668	282244	193915	0.677882
0	-0.0341305	0.162779	288238	218025	-1.51496
0	-0.0120227	0.186657	278222	235977	0.383111
0	-0.0334092	0.135121	292220	264047	0.812568
0	0.00792966	0.10119	278232	276065	-0.328423
0	0.0442178	0.231521	278236	32036	0.112734
0	-0.00112132	0.243011	282234	81968	0.357583
0	0.0266806	0.241288	282226	108041	0.617864
0	0.00341604	0.248504	272290	155923	1.58267
0	-0.0145542	0.235604	272282	160033	0.330838
0	-0.0201777	0.238151	284236	203974	2.56144
0	-0.0193491	0.175156	274306	230079	-0.209445
0	0.0266351	0.121495	286222	264033	1.53396
0	0.0374893	0.0842632	260322	250180	-2.22009
0	-0.0362295	0.269343	282234	39966	-0.083584
0	0.00910254	0.257512	286224	83978	0.450095
0	-0.0114589	0.255878	278230	131871	-0.328183
0	-0.00224008	0.245313	276280	145990	1.92346
0	0.0080073	0.25894	278274	187945	-0.48599
0	-0.0181758	0.159715	284236	217979	2.71083
0	-0.0598609	0.183036	280240	239982	-1.29761
0	-0.0133163	0.112407	274290	260108	-0.481331
0	-0.00437125	0.0959755	282270	268151	1.33949
0	0.0320304	0.263325	276266	40001	0.412093
0	-0.020045	0.240325	274260	83971	-0.923826
0	-0.0459451	0.273763	282286	121977	-0.5762
0	0.0267454	0.205459	286230	155961	-2.41388
0	-0.0287228	0.239922	286268	191968	-1.55172
0	-0.00707463	0.176849	274256	212074	-2.30824
0	-0.0470765	0.178821	276258	224050	-2.67072
0	0.0151124	0.127267	280250	260035	1.07162
0	0.057244	0.0829764	280276	276120	-2.19201
0	-0.0149665	0.215783	276302	32009	-0.0507289
0	0.00801612	0.241119	276246	95969	0.115509
0	-0.0142614	0.220146	286232	114008	1.20511
0	0.0630038	0.204976	276278	132064	-1.72235
0	0.0139179	0.193491	276252	179998	-0.754597
0	0.0292249	0.163179	280260	226067	0.76565
0	0.00313892	0.175562	276286	244003	1.83193
0	0.00533459	0.14682	286238	260010	-6.22794
0	-0.00758844	0.116281	272300	262140	-0.688126
0	0.0186413	0.262072	282266	43991	0.22012
0	0.0150654	0.284447	280248	52027	-0.73307
0	0.0174795	0.23564	286244	133978	-0.441516
0	-0.0427003	0.241497	282256	157977	0.557208
0	0.0403587	0.179143	278262	198012	-0.156139
0	0.0151671	0.214421	276278	231938	-0.622365
0	0.0181086	0.173119	270266	226074	-2.00836
0	0.0333369	0.123589	274300	250101	-1.18134
0	0.0156553	0.106805	270306	256183	2.87949
