0	-0.0433899	0.252126	274284	31969	1.24079
0	0.0205829	0.239831	284302	95250	1.49737
0	-0.0193317	0.220846	274274	113602	-0.706067
0	0.00414068	0.219936	282268	157949	4.27391
0	-0.000586888	0.73828	268336	159925	22.0489
0	0.0155087	0.339319	286398	190743	-2.80991
0	-0.0445752	0.318601	279660	201480	4.71583
0	-0.0108896	0.385453	277678	225176	-2.31957
0	-0.074064	0.414975	280200	246857	12.9669
0	-0.0234451	0.28698	286234	34509	0.0683302
0	-0.0123727	0.277025	288224	83745	0.179959
0	-0.0127166	0.227632	270290	102917	-0.737899
0	0.0233767	0.270367	286240	158500	10.6149
0	0.0247685	0.301195	274346	173825	0.607177
0	0.00631325	0.758912	266292	188936	14.6026
0	0.0390195	0.317716	281960	219968	-8.19162
0	0.0496251	0.906814	274266	228651	-17.3449
0	-0.0138154	0.441346	269078	237739	-0.337955
0	0.0119703	0.237405	276282	42037	0.0775698
0	0.00856604	0.245889	277038	78035	-3.74075
0	-0.00841819	0.257377	280280	111993	-1.1175
0	-0.0183296	0.219813	278266	143945	-3.25679
0	-0.00141592	0.425141	272284	144693	-4.92564
0	-0.0323493	0.272206	276200	213530	4.0603
0	0.0331321	0.343127	282200	214436	-0.245105
0	-0.056987	0.64406	287528	250863	20.9007
0	0.096234	0.701812	284168	254307	-26.3349
0	-0.0137827	0.23464	276234	38025	-0.508624
0	-0.0287515	0.276309	282264	73820	0.826658
0	-0.0016153	0.281485	286228	112917	-0.956905
0	-0.00384654	0.261247	278552	155631	-10.1513
0	0.00849357	0.289067	272300	168708	-4.22676
0	0.0149494	0.440959	276296	195500	-6.11236
0	0.0276413	0.240393	280248	222716	7.44078
0	-0.00455142	0.320755	280108	226979	-3.05849
0	-0.0466771	0.401888	282984	252933	17.965
0	0.0212013	0.267486	278266	48085	0.0874319
0	0.00982056	0.22516	276258	52673	-1.14242
0	0.00403816	0.281945	274282	107866	-0.645635
0	0.011195	0.295107	276152	158661	-8.37306
0	0.0439693	0.228301	284064	192211	0.60943
0	0.0606497	0.632325	273326	182066	-6.51409
0	-0.0733596	0.668216	284250	235220	11.9442
0	0.0034587	0.318436	272434	218246	5.10223
0	0.103794	0.644702	270224	233179	-25.9211
0	0.0120688	0.297828	280284	30196	0.23209
0	0.0284861	0.246026	278274	65847	1.10179
0	0.0317538	0.297663	272286	97681	-4.68558
0	-0.00561843	0.286041	268304	148981	2.96895
0	-0.0346012	0.237256	284172	164016	5.88194
0	0.00413441	0.522731	286318	212682	11.2694
0	-0.0171062	0.295253	286330	220197	4.21708
0	-0.0727919	0.263132	276028	214160	17.3821
0	0.083782	2.45341	279722	241065	-27.36
0	-0.00528253	0.257329	288224	16182	0.0374422
0	0.0232785	0.272461	272306	79968	-2.0668
0	0.00252326	0.320454	276270	128620	-1.82437
0	0.0513441	0.221004	278298	148926	0.883225
0	0.020949	0.281977	266330	162221	2.08533
0	-0.0523774	0.289916	284190	188276	8.6915
0	-0.0837025	1.24361	284034	215551	29.4456
0	0.0281269	0.349336	266294	239796	-0.823845
0	-0.0212316	0.438393	277292	256842	9.98478
0	0.0292554	0.258809	286224	32349	0.724806
0	-0.0218926	0.223265	274276	50050	1.40812
0	0.00407132	0.293259	278272	110309	-2.40201
0	0.00191204	0.293996	274258	134077	-1.85959
0	-0.03121	0.313516	276268	176473	5.65114
0	0.0569418	0.496039	272328	205789	-0.0665438
0	0.0282511	0.545042	274328	224489	7.8389
0	-0.101628	0.433359	282304	233080	7.4541
0	0.0422653	0.575712	280424	244868	-13.6774
0	0.00446375	0.258357	284228	38042	0.223353
0	-0.0343058	0.222707	276276	82033	1.59245
0	0.0207246	0.302379	274294	98012	0.339652
0	0.0189625	0.273607	282232	148312	-1.1122
0	-0.0651809	0.222497	286182	167084	-0.203915
0	0.00120561	0.314783	274296	188063	6.78459
0	-0.0272752	0.320202	282162	210528	4.94126
0	0.0762014	0.491454	276474	221945	-22.4765
0	-0.0887116	0.797093	283110	253171	18.1553
0	0.0446089	0.237566	280268	36085	-0.299483
0	0.0287428	0.259063	280216	86255	-1.04245
0	0.0406071	0.275745	274288	106282	-3.28544
0	0.0384826	0.39927	280272	135096	-8.11163
0	-0.0490386	0.258829	274276	164539	-0.803689
0	0.0423274	0.307933	270262	193913	-9.12875
0	-0.0999946	1.72427	270350	209522	29.3849
0	-0.0488888	0.445841	282248	235568	8.7823
0	0.0884138	1.59303	287416	248340	-11.0389
0	0.0266267	0.243279	276242	48136	0.585381
0	0.0545857	0.244972	276274	69094	-0.336231
0	-0.0504239	0.232906	280250	147802	-0.374878
0	-0.0110948	0.326948	286274	134303	1.37704
0	0.0974089	0.345333	274326	188602	-11.4377
0	0.0225005	0.259286	272410	220358	-4.40622
0	0.14808	3.06235	266550	220351	-46.4923
0	-0.0386317	0.520079	271626	236802	18.0545
0	0.0179348	0.334888	288030	249093	11.0367
0	-0.00163355	0.227666	284236	49946	-0.052875
0	0.00779022	0.280367	294186	77804	-2.41465
0	0.00489377	0.302626	266274	101146	-4.86853
0	-0.0210987	0.252544	268278	154081	0.783641
0	0.0112333	0.436002	270282	162962	5.50726
0	0.0420827	0.36225	280274	212249	-11.2419
0	-0.0552997	0.462177	278266	210152	0.452201
0	0.300906	8.59691	276642	241105	-89.2297
0	-0.0940387	0.318269	264160	239258	7.76646
0	-0.00698838	0.278313	282258	29947	-0.0925675
0	-0.014832	0.260367	286246	81970	0.229125
0	0.041366	0.775022	276284	112973	-13.7841
0	0.0899579	1.16692	278312	180140	-22.3922
0	0.0397321	0.290719	276324	155344	6.65691
0	0.0171439	0.406067	282258	197938	-14.9026
0	0.0538487	0.421574	270184	206929	-12.1925
0	0.00677568	0.59802	283114	237124	5.77752
0	-0.0288958	0.360215	282038	245430	8.78715
0	0.00116759	0.277784	270274	32348	-0.976734
0	-0.0106995	0.242187	274274	70487	0.413911
0	0.0423322	0.239695	276230	102429	-6.37364
0	-0.0165211	0.247104	284260	142079	2.76416
0	0.0869483	1.35264	264236	186448	-23.7521
0	-0.0683629	1.11415	270720	192511	24.8319
0	-0.0229845	0.296059	279072	203280	1.20293
0	0.0912997	0.645726	282142	238041	-25.051
0	-0.0815956	0.365108	272266	246193	15.9641
0	-0.0459256	0.272897	292204	41873	-0.0628876
0	-0.0336193	0.248725	290216	101803	-1.75265
0	-0.00152023	0.270621	274294	121319	6.37501
0	0.0224368	0.272283	286228	155910	2.30401
0	0.0538224	0.328071	282278	192105	-12.1528
0	-0.0237703	0.341192	275192	174326	0.11491
0	-0.0555778	0.270679	270280	221591	11.7763
0	0.0300381	0.213038	274250	226048	4.75332
0	-0.0764959	0.377716	281988	241602	7.57036
0	0.00413388	0.204378	276296	51981	-0.180849
0	-0.00138862	0.313893	282224	89156	-5.00973
0	-0.0337181	0.256491	266330	106455	-3.2681
0	-0.0272431	0.252433	274266	143353	4.44775
0	0.000907656	0.271763	288228	178837	4.38788
0	-0.00458012	0.304859	272298	200840	10.0509
0	-0.0302169	0.28346	266442	200567	5.57251
0	0.00456721	0.361529	282286	244837	-6.3052
0	-0.0259082	0.437376	285654	253996	12.5613
0	0.00452607	0.261974	284238	40338	0.0891945
0	0.0615638	0.236713	274280	88334	0.0580595
0	-0.00973207	0.239504	266336	114058	4.39744
0	0.0156916	0.235992	286222	138002	-4.98834
0	-0.0142305	0.275465	282430	183536	2.78762
0	0.0324764	0.264559	280252	188785	-10.3493
0	0.00379886	0.356673	274326	219939	8.20208
0	-0.0338929	0.305454	278314	232552	7.82322
0	-0.123087	0.760935	272238	246528	29.8719
0	-0.0181737	0.28661	284264	36156	0.219623
0	-0.0405592	0.236418	268324	80719	0.559202
0	0.0401371	0.292316	262302	102124	-6.92715
0	0.0398245	0.387885	272324	119892	-5.90947
0	0.0184658	0.276297	260342	154467	3.49677
0	-0.0126777	0.357363	285894	198265	-1.24597
0	-0.0512345	0.548467	276482	222720	21.9689
0	-0.00764111	0.228517	280254	241864	1.56336
0	-0.0175371	0.284763	276492	238689	3.61704
0	-0.0120243	0.260722	278272	28111	0.292988
0	-0.0302128	0.252831	282244	79916	-1.09747
0	0.00573556	0.237405	282258	117997	-4.7642
0	0.0497001	0.304747	271908	137057	-2.71126
0	0.0397836	0.312347	278304	172571	-4.36653
0	-0.103326	0.55665	284142	186307	21.4249
0	0.0676468	0.457983	276348	230870	-9.65235
0	-0.0166757	1.29353	280158	238263	7.50528
0	0.0322593	0.407496	282238	241549	-23.3455
0	0.0266282	0.261472	272306	28202	0.826519
0	-0.00691951	0.228799	278272	77131	-0.501544
0	-0.00850367	0.231287	264316	113926	-3.17002
0	-0.0208191	0.259717	280240	130526	4.56295
0	-0.015145	0.260049	270774	162685	10.7718
0	-0.0713533	0.594593	271882	196891	22.6346
0	0.0381466	1.00347	284140	230214	-20.636
0	-0.0750763	0.570295	274222	235091	22.8532
0	-0.0841469	0.956792	290612	242036	18.1618
0	0.0508221	0.238919	282246	41930	-0.0056368
0	-0.0150589	0.253604	284240	83916	1.88028
0	0.019672	0.242854	282224	116502	-0.266519
0	-0.0285118	0.284022	282240	158080	0.325986
0	0.0548866	0.617716	274060	160721	-18.2492
0	0.0988994	3.96951	274522	200549	-39.3986
0	0.00769207	0.23364	278270	210006	6.66545
0	0.0238094	0.478785	286858	220461	-5.481
0	-0.0719975	0.679645	272884	239883	19.6672
0	-0.0309156	0.271269	280242	40055	0.15789
0	-0.018899	0.263618	268314	56279	-2.09795
0	0.00979147	0.229338	288246	105884	0.0476063
0	-0.0133855	0.315868	258338	123446	-6.20428
0	0.0283754	0.299183	266670	154067	-3.58563
0	-0.0251146	0.251754	282236	199354	1.80332
0	-0.0434501	0.301963	266688	185000	-0.331653
0	0.0206802	0.785848	282246	246375	-10.1072
0	0.00738123	0.305757	288568	248381	-9.46769
0	-0.0247104	0.25169	282248	54092	0.261513
0	0.00536755	0.279521	270288	72299	-0.107186
0	-0.0177063	0.254038	278276	126169	-5.03177
0	0.000820558	0.250755	270254	134403	3.89394
0	-0.045323	0.330896	278184	184280	5.52302
0	0.0493235	0.222988	279146	205350	4.37403
0	-0.0231855	0.604723	285988	202798	14.9106
0	-0.123668	4.04591	272036	213206	52.6569
0	-0.0516895	0.421977	272412	244163	4.42972
0	-9.81738e-05	0.233115	284248	49062	0.0928778
0	-0.0532569	0.263716	264336	70412	-0.154915
0	-0.0467277	0.242284	276292	122000	2.04802
0	0.00536747	0.424029	282220	159879	-12.3377
0	-0.00741277	0.259381	288218	168390	2.79355
0	-0.00767392	0.236482	285178	199633	1.73054
0	0.0146744	0.543319	280216	214040	-7.91048
0	0.182241	4.9058	286298	233425	-59.4181
0	0.0073918	0.364545	279768	242166	-5.80272
0	-0.0195971	0.252034	276258	45935	-0.243256
0	-0.00560163	0.265946	273398	77131	-0.109346
0	-0.0236133	0.280599	276248	112043	-2.85768
0	-0.0352575	0.370374	276316	143629	11.2874
0	0.0215625	0.3074	286180	175897	1.77732
0	-0.0253864	0.225091	270514	198948	-0.847988
0	-0.0585545	0.674645	272570	187168	14.9107
0	-0.0607845	0.771609	275950	229316	20.8373
0	0.00639584	0.307238	286030	258181	0.150454
0	0.021496	0.262657	280256	39955	-0.432235
0	-0.0115927	0.233916	272258	74528	0.311465
0	0.0239425	0.434948	286216	100988	8.17175
0	0.035377	0.274264	274326	154362	-4.08756
0	0.0686014	0.262225	288224	171554	0.783692
0	-0.0295932	0.235404	276186	198391	-3.84644
0	-0.138789	1.93269	282104	214562	28.1731
0	0.0151713	0.386653	284962	253516	-4.27464
0	-0.0076544	0.381734	277760	237670	-0.32144
0	0.0264436	0.255487	280266	41950	-0.766692
0	0.0177112	0.248471	278264	56137	0.459022
0	0.0582846	0.253463	276256	121872	-1.02816
0	0.0238214	0.277582	282296	140834	-3.81684
0	0.0224161	0.291193	266254	139293	-8.46067
0	0.0247098	0.333417	282232	194197	-8.52622
0	0.0337505	0.371625	280546	220363	-8.86574
0	-0.00291011	0.449033	281062	231902	5.44622
0	-0.0428314	0.535252	278178	230802	10.0523
0	-0.00586377	0.228474	282254	34016	-2.11035
0	0.0375427	0.243895	270278	69343	2.74797
0	0.0377458	0.242877	278260	106319	-2.41402
0	-0.0146782	0.298464	272308	136316	5.82594
0	0.00180786	0.265298	272264	167436	2.02794
0	0.0312565	0.394499	286238	203092	0.784996
0	-0.171932	4.93663	282014	216674	62.095
0	0.120095	1.51651	270150	243910	-38.104
0	0.0104032	0.704901	277828	236435	-13.0913
0	-0.00359564	0.280511	270350	37941	-0.618549
0	-0.0106974	0.234549	272262	89951	1.44051
0	-0.0496506	0.285095	280284	119731	4.79271
0	-0.0428785	0.326806	282170	134391	6.0984
0	-0.0228643	0.805433	270230	170378	17.2725
0	-0.0594856	0.70159	284258	205863	12.9385
0	-0.0375953	0.271301	276140	217842	6.16537
0	0.0245651	0.328401	287682	231805	-16.3067
0	-0.0612305	0.276918	274112	236187	15.4094
0	0.0350534	0.269689	284248	42110	0.359859
0	-0.0196856	0.222864	272288	74149	1.03959
0	-0.0253173	0.232848	282248	112957	-2.45855
0	0.00229472	0.226521	270258	156497	3.43416
0	0.0125288	0.321105	274294	185678	5.92465
0	0.0300491	0.359871	280594	198139	-7.83862
0	-0.0280722	0.301508	270492	203968	-2.38683
0	-0.00399442	0.514954	284538	233287	-1.71761
0	-0.0499934	0.347204	278278	231958	2.28053
0	0.00765622	0.232159	274302	39987	0.630396
0	-0.017411	0.262448	272284	72065	-2.0732
0	-0.0168303	0.268653	276292	117895	-1.60837
0	-0.00249755	0.251058	274284	147943	2.47494
0	8.28426e-05	0.392482	285838	185694	-5.43127
0	0.0177183	0.31171	262306	182672	0.152462
0	-0.0360111	0.38484	290108	228234	7.78874
0	0.0685006	0.750156	280632	240552	-27.5243
0	0.108257	2.2626	280790	238306	-39.8902
0	0.040216	0.255386	284242	34758	0.14048
0	0.0280525	0.205935	278266	74221	0.913729
0	0.00558717	0.344342	286252	107959	-9.08494
0	-0.00643688	0.499614	282244	134234	13.277
0	0.00246975	0.268945	280100	181659	-2.62056
0	-0.0197462	0.293706	276292	190409	4.48229
0	-0.000721461	0.298868	278358	230174	-5.2756
0	-0.046196	0.394779	276308	230712	25.5369
0	-0.020892	0.351125	276260	247758	9.73683
0	-0.00816972	0.213968	282246	34245	0.678851
0	-0.0394209	0.255683	274284	69942	0.737092
0	0.0233674	0.344712	286208	133690	-7.37767
0	0.0312231	0.245273	280234	160287	-6.7001
0	-0.0180706	0.408869	272168	168546	7.7236
0	-0.0100245	1.20724	281762	199776	-1.54161
0	-0.00280713	0.447787	276278	212761	6.34853
0	-0.0386752	0.340729	284262	236883	0.170717
0	-0.0600399	0.685727	285292	240083	16.4602
0	0.0133223	0.280973	278252	35959	-0.492434
0	-0.00855796	0.233522	262336	91885	-1.99679
0	-0.010371	0.242385	260296	102546	-0.690296
0	-0.0445097	0.32193	268450	123719	10.0653
0	-0.0682751	0.655902	283984	175547	23.7804
0	-0.00186899	0.528165	288204	193600	-13.1222
0	0.0350051	0.413685	278720	229076	-4.65467
0	-0.0711946	0.69158	284712	235813	13.757
0	-0.0560046	0.413572	278262	237366	23.9915
0	-0.00325722	0.229987	278272	40047	0.0473516
0	0.0428229	0.248697	280282	81953	0.0106889
0	0.014932	0.287316	280238	105407	-2.15368
0	-0.00162218	0.294017	282240	171676	-0.445452
0	-0.0353192	0.310529	264892	167895	-0.425355
0	-0.00361088	0.340244	274372	195277	11.3365
0	0.0664787	0.240136	282306	218797	-5.27252
0	-0.0674272	0.468641	277832	236426	19.6092
0	-0.0129278	0.730206	272728	231201	2.28099
0	-0.0247552	0.210311	266306	24109	0.322144
0	0.0237532	0.236587	276246	66407	1.19947
0	0.0227663	0.237695	266334	90187	1.27922
0	-0.00263754	0.278686	286220	150167	1.90048
0	0.0281528	0.232892	284254	164998	5.08625
0	0.0312827	0.305223	272336	212485	-3.44802
0	0.0210633	0.240905	288498	241040	-6.74767
0	-0.0439528	0.636232	276778	235346	16.8789
0	0.0777402	0.796358	272924	250617	-23.0683
0	-0.0327257	0.255267	276236	52377	0.12453
0	-0.0219595	0.227792	282230	70173	-2.20828
0	-0.0127504	0.212443	270284	120123	2.38663
0	0.0605615	0.246673	262198	122193	-1.9874
0	0.0758167	0.390064	290200	190424	-11.564
0	-0.0410589	1.19446	267388	188680	21.829
0	-0.0605519	0.352485	290306	241835	9.75036
0	-0.026399	0.279645	269942	223600	-4.60626
0	-0.0636704	0.261766	270388	242599	9.04657
0	0.0601411	0.231419	284226	45893	0.142741
0	0.0148073	0.267788	270294	73997	-0.266019
0	0.0204827	0.258571	288242	118001	2.0709
0	0.0395783	0.337353	288184	183917	-3.66717
0	0.0923813	0.249704	282244	180863	-6.66274
0	0.0296276	0.290095	280270	194207	-9.27348
0	0.0114366	0.319903	275248	213368	-3.54921
0	0.0321958	0.319912	290132	237670	-13.718
0	0.0436579	0.708885	275266	247841	-16.1194
0	0.000491816	0.214852	288234	34104	1.45488
0	0.024465	0.242273	270254	81907	0.861584
0	-0.033711	0.274931	278290	111130	-4.19042
0	0.0266977	0.253574	282266	169007	3.75194
0	-0.0113787	0.436771	265964	176327	4.06578
0	0.0218457	0.211533	268382	194460	0.96454
0	0.010326	0.280822	272450	223018	-11.3249
0	-0.0310932	0.411524	274124	226946	5.52753
0	0.0570925	0.367591	286314	247959	-11.934
0	-0.0372289	0.253781	278236	31020	-0.34147
0	-0.0169925	0.280847	278266	76209	7.57581
0	0.00938687	0.296045	286222	126928	1.60104
0	0.0396899	0.312172	272308	135232	-2.65257
0	0.0692404	0.284554	274250	163881	-4.99878
0	0.0101341	0.251951	274418	188976	-7.21035
0	0.00658553	0.743192	282050	222353	6.14392
0	0.101706	1.04702	281888	247472	-24.3861
0	0.0127033	0.497747	276126	242519	1.80878
0	0.0259641	0.228521	270256	34408	-0.159324
0	-0.00928506	0.317434	284276	91301	-5.76117
0	-0.0576929	0.310861	280236	104064	3.17682
0	0.0660683	0.732317	270282	143893	-8.63161
0	0.025965	0.271663	270252	162305	-2.14794
0	0.00998735	0.332953	270356	186826	2.62712
0	0.0103806	0.307574	288244	230268	-6.73146
0	-0.0430636	1.13034	270508	226844	21.6905
0	0.039019	0.322243	277608	243936	-3.19306
0	0.0288841	0.248515	282240	51932	-0.224362
0	0.0136783	0.244966	272416	91852	-0.847314
0	-0.0212293	0.306315	278256	123900	5.63359
0	-0.016287	0.31934	288200	158824	18.1482
0	0.00743778	0.324688	272308	175813	0.563266
0	0.0289903	0.247057	268254	193914	-4.83392
0	0.0408576	0.288199	274270	215509	-5.02482
0	-0.0908399	0.498393	280268	229969	20.5023
0	-0.0148015	1.00803	286762	251202	11.0995
0	-0.0487794	0.242432	282278	39958	1.03292
0	0.00192783	0.255487	286246	74260	-1.02387
0	0.0291118	0.280836	282248	129975	-0.992194
0	0.0525487	0.409822	284180	149398	-12.2103
0	-0.00560693	0.29484	276294	153039	6.36899
0	0.0122809	0.398343	270272	186805	-1.40145
0	-0.0851599	0.286718	282130	228559	10.953
0	-0.0363168	0.697694	280570	224703	7.34717
0	-0.0176935	0.481786	288322	258153	3.57056
0	0.0173026	0.241982	276226	44034	-0.632817
0	0.0167724	0.243368	270296	90320	0.746119
0	0.0191401	0.278075	270320	121513	3.14199
0	-0.0197314	0.252844	268294	139991	0.792684
0	0.0363247	0.436262	284204	168169	-9.37439
0	-0.0567019	0.269835	288174	215981	9.44053
0	-0.051391	0.289969	284110	228627	0.429018
0	0.0401602	0.301196	286174	234538	-1.91036
0	0.00866437	0.427418	274006	244470	-4.6588
0	0.00481366	0.242072	272294	35983	-0.378427
0	-0.015819	0.250999	282256	80000	-0.739179
0	0.060467	0.273304	276228	114159	-1.01242
0	0.0158731	0.238027	276300	141787	0.812086
0	0.0340539	0.287575	268612	172249	-4.07816
0	0.0566387	0.350807	289982	212231	-4.86279
0	0.0620469	0.83561	278222	214025	-10.9284
0	-0.0702275	0.351462	288244	251927	26.834
0	0.0477431	0.930592	265442	243601	-4.21609
0	0.0143203	0.234532	282260	28051	0.311248
0	0.0290239	0.259924	280254	91287	-4.25712
0	-0.0291375	0.23528	276272	107382	3.37979
0	0.0140288	0.239728	272370	147077	-5.8488
0	-0.0311824	0.262457	266318	170172	3.57934
0	0.0224028	0.328289	279790	213545	-0.382117
0	-0.0290288	0.286872	287758	229469	13.1773
0	-0.0141077	0.413941	272338	224680	6.52145
0	0.0649718	0.327323	279080	235455	-1.46491
0	-0.00228563	0.26718	284216	38899	0.738172
0	-0.00296968	0.270189	270324	82117	0.542213
0	-0.031196	0.23991	284230	108740	-3.26613
0	-0.00546989	0.367736	266300	148552	6.686
0	-0.0112424	0.355762	278206	155244	-7.60617
0	0.0132198	0.538738	280202	195807	-5.61647
0	0.0504703	0.344876	268286	206503	-8.37141
0	0.0335664	0.318705	283178	234763	-16.4065
0	0.0199451	1.08911	282666	250447	-17.438
0	-0.00519634	0.247374	268332	38104	-0.180764
0	0.0410472	0.266223	284276	78085	-0.938208
0	0.0245835	0.281213	274258	111891	-2.88034
0	0.0364311	0.260773	274274	134341	1.75795
0	0.00321483	0.20272	278298	188160	-2.0307
0	-0.0424673	0.276176	278204	196673	2.23697
0	-0.0194239	0.335071	274576	224380	-1.87453
0	-0.0467366	0.695543	276458	240614	29.04
0	-0.107467	0.615471	276148	248887	28.0216
0	0.0297261	0.22643	270300	36097	0.23799
0	-0.000346733	0.245343	276290	64012	-2.00277
0	-0.0223658	0.236269	274244	106216	2.19357
0	-0.0285007	0.283233	268312	156046	-3.96095
0	-0.0164625	0.293855	268112	170137	4.14409
0	0.0461079	0.342941	282570	204302	-4.32957
0	-0.00465808	0.26951	288298	231194	2.31368
0	-0.0674907	0.825625	270020	209794	15.2991
0	0.0137043	0.308069	277258	251008	10.6178
0	-0.0125382	0.283209	272302	27973	0.154929
0	-0.00187044	0.263844	282230	88188	1.78205
0	0.02411	0.296454	280254	111284	-4.90551
0	-0.029934	0.272507	280254	146349	5.86174
0	-0.0206636	0.825888	292202	155849	6.86276
0	-0.0748342	0.573965	276452	204597	26.4429
0	0.0179903	0.256105	274130	219168	1.7141
0	-0.0804282	0.907252	274460	230099	26.0018
0	0.0545836	0.267265	274318	247953	-5.22081
0	0.0129546	0.227038	268328	55944	-0.421965
0	0.0702332	0.423693	284250	68129	-12.9977
0	-0.0743397	0.235803	276220	114839	2.76665
0	0.0387057	0.247471	262356	136901	-2.50903
0	-0.00640959	0.271381	286258	182651	0.809449
0	0.0560832	0.43798	280100	215404	-8.11338
0	-0.0375269	0.258054	266726	192294	-11.2202
0	-0.131893	2.02236	287962	248583	24.1747
0	0.0103149	0.555543	282122	244359	-1.83014
0	0.0200412	0.221999	278272	52032	-0.36709
0	0.0177825	0.26732	272324	58203	-2.0268
0	-0.0155049	0.22106	272302	102153	-4.55877
0	-0.00234052	0.266732	282234	158408	-3.18172
0	0.041362	0.385029	266324	150560	-15.9268
0	-0.00620743	0.424246	284044	182918	-2.5847
0	-0.00857939	0.27683	272168	208028	0.913716
0	0.0162569	0.274215	274470	233159	-2.7238
0	-0.0976646	1.37181	281030	247176	27.9732
0	-0.0264433	0.240073	274286	40062	0.203668
0	0.0108945	0.245558	278292	70477	-2.06983
0	0.107289	0.415921	280272	120811	-12.6113
0	-0.00685369	0.285344	277848	133242	-2.15697
0	0.0178513	0.311322	276264	164304	-1.47409
0	0.0879199	0.274741	284270	202177	-9.54735
0	-0.0603115	0.321945	280448	218799	17.5755
0	0.0416701	0.331678	274274	214172	6.48641
0	0.0863599	0.724969	287914	265717	-48.2814
0	0.0465255	0.232296	274276	37916	0.133283
0	-0.0242301	0.258664	284260	79986	-0.0504114
0	0.0192886	0.282773	284228	127991	0.41514
0	0.00205171	0.236567	268336	129016	5.06342
0	0.0204786	0.459167	270954	161034	5.81754
0	0.0578893	0.336876	274262	194174	-7.26034
0	-0.00709091	0.335156	277454	206935	5.59926
0	0.0296148	0.243144	278406	247469	-0.111858
0	0.0310225	0.3883	287640	249819	-6.57277
0	-0.0192031	0.246468	278248	36041	0.388487
0	0.0150425	0.234443	284258	80812	1.84673
0	0.0500548	0.278693	278310	110361	2.04552
0	0.0119118	0.329503	280552	142074	11.7536
0	-0.0294293	0.417778	268788	168791	10.4348
0	-0.0628105	0.302135	274302	178071	2.48984
0	-0.0498459	0.528597	274954	215448	12.1175
0	-0.00228139	0.432582	287426	231466	3.93952
0	-0.00398596	0.341434	283702	235214	8.26484
0	0.0284929	0.252237	276290	43908	1.30412
0	0.0457111	0.240116	290222	75859	-0.350008
0	0.0299364	0.240953	276278	113848	4.92145
0	-0.0297993	0.26954	266274	130738	4.52217
0	0.00917232	0.239874	274298	156509	-4.18421
0	0.00420132	0.31253	272166	198212	4.57934
0	-0.00368487	0.237208	288190	227122	-2.11713
0	0.0151895	0.376605	274498	237579	-3.16854
0	-0.0291034	0.439086	269762	253174	0.495113
0	-0.00699043	0.305486	274308	34124	0.469447
0	0.017766	0.251821	284236	82337	-0.310879
0	-0.0246948	0.270494	280244	119813	3.22591
0	-0.00660539	0.460531	274256	135585	10.4416
0	0.00689638	0.298192	280218	170672	6.65925
0	0.0490251	0.343074	277054	174486	-6.39614
0	-0.0117973	0.367593	286270	212120	6.35892
0	-0.0599381	0.44504	272556	235795	9.98523
0	0.0934188	2.64225	280290	238537	-50.2386
0	-0.0284274	0.256131	278266	45975	0.471872
0	-0.0310129	0.277895	270298	88002	-1.47035
0	0.0306874	0.267413	278256	97979	-1.03997
0	0.0106064	0.263172	272298	146183	7.89673
0	0.0522359	0.281242	274266	180237	-4.65331
0	-0.0460491	0.316427	272296	186096	4.81415
0	-0.0903372	0.853488	282424	218939	23.2785
0	0.0110884	0.222525	271644	233582	4.69805
0	0.0563041	0.337594	272610	239051	-9.82953
0	-0.0263172	0.280474	278262	48814	-0.350815
0	0.0191305	0.249182	276240	82659	1.41182
0	0.0480998	0.33864	278262	111233	-6.94725
0	-0.024663	0.230827	278324	156402	4.94404
0	0.0841977	0.262734	282252	199741	-4.52986
0	-0.0462783	0.310383	260396	182839	14.3797
0	0.0193542	0.426631	284208	229968	4.88534
0	-0.0398244	0.355651	273002	230865	8.68013
0	-0.0850933	1.51353	282132	244600	26.6705
0	-0.0011249	0.23144	278268	43933	0.131292
0	0.0187557	0.206551	276280	74238	0.655191
0	0.0115763	0.245694	272248	113920	0.0352669
0	-0.00896829	0.374099	274272	137962	5.32166
0	-0.0102498	0.276141	272184	176659	2.41382
0	0.00431898	0.280072	276268	207363	6.5977
0	0.0223164	0.728755	267978	208815	-16.5808
0	0.071622	0.394998	273976	221892	-12.0746
0	0.0712708	5.04901	276300	240352	-17.976
0	0.0213551	0.236504	278284	48003	-0.337686
0	0.0246624	0.292969	280254	69762	-5.48634
0	-0.0307882	0.261981	280238	116249	-1.41175
0	0.0317901	0.294026	276266	138196	-6.56596
0	-0.0143999	0.308564	288228	173216	5.47254
0	0.016932	0.314311	272266	190216	-4.78845
0	-0.0776057	1.78132	281826	202198	22.6616
0	-0.086742	0.435876	272236	230481	23.5011
0	0.087154	0.867131	283684	241117	-21.5716
0	0.025324	0.249971	268286	38767	-0.0708307
0	0.00738842	0.266179	270306	66022	-1.07427
0	-0.00732542	0.225308	274278	105009	4.39506
0	-0.0325473	0.303487	270452	132469	7.42678
0	0.0126015	0.289701	282546	167783	-4.6391
0	0.00966526	0.269963	268494	186298	-5.72463
0	0.0240439	0.287467	284046	223091	1.9499
0	-0.0721457	0.68972	285968	253632	14.6712
0	0.035676	0.360202	290174	245784	-16.2842
0	-0.00240811	0.259829	286214	32180	0.01662
0	-0.0329584	0.222099	282272	82036	0.847904
0	-0.00268753	0.299198	280232	121829	1.68754
0	0.0127588	0.221406	282266	157697	-1.13305
0	-0.00207663	0.248738	278254	171799	3.70735
0	0.0384217	0.308615	276302	207866	4.85242
0	0.0641912	0.773912	280414	222520	-19.6787
0	0.133008	1.55696	280162	232539	-32.5265
0	-0.0987487	2.85084	276514	242961	40.9937
0	-0.0429721	0.278236	270278	30048	0.135341
0	0.0328676	0.227245	272276	89999	-2.00314
0	-0.0406824	0.953829	276242	128427	22.7958
0	-0.0537599	0.288521	272270	142318	8.47055
0	-0.0176892	0.282883	262434	164895	6.2476
0	-0.13755	2.05917	268136	195798	39.6207
0	-0.00662489	0.319354	280092	223878	-6.80289
0	-0.0249158	0.329525	271342	236825	0.487162
0	0.0076963	0.308607	278504	247164	2.18788
0	-0.0191285	0.280002	272252	57833	1.81146
0	0.0376404	0.265566	282234	93825	-0.478584
0	0.00648233	0.283433	284234	115929	1.32081
0	-0.0197298	0.233583	272294	139170	3.72343
0	-0.0254558	0.208825	268248	148272	3.66306
0	-0.0327413	0.30012	270326	184574	12.2629
0	-0.0208348	0.413706	284236	234579	-21.4432
0	-0.0683735	0.515976	276198	231870	18.2718
0	-0.0164076	0.789341	279868	238520	2.21327
0	-0.022243	0.25485	276300	34136	0.212539
0	0.0114117	0.260861	264330	73868	0.62709
0	0.0108869	0.558884	274244	102247	-12.5204
0	0.0750109	1.02392	280190	158657	-19.1382
0	-0.0913676	0.312226	286236	170729	15.3455
0	0.021654	0.266272	280278	194331	-7.52671
0	0.0656644	0.499066	256586	201217	-17.6346
0	0.0541394	0.320546	287572	220913	-11.6809
0	-0.108139	0.987061	284114	246192	21.0237
0	0.00137284	0.259023	284216	25235	0.324289
0	0.00588006	0.217333	286270	81223	-0.0353334
0	0.024084	0.31834	278314	114165	-1.62254
0	0.0369399	0.293407	272150	156335	-5.18194
0	-0.055136	0.736364	276300	166272	4.41586
0	0.0830628	0.855442	264394	179872	-7.01512
0	-0.0478974	0.293675	280956	231273	11.044
0	-0.0162532	0.578965	282082	234671	11.6751
0	-0.0444573	0.507705	283678	231904	11.1466
0	0.00805788	0.254057	274290	46620	0.619044
0	0.00516076	0.241339	280242	80946	-1.51797
0	0.0571349	0.370487	284256	91888	-5.55933
0	-0.0149205	0.311578	270276	135996	4.04827
0	-0.018614	0.446702	261320	173145	-18.731
0	-0.0425257	0.311556	276064	214981	-3.64433
0	-0.0166982	0.298519	282472	209275	-8.26309
0	-0.0861604	0.519621	278022	214454	20.6901
0	0.0969402	0.79474	275754	237709	-19.1284
0	0.00581373	0.23573	276290	28053	0.295988
0	-0.0637467	0.243299	278260	62191	-0.637857
0	0.0331706	0.260903	270302	109860	-3.50958
0	-0.0165048	0.262324	280248	140651	-3.40571
0	-0.0483067	0.309622	280226	181855	8.1867
0	0.0933467	0.320287	281708	187778	-12.1776
0	-0.0380697	0.255998	284532	228230	-2.04244
0	-0.0574829	0.94504	288140	249598	9.7068
0	0.0985923	0.513979	289948	238371	-26.1806
0	0.00596789	0.218714	278254	36009	-0.141506
0	0.00879522	0.272696	266306	72299	2.19712
0	0.0119035	0.348158	274294	98867	-5.29777
0	-0.0117931	0.283527	278238	145396	1.26341
0	-0.0194918	0.265548	276310	184261	-1.93885
0	0.000715017	0.29473	261126	200792	-4.13107
0	-0.0590317	0.517894	283884	220870	6.56986
0	-0.0425045	0.30664	272596	229168	5.8934
0	0.0155269	1.24665	284170	249976	0.791336
0	-0.025079	0.276597	276258	28567	0.283404
0	-0.00229437	0.261952	270304	71984	0.402989
0	0.0914591	0.286322	286242	89206	-5.76731
0	-0.0256998	0.31582	280278	142103	1.27653
0	-0.0855186	0.300787	280272	182093	11.7743
0	0.00549503	0.444034	270386	182862	3.88627
0	-0.0393273	0.580355	276788	223881	6.4813
0	-0.0103028	0.347189	284196	241547	-3.29798
0	0.0238137	1.90994	276812	249277	4.59227
0	-0.0136964	0.242685	268328	41904	0.147534
0	0.045488	0.228477	270276	60042	0.60049
0	-0.0428403	0.22759	286242	87417	3.87437
0	0.0204841	0.273564	279408	151186	4.42253
0	-0.00823628	0.195371	278238	192993	-0.482733
0	0.00397459	0.331988	268772	174389	1.36733
0	-0.0483554	0.429364	268078	210698	16.7722
0	-0.0564769	0.891261	274074	230319	11.9051
0	-0.0654703	0.310108	284048	248000	20.5947
0	-0.0160241	0.260224	270298	33933	-0.307577
0	-0.0588102	0.263186	284232	71831	1.77344
0	0.0870153	0.963867	288498	102369	-20.9288
0	-0.0377334	0.303457	276226	166271	7.90174
0	-0.01633	0.338261	284234	186493	-7.56091
0	0.0423005	0.327459	286264	199965	-7.00653
0	-0.0882508	0.440174	269376	209280	-0.869271
0	-0.09926	0.531905	273376	227731	13.1746
0	-0.00628903	0.79222	270430	239294	3.22635
0	-0.00325629	0.219093	266324	34596	0.679714
0	0.0088272	0.247975	280242	85977	0.0513426
0	0.0475681	0.257212	282276	120039	-2.22839
0	0.00866629	0.316202	288208	157486	-1.65647
0	0.000613441	0.265641	272192	162449	0.628179
0	0.0788023	0.870122	276248	191068	-22.1505
0	-0.127835	3.36468	271196	216465	48.5216
0	-0.00796259	0.250745	277368	232745	-1.33838
0	-0.0390254	0.321892	282442	240114	11.0186
0	0.03799	0.254878	270318	47853	0.1095
0	-0.00603954	0.213374	280282	74129	-0.933234
0	0.0417881	0.25941	272360	96266	-1.24753
0	-0.0399356	0.235829	274270	155625	1.369
0	-0.0259404	0.305272	284252	178032	1.97046
0	0.00250426	0.298217	282172	176329	0.158843
0	-0.0337646	0.394565	282232	213455	10.6569
0	-0.0384987	0.381555	282268	236752	3.05454
0	-0.0366107	2.94896	278046	252394	10.2592
0	0.000288181	0.261634	266310	32247	-1.01738
0	0.000977784	0.246933	286258	76134	0.0801997
0	-0.0122951	0.22862	278278	113979	0.0591438
0	-0.0275909	0.345467	282356	164502	2.47728
0	-0.0225334	0.375964	282242	180416	1.5515
0	-0.00597181	0.251709	270910	197117	-9.96258
0	-0.00612085	0.280473	282332	218253	-1.38745
0	-0.0717415	0.328871	288386	239010	12.3122
0	-0.032002	0.522577	281918	255228	11.6511
0	0.045704	0.230838	270276	27993	-0.333131
0	0.00155374	0.24653	274274	71926	-0.444934
0	0.0358462	0.245346	280240	104068	-2.13182
0	0.0406003	0.783435	270414	139328	-9.5726
0	-0.0287088	0.299571	278230	160470	4.57723
0	-0.0423678	0.368348	274380	175328	9.21848
0	-0.0704491	0.645636	278384	222894	15.1206
0	0.0882543	0.510709	281470	239315	-16.9518
0	0.0377378	0.350214	260406	236449	-2.29465
0	-0.0393855	0.270643	280252	35966	0.863225
0	0.010007	0.25963	282242	72137	0.178767
0	-0.0112727	0.270211	278234	112918	-0.384056
0	-0.0173651	0.269577	276276	144221	6.46096
0	-0.052063	0.560045	280026	165582	17.5351
0	-0.0239958	0.256709	280252	217717	4.45685
0	-0.172584	2.6754	279540	209342	32.5192
0	-0.0803028	0.339887	280276	232104	19.6146
0	-0.00172638	0.467484	286104	247727	0.546028
0	0.0286654	0.267423	272282	37971	1.4216
0	-0.0230596	0.244573	264302	66165	-0.0194417
0	-0.0422614	0.297962	282274	111659	-1.6813
0	0.0111612	0.227344	282260	139076	2.26138
0	-0.0142051	0.276485	278310	177801	-5.90704
0	-0.10366	0.555383	270270	192131	26.6674
0	-0.0411225	0.42558	282006	224124	-4.4569
0	-0.0482956	0.378548	282210	224672	20.094
0	0.0390255	0.41829	286082	250806	3.27354
0	-0.0172629	0.21529	276302	28391	0.638203
0	0.00541925	0.246139	282222	95909	0.894569
0	-0.00427147	0.23483	288224	112082	-1.79188
0	0.0367614	0.243557	288224	128154	6.15037
0	0.0172533	0.443287	268632	182422	-1.7552
0	0.0634589	0.256281	283698	209358	-9.50456
0	-0.0286219	0.492021	272326	222021	11.3602
0	0.0886184	0.828593	282256	239294	-31.2131
0	0.002857	0.363398	278192	245822	-3.82176
0	0.01805	0.262798	282264	45978	0.397538
0	0.0189779	0.285641	286208	50071	-1.9068
0	0.0187019	0.262698	286234	112986	-0.808257
0	-0.041726	0.279807	277698	162632	0.264921
0	-0.015177	0.773443	276268	171183	16.5046
0	0.00893064	0.348097	278252	186344	1.24859
0	-0.045953	0.457278	288096	211180	17.2101
0	0.0115586	0.250848	275426	244710	5.35217
0	0.0145278	0.353392	276722	233829	3.21774
