0	-0.0412179	0.249535	241740	73899	0.589206
0	0.0158799	0.211545	252690	158927	2.90827
0	-0.0150371	0.157579	244464	197016	-1.99445
0	0.0146906	0.0781904	238112	215155	1.10894
0	0.070328	0.110194	233918	219806	0.774446
0	-0.0035597	0.0971928	239064	226207	2.91061
0	-0.0334998	0.0548074	248590	241045	1.39319
0	-0.00323035	0.0383089	237950	233970	-4.61735
0	-0.0433003	0.0225902	240818	236951	3.73776
0	-0.0231954	0.286653	240020	72018	-0.00657645
0	-0.00541205	0.253424	237134	147724	-1.90823
0	-0.0168341	0.167475	229536	172290	0.497357
0	0.0478729	0.129896	233754	210502	3.26597
0	0.028686	0.11658	261322	247293	-0.568058
0	0.0531341	0.0937344	256824	241496	0.55629
0	0.00591146	0.0776922	255708	244577	1.7408
0	-0.0255114	0.0417228	236114	232596	5.19606
0	-0.0305578	0.0562043	260628	256607	4.68478
0	0.0112093	0.237038	252148	84422	0.30587
0	-0.00551272	0.218402	235886	130789	0.482877
0	-0.00733107	0.206668	239024	180981	-1.44363
0	-0.0258204	0.137213	242880	211683	-1.00956
0	-0.0363438	0.0871332	249640	233063	5.55273
0	-0.0320924	0.083559	229066	218251	3.98325
0	0.0228396	0.0554804	232918	224571	2.84264
0	-0.00353363	0.0134872	229480	228514	4.86472
0	-0.0138064	0.0356158	249672	246637	6.67728
0	-0.0165563	0.231777	235576	84763	0.323432
0	-0.0268269	0.265122	227424	128323	0.249281
0	-0.0168511	0.192504	246530	197085	3.61383
0	-0.065684	0.102257	240968	221226	8.39993
0	-0.0178226	0.0566124	240570	231470	3.66808
0	0.0016256	0.0571833	233668	222694	-2.11523
0	0.0558993	0.0545744	247706	241412	-1.0366
0	-0.00783295	0.0267356	237508	234506	-2.07403
0	0.00817313	0.0270933	237564	235706	1.50996
0	0.0204835	0.265735	238440	70685	0.302758
0	0.00968337	0.205097	235664	144762	-1.10126
0	0.00117739	0.228736	224632	172047	0.212595
0	-0.0118565	0.120781	220540	187352	-1.45761
0	0.0475044	0.0891746	232904	216086	-0.451094
0	0.0125137	0.0729311	236150	223757	7.92671
0	-0.0285645	0.0743265	236046	229399	-1.49436
0	0.0378391	0.0689689	261148	256657	-5.21189
0	-0.00599577	0.00337277	238774	238477	7.01589
0	0.012171	0.295463	220838	59612	0.201437
0	0.03619	0.2196	235062	136962	-1.20938
0	0.0163814	0.228749	226988	173634	-0.0738589
0	0.0120729	0.153138	235700	208882	-2.33846
0	-0.0291256	0.142447	248342	224681	4.23924
0	0.0414639	0.0803983	232950	225244	0.070523
0	-0.0193765	0.0892318	244300	232834	4.89815
0	-0.030262	0.0195894	248710	245707	4.62312
0	-0.00800657	0.022612	233286	230233	0.176539
0	-0.00438839	0.256882	235002	76665	-0.230799
0	0.0209534	0.259628	224320	126353	-1.36926
0	-0.00947776	0.204832	229132	166853	1.77594
0	0.0505545	0.116673	234186	205584	1.12012
0	0.0249522	0.0849139	247222	230000	0.884346
0	-0.00828154	0.0790781	259184	249600	-4.53727
0	0.026065	0.0539839	228616	223650	-3.48462
0	0.0272932	0.0789833	230532	223059	-0.573762
0	0.0117665	0.0393225	246502	242744	0.085358
0	0.0326613	0.254889	246604	69684	-0.296989
0	-0.0208735	0.200242	250204	148187	1.1024
0	0.00439426	0.260283	243172	175688	-2.49889
0	-0.00691951	0.159553	242366	208499	0.789869
0	0.0153793	0.0937319	262710	243337	-8.32565
0	0.0612889	0.0700451	251874	240667	-1.37066
0	0.0438109	0.0653476	255452	249381	3.17096
0	-0.0690337	0.0449696	245484	240878	-2.32418
0	-0.011814	0.00696977	257382	257171	2.54636
0	0.00316023	0.255666	241394	81750	0.614408
0	-0.0305416	0.201424	240854	146392	0.463207
0	0.0278842	0.258867	241418	179246	-1.80823
0	0.0130404	0.164819	253260	219429	0.664428
0	-0.0698688	0.0620582	253610	240759	1.20245
0	0.0317937	0.0742477	243342	232265	-2.39183
0	-0.0127269	0.0867396	248002	238960	0.576776
0	0.0153668	0.0397813	245792	241535	-4.22616
0	-0.0341316	0.0150534	246878	244625	1.78133
0	0.0442241	0.236824	236504	65544	-0.184051
0	0.022335	0.238392	247156	145990	0.879884
0	0.0439005	0.169576	245774	197550	-4.27347
0	0.0330531	0.173512	223016	189095	-6.48277
0	-0.0462135	0.130121	245880	221593	-1.65124
0	0.0528283	0.0834351	221900	210285	-12.279
0	0.00807373	0.0567499	236152	229683	-3.03563
0	-0.00579531	0.0253377	256478	254219	-4.14574
0	0.0268398	0.0142452	256654	254651	7.4333
0	0.0295091	0.240168	228252	76897	-0.279359
0	0.0606908	0.24079	244878	156131	-2.16776
0	-0.0500984	0.168879	230522	190874	-0.47253
0	-0.0227289	0.155941	246514	213023	4.86728
0	0.0425889	0.14008	220966	203723	5.00826
0	0.00366499	0.0457943	251600	243527	1.24444
0	-0.0181881	0.0347904	237386	232712	3.38804
0	0.0174395	0.0467387	250858	246858	1.23314
0	0.0463288	0.0116746	249346	247370	2.51845
0	-0.00138382	0.227783	229268	69723	-0.127796
0	0.00122	0.251882	247584	153502	-0.443581
0	-0.0120419	0.174871	252770	200760	0.212178
0	-0.0269873	0.101541	242340	215251	2.55023
0	0.0170439	0.13395	243144	228236	3.7641
0	0.00372422	0.147824	237046	223013	0.265672
0	-0.0604157	0.0292669	248342	241465	1.987
0	-0.00149183	0.0280864	248648	246415	1.48949
0	-0.069268	0.0492119	239030	235894	0.335237
0	-0.0072704	0.280629	247922	69142	-0.00796037
0	-0.0117466	0.2364	247718	145406	-0.696513
0	-0.00346373	0.188412	238064	187043	-0.335192
0	0.0232826	0.145885	219976	189729	-2.38959
0	0.0483078	0.125162	245720	226762	4.0842
0	-0.037368	0.0640983	255512	247651	1.45096
0	-0.00756314	0.0497593	256716	250011	6.23109
0	0.021396	0.0206189	253222	250299	1.39143
0	-0.0196451	0.0173916	247598	244797	6.01194
0	-0.00314744	0.265527	236930	64131	0.317774
0	-0.00669968	0.216845	233936	139377	-0.786046
0	0.026236	0.150161	240390	189317	-1.54477
0	-0.00397101	0.109707	238426	214806	-1.00086
0	0.0191106	0.106546	240896	226606	-3.4008
0	0.00257491	0.0567023	233694	227685	3.55059
0	-0.0213759	0.0292272	245392	238451	0.720352
0	0.0229108	0.0446636	243742	239521	-4.53434
0	-0.0492413	0.0424413	235192	231940	6.25779
0	-0.0467137	0.268787	235174	60885	0.173545
0	-0.0385805	0.227335	232374	138436	-0.264298
0	0.0119033	0.180385	242290	187751	2.34794
0	0.0193453	0.151311	237798	197631	3.23146
0	0.0262224	0.14502	246052	232984	-3.87283
0	-0.0324422	0.111028	247414	236265	2.7165
0	-0.0280938	0.0334901	246176	240015	3.53111
0	0.0344759	0.0312066	250770	244361	3.42199
0	-0.0574868	0.024893	245478	243210	1.86762
0	0.00417076	0.201782	244758	92031	-0.191913
0	-0.0222459	0.249939	244232	148245	1.24744
0	-0.0308055	0.17291	235640	178931	-4.14187
0	-0.0150733	0.154059	240202	202650	0.796802
0	0.0254437	0.0978261	245846	229210	-2.97292
0	0.0340529	0.0688587	248340	238772	-1.53901
0	-0.0122054	0.0451491	247466	241761	0.169059
0	-0.0204179	0.0601941	258502	253969	1.19034
0	0.0126242	0.0261237	244504	243300	1.00156
0	0.00474504	0.259747	250888	75218	0.0235041
0	0.0655029	0.212222	228048	136330	-1.12368
0	0.0111591	0.159938	244694	198365	-1.86991
0	-0.00128986	0.139168	235126	193111	0.106107
0	0.00350677	0.0936963	241782	221075	-2.53355
0	0.00368672	0.0821436	243626	230296	-1.71242
0	0.0263853	0.0756166	257196	249242	1.42614
0	-0.0196314	0.0246923	233648	231364	3.54477
0	-0.0494826	0.0140541	256204	253478	7.79064
0	-0.0170411	0.283232	249098	74727	-0.120153
0	-0.0430564	0.217774	248232	162220	1.30838
0	0.0151243	0.217329	245912	190354	0.57671
0	0.0158254	0.160879	240076	211699	1.29025
0	0.0370295	0.154496	229460	205208	-2.07233
0	-0.0283181	0.117563	241794	227319	3.44615
0	0.0232147	0.0673922	242942	232718	-0.365826
0	-0.0136124	0.0374059	257110	254521	3.35474
0	0.00182	0.0293405	244044	240112	-2.19008
0	-0.00992754	0.258482	252550	66288	-0.336045
0	-0.0348338	0.243237	223006	125155	0.288839
0	-0.00867351	0.165675	251266	198951	-0.441477
0	0.0473302	0.153107	234772	208889	-2.00032
0	0.0201505	0.107862	243258	224537	1.5234
0	-0.0105355	0.0786403	247856	233255	-6.41226
0	0.0251706	0.0319428	245992	239978	3.09052
0	0.0255463	0.0334857	242052	236422	-5.16132
0	-0.0455309	0.0198707	237146	235823	-0.00842945
0	0.0281998	0.260548	248234	65829	0.355036
0	-0.00756149	0.213724	245274	146580	-0.308951
0	-0.0225815	0.145231	242458	184458	1.05333
0	-0.00215011	0.163334	235014	195105	-1.03776
0	0.0258176	0.0796225	263852	248705	-1.51693
0	0.00372737	0.0773203	248104	234093	0.110396
0	-0.00966982	0.0345299	224678	220160	-6.29112
0	0.0287533	0.0456457	250588	247164	-8.29565
0	-0.0226772	0.0265786	234492	231929	-0.279082
0	0.0519862	0.237352	244286	68408	-0.354887
0	-0.0136498	0.233816	244944	155020	1.45756
0	0.020185	0.173804	235310	188740	-0.420419
0	-0.0177218	0.151058	256690	221926	-2.91102
0	-0.0150794	0.110938	230454	210602	2.74056
0	-0.0332749	0.104933	235130	225909	0.253753
0	0.0262517	0.0216396	234872	229697	1.09756
0	0.00816503	0.0633333	244970	237127	-0.787671
0	-0.0257466	0.0169463	234518	232325	5.7919
0	-0.0325789	0.268972	233674	75880	0.656894
0	-0.0167002	0.232489	242344	146003	-2.75758
0	0.00677784	0.156794	246798	196779	0.951695
0	-0.0181518	0.210573	228516	192970	-4.77439
0	0.0163928	0.134009	233046	214535	0.00914738
0	-0.00820366	0.0982001	246058	236658	-3.26995
0	-0.0347848	0.0575553	241474	234600	-2.93125
0	-0.0209412	0.0140491	249384	247480	2.37926
0	-0.0129938	0.021691	247692	245316	-3.35518
0	-0.0243241	0.250868	249206	76032	0.145632
0	0.00660928	0.276218	239788	139218	-0.479703
0	-0.0357582	0.198287	229970	184039	0.383801
0	0.0158033	0.131505	235636	209716	-0.600878
0	-0.0219009	0.202463	226850	202985	-1.50361
0	0.0510579	0.0732034	238158	229275	3.85368
0	0.00618451	0.0392427	245968	240142	6.09965
0	0.0704663	0.0597356	249904	242724	-5.58338
0	-0.0524631	0.0294082	258322	255718	4.66178
0	-0.000778841	0.231211	255494	82113	0.297078
0	-0.0562606	0.247138	249514	136355	0.74622
0	-0.0325696	0.179885	230172	184467	-2.19942
0	-0.0360524	0.126998	234668	204415	0.0882397
0	0.0108503	0.105127	246946	231760	-2.68536
0	-0.017148	0.0559113	252850	243796	4.57277
0	-0.0115367	0.0653632	258702	250974	-0.0471473
0	0.000875051	0.0245049	235282	232213	-5.00844
0	-0.0196915	0.0221215	261296	258312	2.32226
0	-0.0209435	0.251414	240798	60919	0.160655
0	-0.00716424	0.247922	235466	140663	0.359438
0	-0.038964	0.196811	246190	197281	1.74751
0	0.00247076	0.14841	246402	213198	-0.0310494
0	0.0128579	0.103103	250196	234474	4.38869
0	-0.039615	0.0705487	239074	231616	3.4206
0	-0.01252	0.0762787	242050	231100	1.10039
0	0.0225938	0.0101349	252846	250607	-4.17613
0	0.00603435	0.024343	239392	235797	0.258899
0	0.0198447	0.262866	231552	71437	0.0631583
0	-0.0157129	0.21713	246828	133307	1.54751
0	0.0411895	0.229017	236308	178469	2.99765
0	0.0208893	0.177646	248494	221531	0.258759
0	0.0738076	0.147524	245496	223633	-0.778163
0	-0.035115	0.067553	231322	219316	-2.18991
0	-0.03622	0.065433	257508	250509	-2.59772
0	-0.0028286	0.0336105	239000	233233	1.12531
0	-0.018594	0.00856813	249936	249669	2.96043
0	0.0261423	0.2559	248796	79206	-0.676289
0	0.0160797	0.232686	235988	125294	0.948495
0	0.0632662	0.185205	242468	184824	-2.52265
0	0.00249586	0.153093	251142	223612	2.58083
0	-0.0104168	0.0921704	243682	235043	1.38918
0	-0.021668	0.0912349	228306	218688	5.38713
0	0.00955103	0.0321781	256568	252133	-1.60591
0	0.00334526	0.0157577	250572	246098	3.56961
0	-0.00676141	0.0353577	232786	229211	-0.768693
0	-0.0138023	0.215767	229716	78105	0.271214
0	0.0387992	0.210882	251476	153408	2.37102
0	0.0401138	0.184258	239036	179763	-3.12442
0	0.00164653	0.121117	249438	226664	0.928519
0	0.009717	0.156107	248542	224179	-0.344806
0	0.0254321	0.0709142	248612	236523	2.53231
0	0.030108	0.058483	246534	241862	1.48294
0	-0.00750498	0.0576875	243576	239492	0.17587
0	-0.0321636	0.0393909	248216	244925	-0.321292
0	-0.00594033	0.276974	228546	65921	0.0848585
0	-0.0042849	0.220906	233270	136424	-0.483245
0	-0.0281434	0.185646	241154	191529	-1.65944
0	-0.0232601	0.205684	240020	196010	0.212874
0	0.0402856	0.0724527	233476	221002	-1.67247
0	-0.011855	0.0948505	233548	224812	-1.35065
0	-0.0130926	0.0434358	244358	237902	-1.18544
0	-0.0192257	0.0328956	250300	246551	-3.16943
0	0.000656201	0.014708	254164	251846	-3.15659
0	0.0365483	0.269777	233334	74433	-0.0885959
0	-0.0211252	0.205036	246030	152582	1.47148
0	-0.0354715	0.166002	243646	198580	0.587708
0	-0.00789529	0.112919	230296	206621	6.49117
0	0.0314846	0.0847455	223762	210856	0.237931
0	0.00460258	0.0560449	242670	230207	-0.20465
0	-0.0401696	0.02697	260086	254336	1.24239
0	-0.00736127	0.0237334	248380	245128	-0.707554
0	-0.0517859	0.0242277	251610	248046	2.8183
0	0.00959484	0.230955	249618	72302	0.048811
0	-0.0259169	0.232756	248866	156014	0.478549
0	-0.0214966	0.227076	236528	179063	-0.208494
0	-0.00519361	0.140402	249716	221125	3.28376
0	-0.00824223	0.111997	232496	211516	-2.93375
0	0.0312987	0.0548716	250346	241651	-3.92164
0	-0.018812	0.0397909	247268	243901	2.62903
0	-0.00422867	0.0691244	244280	239416	-5.70556
0	-0.0014012	0.0172611	239278	236799	-6.9929
0	0.0410932	0.255108	241454	77816	-0.122685
0	0.0327918	0.188013	236620	141700	-0.508065
0	-0.0212447	0.152496	233254	179904	-1.03538
0	0.0434521	0.178771	237102	199661	-1.68969
0	0.00778731	0.0989033	234844	220437	-4.21583
0	-0.00710203	0.124326	250480	229216	0.689035
0	-0.0172158	0.0568288	251142	246171	-0.327303
0	0.0204668	0.0503966	246226	242169	5.53808
0	-0.00713616	0.0238736	244724	243794	5.61009
0	-0.00558185	0.213042	210388	62499	-0.0975107
0	-0.0376716	0.23594	240058	159385	0.212313
0	-0.000841724	0.166655	247738	196023	-0.114932
0	0.00577773	0.166932	236286	200198	0.933522
0	0.00725228	0.114524	239482	214402	0.126726
0	-0.0231778	0.0724446	236760	223714	2.4044
0	0.0275357	0.0598332	244034	237237	-2.75433
0	-0.0344473	0.0588895	259340	251248	-1.09767
0	0.00347172	0.0115153	245966	243462	-2.59331
0	0.0120137	0.277574	232670	59422	-0.0998558
0	-0.0203917	0.212454	228928	131385	1.55332
0	-0.00531689	0.194206	230002	177291	-2.20654
0	0.00537451	0.17381	245016	211710	-4.89996
0	0.00437678	0.139604	249144	227308	1.98481
0	-0.0394415	0.0846036	243178	235286	-1.85042
0	0.0159696	0.0682412	228190	220018	1.056
0	-0.0190346	0.0518463	245376	239793	-1.89101
0	0.0152832	0.031451	250712	247871	2.60511
0	-0.000542928	0.229172	255778	86098	-0.766936
0	0.0446111	0.235432	246270	145389	-0.525798
0	0.00237461	0.191112	244522	183255	1.61355
0	-0.00647015	0.115551	243824	214816	1.00894
0	-0.0256481	0.146663	221540	201094	-3.3267
0	0.0131381	0.055908	237052	231620	6.3118
0	0.0365872	0.0433752	243290	237584	3.69495
0	-0.0021424	0.045446	246946	243004	0.0237481
0	-0.00716592	0.0265199	249304	245589	0.552428
0	-0.0229289	0.209795	232192	74292	-0.225754
0	0.0222939	0.222357	236642	132090	1.63727
0	0.0328741	0.16477	243048	191547	-1.75314
0	0.00501719	0.105708	226138	203179	-0.395941
0	0.0316605	0.0890223	227416	210992	4.03397
0	-0.00316309	0.0533417	248732	243447	6.88573
0	0.0124001	0.0405098	239826	236204	-4.1487
0	0.00901556	0.0511997	247588	244542	0.988351
0	-0.00297666	0.0141843	254534	253031	1.1468
0	-0.0334708	0.254467	242170	77311	0.348062
0	-0.0220078	0.211717	227836	143759	-2.19377
0	-0.00797212	0.17198	252502	195978	0.953149
0	0.0458928	0.117061	225986	196704	2.41322
0	0.0393667	0.104364	230528	212154	-0.629016
0	0.0257143	0.089008	239082	233842	1.79699
0	-0.0184136	0.0576553	249386	241898	-2.89113
0	-0.0161658	0.0451536	230528	226594	-7.6762
0	-0.0456696	0.00947481	247404	245599	3.64633
0	0.059738	0.231878	233718	72862	0.26369
0	0.013841	0.248857	226660	131820	0.0238922
0	0.0226868	0.22061	234254	190929	1.40965
0	0.0263365	0.158193	255178	219360	0.305358
0	0.0840319	0.0776051	245530	227503	-4.15792
0	0.0157542	0.0401356	245826	238858	-5.11149
0	0.00726082	0.0553223	231770	226522	-2.29649
0	-0.00665221	0.0144879	257818	256779	-2.06357
0	-0.0224297	0.00814506	256938	255962	3.70687
0	0.00696206	0.208975	234090	65845	-0.486191
0	0.0293294	0.218603	242734	149135	-0.597749
0	-0.0391521	0.170034	253932	195941	-2.55809
0	0.0414221	0.161316	228570	201666	-0.665376
0	-0.024544	0.101894	242810	222438	8.01537
0	0.0269169	0.0525969	260918	249348	-0.556807
0	-0.0387117	0.057783	258214	250022	3.38644
0	-0.0151231	0.0411488	243904	239215	0.736496
0	0.00610667	0.0179866	242998	240661	3.36178
0	-0.0379104	0.255866	239708	62207	-0.137026
0	0.00845926	0.229207	248764	155639	-0.0597267
0	0.0110095	0.171925	241812	195770	1.11426
0	0.0466697	0.140017	251540	220740	-4.74652
0	0.0537697	0.114935	224000	206658	-0.357555
0	0.002895	0.0705011	241582	233869	-5.03862
0	0.0252982	0.0684668	253728	247023	0.530105
0	0.0316254	0.0482928	253526	248625	-3.36175
0	0.039799	0.0272625	241440	238410	-6.31994
0	0.0244735	0.227372	234552	74213	0.287858
0	-0.0354702	0.252497	234104	130531	2.09436
0	-0.0478115	0.244549	243290	182691	0.212406
0	0.0199375	0.121268	254646	226538	5.20764
0	0.0171864	0.133286	243452	224405	0.485651
0	0.00099816	0.117309	236890	220820	5.32387
0	-0.0172752	0.0202748	250828	247884	1.56527
0	0.0305046	0.0420429	244100	238295	-0.379936
0	0.0172544	0.0412379	245094	243274	3.33633
0	0.0285125	0.248412	240004	73176	-0.112875
0	0.0117105	0.21346	244962	159183	-0.256956
0	-0.0163447	0.169501	230032	181756	4.16823
0	0.0415301	0.137904	247862	222480	0.80309
0	-0.0209914	0.0967628	226026	211700	9.09203
0	0.00685571	0.0629058	255414	247962	1.80647
0	0.0156955	0.0827803	256894	248748	2.52383
0	-0.0234941	0.0257567	237014	233796	0.298531
0	0.0249978	0.0434818	257466	252538	-0.840326
0	-0.0451023	0.239117	240832	75533	-0.0702153
0	-0.00306815	0.236718	230536	120539	0.47492
0	0.0244996	0.219073	241162	181869	0.391467
0	0.00152806	0.16344	240808	198687	3.09588
0	0.0116596	0.132148	242416	221526	1.18902
0	0.0119778	0.0619851	246418	238122	-1.31053
0	-0.0649331	0.0462264	251640	246613	4.88493
0	-0.00258095	0.0493002	236534	232110	-2.7736
0	0.00292841	0.010656	240394	238538	-2.61603
0	0.014718	0.240189	231026	68934	0.142577
0	0.0118195	0.22997	238170	142890	2.232
0	0.024397	0.206612	233916	179070	1.5649
0	-0.0110154	0.114275	234554	207951	-1.82212
0	-0.00777907	0.0817463	252756	233142	3.85673
0	-0.0106718	0.0660582	241918	231865	-4.36849
0	-0.0414822	0.0422331	245654	235746	-2.54362
0	0.0411281	0.042371	245230	240009	-2.20075
0	-0.0171264	0.0390612	244540	240339	3.07845
0	0.00395621	0.241941	247804	72190	-0.121194
0	-0.0215213	0.229039	251288	148460	0.971511
0	0.0590405	0.215357	256750	203087	-0.584461
0	0.0114858	0.159979	249504	213598	2.12828
0	0.0267448	0.107681	252056	232482	-1.88543
0	0.050896	0.0646079	240996	234898	-3.14
0	0.0188138	0.039874	251164	244676	2.04157
0	0.0118755	0.0288329	237532	233972	2.20313
0	0.0363131	0.0253375	244680	241076	-0.78708
0	0.016281	0.233698	237294	68055	-0.276951
0	0.0240345	0.227205	254112	167040	-2.76031
0	-0.0263694	0.126445	238680	201446	2.54935
0	0.00188295	0.0877952	246438	226513	-2.20503
0	-0.0195969	0.135403	248286	228137	0.103679
0	0.0246116	0.08927	250824	240123	-1.04475
0	0.0236303	0.0370019	248620	244419	-2.62043
0	0.0121213	0.0394397	246680	241949	-1.34724
0	0.0558834	0.0349779	255896	253749	1.2616
0	5.69326e-05	0.266807	253772	74359	0.0354038
0	0.00683846	0.215473	239112	143394	-2.40023
0	-0.040469	0.189704	250190	196095	-0.484246
0	0.0237714	0.157071	257558	217210	-2.08638
0	-0.0377677	0.103296	218382	203386	0.351442
0	4.0416e-05	0.104332	252730	240714	-1.66266
0	0.0250602	0.0579196	235136	229363	-0.748371
0	-0.0285848	0.0767049	236468	227121	2.23888
0	-0.040506	0.0240193	252478	250290	0.697365
0	-0.00585017	0.244587	229712	69696	0.015386
0	0.0389347	0.235925	238576	140026	-0.304457
0	0.0144384	0.220753	239906	179396	0.163178
0	0.0455827	0.18148	228338	192367	-0.987532
0	-0.0212943	0.0447808	237032	228627	5.32205
0	-0.0317692	0.137772	234776	221618	-0.972454
0	-0.0619794	0.0591682	263338	254282	10.8921
0	0.0413654	0.0593483	252582	247701	2.60937
0	-0.0228419	0.0192807	258436	257111	2.63391
0	0.0319223	0.226867	241338	75400	-0.420846
0	-0.00501508	0.219136	235760	138291	-0.602268
0	-0.0189194	0.186197	229142	176011	1.15965
0	-0.047358	0.16483	245880	209883	1.69623
0	0.023014	0.102527	246616	228820	-7.69884
0	0.0428877	0.0521129	240724	234872	-3.36353
0	0.0157981	0.0450517	255492	249569	-3.82317
0	-0.0142897	0.0426362	243098	238776	-0.661191
0	0.0524394	0.0184427	253988	252410	-1.00271
0	-0.00913906	0.283609	246386	76053	-0.864828
0	0.00807872	0.240932	249342	135414	-1.2027
0	0.01489	0.215192	255768	193008	-2.13951
0	-0.00259526	0.150017	241476	216628	-2.33987
0	-0.0134152	0.112792	255792	240444	4.68824
0	0.0245082	0.056001	248028	237988	-3.35982
0	0.0348559	0.0429389	238314	232451	-3.34558
0	-0.00614238	0.056654	253154	247703	3.71603
0	0.0366676	0.0293313	241996	239443	0.154001
0	0.0120573	0.226417	250634	85769	-0.152752
0	0.0289434	0.235714	246676	153079	-0.61079
0	-0.0762017	0.178584	245706	192356	3.32527
0	0.0387182	0.0943941	232240	215431	-2.51277
0	0.00658211	0.10176	246730	231650	-3.08806
0	0.0209008	0.0858112	251228	240086	2.44133
0	-0.0562358	0.0319085	245874	241793	-5.60755
0	-0.0458317	0.0440063	248964	241046	-1.64354
0	0.00869874	0.0548719	240822	234908	-1.34529
0	0.0182705	0.21932	251034	82275	0.164115
0	0.0105854	0.249745	239198	133453	0.132346
0	-0.0173038	0.176293	241202	183671	-4.01911
0	-0.00218302	0.151124	234544	203556	-3.22897
0	-0.010277	0.0970845	245216	226476	-0.43509
0	-0.0216931	0.0803186	250952	239243	2.06101
0	0.0154957	0.0550935	238590	234004	-6.30882
0	0.015524	0.0459182	235518	230257	-2.50393
0	-0.0034437	0.0324519	250820	246845	-0.293089
0	-0.0265885	0.240611	242190	71355	0.247233
0	0.00499143	0.233378	242720	134549	-0.298928
0	0.0457415	0.24434	245806	192218	5.85284
0	-0.0243199	0.176262	227692	188294	3.08289
0	0.0134077	0.108576	229490	207056	-0.14099
0	0.0547945	0.0656223	248968	238420	0.390281
0	0.016435	0.0380971	248308	241706	-5.4485
0	0.0474532	0.032842	251810	247520	4.75147
0	-0.0759779	0.013014	250228	249429	0.419936
0	0.0466399	0.229199	248116	81132	0.0989734
0	-0.019753	0.251312	228596	141147	-1.39352
0	0.0278865	0.216136	251650	191355	-2.16421
0	0.0165723	0.129363	249372	221291	0.707237
0	0.0519033	0.0972649	253878	233624	-3.60986
0	0.0255142	0.092028	233854	223034	2.45218
0	0.0167207	0.0282386	256170	250423	-1.54422
0	0.0220284	0.0258655	262806	259548	2.16406
0	-0.00728337	0.0228787	234184	231484	4.91897
0	-0.0179406	0.246169	244418	73634	0.00974745
0	0.0189487	0.220171	246726	152311	0.674863
0	0.0592567	0.221361	242320	180383	-0.715038
0	0.0550038	0.122852	235530	210555	-1.17398
0	0.0083524	0.102563	254104	238486	-0.89967
0	-0.0750599	0.0823342	243850	232326	6.16465
0	-0.0269241	0.0702367	242500	235200	5.24096
0	0.00496975	0.0602896	258458	252951	1.76418
0	0.057345	0.00586809	252758	251367	-10.1344
0	0.0318362	0.251774	242354	76372	0.30112
0	0.041032	0.220115	248256	155098	1.05373
0	0.0472443	0.159634	235536	190766	-0.270892
0	-0.0234584	0.14434	248718	222871	2.6199
0	0.00267798	0.105071	250088	233102	-2.23591
0	0.0226722	0.0871306	244646	233720	-0.961932
0	-0.0112831	0.0892033	252528	242927	0.162343
0	-0.00925931	0.0334679	242584	239236	4.16609
0	-0.0158488	0.0325074	242612	240234	-3.48126
0	-0.00434214	0.303202	246190	61685	-0.325039
0	0.0154366	0.233625	251784	147288	0.387935
0	-0.0149691	0.174234	238876	195164	0.308206
0	0.0327046	0.127823	240774	217279	-1.35137
0	0.032145	0.0985848	254394	236094	-0.915329
0	0.0305831	0.0933933	237118	222247	-0.863529
0	-0.000574412	0.0665232	251374	242237	2.99205
0	-0.0307793	0.0387309	224820	220694	1.23759
0	-0.0726091	0.045592	251806	249632	-0.430217
0	-0.0262445	0.254461	240332	74049	-0.183009
0	-0.0330316	0.251521	236716	151260	-0.864739
0	0.0187077	0.224853	241256	185343	2.55395
0	0.0345705	0.151931	246086	217168	0.707511
0	0.0489297	0.111834	243506	222897	-3.66147
0	-0.0175436	0.0422164	255384	250589	-3.73751
0	-0.041065	0.0637341	250364	239741	8.49684
0	0.0505934	0.0333122	247188	243055	-7.15344
0	0.0305519	0.0226362	238808	236493	-2.10389
0	-0.0265322	0.276243	240696	65239	-0.286311
0	0.0266134	0.222813	243456	137998	-0.833046
0	0.0233344	0.194601	239116	185614	0.482379
0	-0.0246785	0.112163	240020	214554	4.94869
0	0.0779475	0.108233	241734	226118	-2.65479
0	0.00367334	0.0798331	236144	221129	-0.605816
0	0.0335647	0.0803161	233202	227555	0.622192
0	-0.00845371	0.0412897	249164	244473	-0.731071
0	0.0115656	0.0100028	253280	252996	-2.3272
0	-0.00220169	0.227461	238804	81201	0.454331
0	0.0203268	0.192247	244532	142231	0.183869
0	0.00815971	0.195194	237026	178545	1.06025
0	0.0153942	0.149225	230844	197667	-1.9871
0	-0.00497726	0.0999337	244238	227896	0.832056
0	0.0282705	0.0882002	236198	227397	-0.587739
0	-0.0409628	0.0398343	249006	245655	2.40295
0	0.0357372	0.0681985	243862	236232	-1.30916
0	0.0273259	0.0230503	258958	257806	-4.79248
0	0.0213311	0.235226	243884	80351	-0.330486
0	0.00391888	0.25001	241634	135772	0.736724
0	-0.0377677	0.162056	249568	203348	0.682109
0	0.00670261	0.168282	249258	215818	0.960294
0	0.0132889	0.162365	248404	230993	-2.83411
0	-0.00671199	0.0754667	246036	234769	2.30475
0	0.00596669	0.085243	238786	231671	-2.41008
0	-0.0140877	0.0340386	242630	238537	1.70483
0	0.0149458	0.0706963	244854	236081	0.0908648
0	0.0249651	0.24839	247148	65162	0.0368276
0	0.00231453	0.244993	241348	150891	0.447897
0	0.00783577	0.186515	250082	198412	-0.153298
0	-0.00151881	0.177501	228800	205048	-1.88177
0	0.0139587	0.076366	256086	241445	-5.04625
0	-0.00296624	0.0849683	243642	236912	-1.93519
0	0.0435023	0.0627349	252744	245472	-3.88763
0	-0.0107086	0.0453114	248044	243303	-3.75991
0	-0.00190566	0.00606039	249920	248948	-5.00971
0	-0.00195221	0.258724	240046	69732	-0.120148
0	-0.0267193	0.210998	236096	152557	-1.02384
0	-0.0021069	0.245383	232078	174173	1.51335
0	0.00621821	0.114264	257220	220044	0.829139
0	-0.00343603	0.10213	225476	211879	4.11517
0	0.0536625	0.113307	248402	234656	0.280173
0	-0.0101578	0.0598554	242644	233805	2.62604
0	0.0104006	0.0679206	240104	235744	4.25588
0	0.0352756	0.00966871	239062	237206	0.786434
0	-0.0432641	0.276719	245610	73430	0.222929
0	0.0305628	0.205769	239400	152984	-1.31168
0	0.0385187	0.179039	243102	192275	-0.964497
0	-0.0111603	0.141329	246752	216935	-4.30935
0	-0.00672515	0.124394	236330	216440	2.95838
0	-0.025605	0.0964578	250776	236567	6.03717
0	-0.0236979	0.0353815	259040	254324	-1.68099
0	-0.0409447	0.0517031	235166	230329	5.29583
0	0.00808593	0.0480393	237442	235319	2.07099
0	-0.0121006	0.269312	238994	77744	-0.296907
0	0.0337196	0.256125	233480	138638	0.697636
0	0.018477	0.221233	224592	167199	-2.2776
0	-0.0207593	0.120196	244736	226125	4.03228
0	-0.000636403	0.078411	228086	215065	-3.78275
0	-0.00164348	0.0923427	243824	227813	2.93355
0	-0.0840379	0.0755739	237618	228252	-2.48226
0	-0.0146735	0.0383366	255206	250719	2.16182
0	-0.0282272	0.0297773	230768	227911	5.75916
0	-0.0208574	0.253064	253548	82112	-0.203121
0	0.0134496	0.242868	249404	142140	0.0157267
0	-0.0193303	0.14567	229474	183542	-3.45525
0	0.00632973	0.123843	227186	205599	1.46618
0	-0.0343483	0.141854	244676	226469	-1.76023
0	-0.0102383	0.0671524	255620	247926	2.04096
0	0.0142845	0.0501759	249440	243223	-2.22068
0	0.0173323	0.0347282	245432	241970	-0.63876
0	-0.027612	0.0076086	242744	241827	-3.13442
0	0.00128515	0.257752	242914	58301	0.350596
0	0.0067309	0.20381	233378	136655	-0.290588
0	0.0137013	0.201255	239802	180108	1.49225
0	0.00324178	0.121174	251424	223223	4.92748
0	-0.0348719	0.0683982	251820	235624	-1.66338
0	0.066679	0.0791023	236034	225300	-2.09998
0	-0.0194694	0.0459775	247176	241619	2.51556
0	0.0289581	0.0423584	241948	236882	-1.88833
0	-0.00623313	0.035975	251816	247346	-0.320646
0	0.0107213	0.253582	240198	90404	-0.179973
0	0.000560144	0.21942	234476	127095	-0.137785
0	0.0493278	0.214946	247432	185390	-3.21722
0	-0.00573769	0.19762	246200	204710	1.29344
0	-0.0807459	0.147631	250648	231308	-0.0914469
0	-0.0617237	0.0902924	249768	239746	2.11507
0	-0.0470679	0.0872842	236818	230234	0.847838
0	-0.0166059	0.0483395	246772	241141	-0.176214
0	0.0412558	0.0123002	248368	247220	-2.4231
0	0.0080755	0.234201	235096	71159	-0.382543
0	-0.0695325	0.222353	264818	154674	1.09786
0	0.0287949	0.200587	257098	204903	-2.19687
0	-0.0169271	0.139323	232846	208228	-3.27903
0	-0.018147	0.0683046	256274	246603	-0.861209
0	0.0534647	0.114749	247240	231915	-0.213035
0	-0.0222709	0.0648177	252878	244245	-6.78208
0	-0.0287323	0.0327479	234690	231545	1.08162
0	0.0265447	0.0146276	233136	231402	-4.56636
0	0.00458642	0.217673	233942	65630	0.272936
0	0.0147565	0.258742	238574	132173	0.408733
0	0.00315865	0.186567	233762	179875	-2.6743
0	-0.0147779	0.167856	245846	215776	2.15886
0	-0.0228233	0.119711	231072	210990	-0.939406
0	-0.0149746	0.0718497	233090	224812	0.575811
0	-0.0301893	0.0486388	252256	245484	-2.08286
0	-0.0220806	0.0299992	234732	231809	-0.233748
0	0.0293464	0.0498532	241790	238203	-3.35454
0	-0.0257912	0.27601	237036	64381	0.49708
0	-0.00108244	0.247894	258936	154516	0.0394107
0	0.0727646	0.182388	237924	174884	-0.158961
0	-0.0116055	0.110675	242008	214683	-2.95174
0	-0.0471982	0.111826	249928	229889	0.278153
0	0.0341815	0.0855959	248816	235792	-4.71966
0	-0.00702349	0.0486064	234636	227433	-3.20984
0	-0.0233152	0.0504401	251084	246859	0.605715
0	0.0456089	0.0214437	254954	254667	-1.94627
0	-0.0122574	0.240786	244288	69481	-0.284178
0	0.0483508	0.215977	247066	137814	-0.258364
0	-0.0214565	0.18416	250314	197896	-2.54077
0	0.0424608	0.152981	254116	221690	-2.17049
0	-0.0170857	0.0595395	244150	231644	2.1721
0	0.0171561	0.140913	224646	203683	-2.58713
0	-0.0136457	0.0587479	256240	248812	6.35931
0	-0.0156235	0.0122225	249106	246586	-0.350885
0	0.0127658	0.0404663	258552	254752	-2.87616
0	-0.0159433	0.258911	253120	70960	-0.331826
0	-0.0477549	0.254591	239884	129968	-1.54317
0	0.0280321	0.221264	243370	183979	-3.23387
0	-0.0167732	0.151464	229680	199921	1.61368
0	-0.0345088	0.118176	238358	224806	-2.10727
0	0.0282613	0.111175	253292	238266	-2.79476
0	-0.0897694	0.0586922	249684	243720	-0.413691
0	-0.0500963	0.036781	244324	240899	-1.57449
0	-0.00358636	0.018737	255294	253259	2.41555
0	-0.00160402	0.216127	235042	81664	0.184033
0	0.0142187	0.237807	250054	131136	-1.56612
0	0.0376849	0.225307	242194	188515	0.736572
0	0.0104271	0.173971	235240	197711	-2.18471
0	0.00880979	0.0792291	241746	228063	-1.83073
0	-0.019655	0.0716029	243642	230070	7.38668
0	0.0409792	0.0754842	245380	239066	-2.12256
0	-0.0153684	0.0357971	253760	249719	0.883362
0	-0.0289014	0.0204975	259522	259229	7.98134
0	0.0388425	0.253748	241748	78731	-0.146257
0	-0.00156171	0.195916	251826	165233	-2.27658
0	0.0375282	0.197324	243504	187707	0.0304305
0	-0.0325796	0.140275	238670	217893	-0.837783
0	-0.0210847	0.0734384	255006	245571	0.513735
0	-0.0238321	0.0916718	256412	247143	8.05976
0	-0.00709479	0.0645943	247132	238978	2.65598
0	-0.00567977	0.0280222	263674	261982	-6.79113
0	0.0132055	0.00698852	265570	264306	-4.68573
0	-0.00364141	0.259871	224706	51367	0.161501
0	-0.00196014	0.228281	248092	142499	0.961577
0	-0.0123214	0.158133	230434	182305	0.067029
0	-0.0204606	0.153168	248618	222015	0.338198
0	-0.00176297	0.124227	238370	224741	-4.67963
0	-0.0400414	0.0821387	258666	247180	0.258283
0	0.000895744	0.0648584	242050	231714	-3.49243
0	-0.0231256	0.0473524	238482	233771	-2.27251
0	0.0140349	0.0186928	257224	253865	-2.15998
0	0.0450495	0.230053	235264	75146	-0.136767
0	-0.00578801	0.229115	241880	143324	1.75759
0	0.0209902	0.189905	240402	184390	2.32498
0	-0.00889779	0.184119	234266	204282	5.27681
0	-0.016114	0.120125	235406	213122	0.798788
0	-0.0280288	0.117151	243082	231347	4.91678
0	-0.00402351	0.0719883	261064	252435	-4.80713
0	0.0346441	0.0285538	238190	233804	-0.868764
0	0.0252867	0.0176714	234780	234134	1.44069
0	-0.0362899	0.268661	245340	77091	-0.0654674
0	0.00938568	0.246424	242570	135209	0.365153
0	-0.0190332	0.180351	242340	185566	1.94408
0	0.0109733	0.186004	244384	198662	-2.04056
0	0.00381485	0.160722	247206	230153	0.771744
0	-0.00668013	0.0509032	223902	217339	-0.737863
0	-0.0603968	0.086401	227004	216307	-1.13684
0	-0.00993401	0.0106519	248174	245869	-1.49601
0	-0.007625	0.0160426	243290	240799	2.31561
0	0.0334141	0.261551	246524	85095	-0.00300873
0	-0.0215265	0.22054	238588	145070	-0.479396
0	-0.0414295	0.240131	237622	178129	-1.93086
0	0.0249002	0.119883	232200	203226	-1.8603
0	-0.0343673	0.144856	246546	223728	0.141616
0	-0.00815885	0.0603264	250382	239753	-1.98298
0	-0.042763	0.0609949	238796	233422	-3.96477
0	0.013776	0.0481774	239734	232150	1.47255
0	0.0594465	0.0120436	239712	239499	-2.85275
0	-0.0146405	0.214324	257466	80402	-0.148519
0	0.0125603	0.220613	244534	150997	-1.24775
0	-0.0161954	0.167382	252522	200088	1.78531
0	0.0567943	0.123382	253404	219250	0.14052
0	0.0306065	0.0633069	235108	222543	-5.76117
0	0.0382816	0.0836383	240980	226918	-1.95136
0	-0.00760068	0.0692766	243622	236478	5.05381
0	-0.0109073	0.0293024	246942	244888	-1.35536
0	-0.0173736	0.034455	251826	248279	2.24741
0	0.0173901	0.260965	249888	81818	0.59549
0	0.0159925	0.274834	243642	118203	-1.0112
0	0.0217637	0.206205	244030	190275	-1.7268
0	-0.0475976	0.166856	250008	212047	2.0264
0	0.0400292	0.0859862	255026	236938	-0.0572899
0	0.0121266	0.113733	246332	232728	0.289791
0	0.0299668	0.0687045	256612	250035	-5.56581
0	0.0351325	0.0481587	248532	243160	-1.72001
0	0.0187129	0.0381564	239904	237171	1.96221
