0	-0.0389865	0.249901	257132	80600	-0.0802212
0	0.0290885	0.219203	252760	140192	-1.0543
0	-0.0115036	0.1699	241860	170890	-3.0545
0	0.0406056	0.104315	235136	188740	-6.66555
0	0.0577646	0.133754	248444	198114	4.54348
0	-0.0228449	0.13834	244122	207118	8.69618
0	-0.0203846	0.0941172	250628	221045	-2.54137
0	-0.0183785	0.0630125	246014	219598	-0.0729107
0	-0.0218895	0.0545486	236256	214128	-2.68547
0	-0.0239025	0.286623	238666	74297	0.205558
0	-0.0102809	0.262665	239684	133921	-0.447568
0	-0.017165	0.150685	243458	189110	0.596637
0	0.0528987	0.130353	223526	195820	1.75825
0	0.0271506	0.154467	265076	247591	-0.107455
0	0.0584561	0.123208	242346	223916	-1.0403
0	0.00776898	0.132259	250668	230484	1.18355
0	-0.00855869	0.0668146	251546	243827	0.110231
0	-0.00934926	0.0738769	242378	235306	-1.67779
0	0.0121525	0.237142	249286	79712	0.0229039
0	-0.00301975	0.214688	242672	142435	-0.265015
0	-0.00433435	0.206582	252446	198534	-2.34265
0	-0.0299233	0.127303	233540	205977	0.221335
0	-0.0168982	0.107502	242700	220866	-0.28094
0	-0.0282373	0.119598	248230	232696	2.82671
0	0.0229641	0.0758564	248770	236378	2.80528
0	0.03083	0.0219825	248096	243508	-5.44436
0	-0.00136554	0.0520471	239716	233781	2.94502
0	-0.0164084	0.231713	255954	97489	0.279077
0	-0.0243415	0.26158	243722	136185	-0.496351
0	-0.00987839	0.201547	230358	180140	1.52202
0	-0.0373342	0.134031	225126	202475	-0.105027
0	-0.01182	0.0758273	235632	224344	1.8673
0	0.00677852	0.0754883	241532	228018	-3.66111
0	0.0305334	0.0621972	226084	218209	6.57316
0	-0.0192937	0.0331533	251374	247068	1.36419
0	0.00764772	0.0338656	246184	242112	1.66758
0	0.0212512	0.265536	241746	73739	0.0724535
0	0.00616428	0.203762	246664	151121	-0.0455373
0	-0.000883278	0.227057	232672	166275	0.830796
0	-0.0104085	0.129687	245798	212614	-1.89203
0	0.0370718	0.10998	247118	224429	2.67868
0	0.0198536	0.0944647	232180	217978	5.72475
0	-0.00803953	0.0785927	238926	228697	-7.65185
0	0.0147238	0.0620955	261070	253281	1.7227
0	0.00563487	0.0107612	259262	256634	3.5267
0	0.0118144	0.29559	250128	73290	0.308406
0	0.0300079	0.231339	234990	134132	0.645235
0	0.0162274	0.231026	235754	173622	-0.027649
0	0.00267715	0.13781	230006	202533	0.480277
0	-0.0200546	0.128967	235832	217299	1.51796
0	0.0257094	0.12402	238334	223873	4.79686
0	0.00384769	0.0759659	246038	237244	-2.0691
0	-0.0182977	0.0269484	241146	234643	1.03384
0	-0.0156975	0.018396	246262	243874	2.48382
0	-0.0048774	0.256743	250770	74956	-0.0840961
0	0.0204762	0.259627	228222	117640	-1.2261
0	-0.00374767	0.21015	233352	172563	0.056909
0	0.046909	0.133937	252686	220995	2.21376
0	0.0282766	0.0989115	252444	234917	-0.112961
0	-0.0199949	0.0832056	232418	219935	-1.02327
0	0.0114627	0.0555799	243162	234749	0.896055
0	0.0247195	0.078379	237500	228419	0.198362
0	0.0152457	0.0310467	253864	249529	-0.958403
0	0.0327815	0.254654	242504	69311	-0.333028
0	-0.0197199	0.205074	246262	142415	0.756312
0	-0.00285127	0.228124	234414	171862	-0.325234
0	0.00154563	0.156979	246380	216912	-1.74967
0	-0.00296688	0.109522	230098	206951	-2.8218
0	0.0616288	0.0768607	243746	230943	-1.47262
0	0.0577257	0.0647874	230484	222849	-1.00348
0	-0.0725864	0.0655544	243540	237559	-1.25836
0	-0.0132913	0.0119108	253378	251177	2.98955
0	0.00368588	0.255235	250176	80321	0.456714
0	-0.0331808	0.206982	254208	160500	1.25495
0	0.0238232	0.256871	250918	182852	-0.589941
0	0.0132555	0.153508	236850	207198	0.599896
0	-0.057119	0.0649098	236388	224457	-2.62249
0	0.0248468	0.0776124	239256	230035	-0.307765
0	-0.021781	0.0816902	245438	237857	3.29298
0	0.00145808	0.0351703	256516	254443	-0.0535426
0	-0.0289281	0.019577	247092	245171	0.220279
0	0.0425583	0.236797	245166	37305	0.315675
0	0.017272	0.250823	230122	80941	2.39878
0	0.0497049	0.224092	237424	95593	-6.01476
0	0.00340078	0.205219	238850	101937	2.41293
0	-0.0416096	0.148529	244922	133214	-3.03241
0	0.0147409	0.122992	240856	148426	-0.852804
0	0.00487329	0.0960118	240872	150571	-2.07549
0	-0.0271264	0.0764791	242236	163071	2.25357
0	0.0166415	0.0675281	253256	167395	10.4928
0	0.0274828	0.242333	235550	65742	0.328543
0	0.0574908	0.242063	259444	140922	-1.20776
0	-0.0408699	0.161219	250596	185859	-3.24109
0	-0.00429869	0.148054	229934	184231	-0.661796
0	0.0549847	0.164231	245566	197921	1.28952
0	-0.00884276	0.0717468	241558	211721	4.99676
0	-0.0149064	0.0616778	239766	214307	2.40351
0	0.019572	0.0704488	245152	221793	0.593383
0	0.0324774	0.0703134	239360	217063	6.67386
0	-0.0019014	0.22665	243362	75719	0.0274779
0	-0.000987683	0.257296	247508	133284	0.218723
0	-0.00834745	0.193432	237044	179437	-0.896168
0	-0.0150728	0.128811	250636	213957	-1.02412
0	0.0144413	0.133435	238738	211584	4.54488
0	0.00426559	0.139049	240282	221454	0.103261
0	-0.0381364	0.0510063	253134	240918	-4.69679
0	-0.013957	0.043372	237664	229934	5.22906
0	-0.0542601	0.0562707	253886	243095	-4.16713
0	-0.00764136	0.280022	245540	67584	0.103327
0	-0.0106483	0.248	233458	130715	-1.02598
0	-0.00136314	0.19558	233960	181079	-0.96537
0	0.00416616	0.14218	239688	214912	3.34535
0	0.0506295	0.122716	242224	220307	3.38771
0	-0.0173937	0.0628263	235502	223923	-4.54131
0	0.0041911	0.0537477	251036	242009	2.70482
0	0.0218468	0.0500212	237578	231268	1.2562
0	-0.0180434	0.0294249	235786	230898	5.53146
0	-0.00241966	0.265402	247190	68256	0.0994398
0	-0.0107406	0.220956	238536	138620	0.426226
0	0.022196	0.154971	239246	180041	-0.332758
0	-0.0112271	0.119158	241326	213808	1.17597
0	0.00586863	0.0911294	242766	228236	0.571808
0	0.0173388	0.0712236	239864	228753	-0.87858
0	-0.0122513	0.04424	236610	229467	-2.01703
0	0.00970551	0.0587376	244840	239427	-0.572762
0	-0.0376695	0.0398236	261776	257727	2.78624
0	-0.0473008	0.268272	255450	71839	0.349663
0	-0.0396341	0.219957	231140	139650	0.0518034
0	0.0203844	0.20385	229412	177187	-0.196393
0	0.0320293	0.147156	241106	207089	-0.573743
0	0.0086686	0.0846029	259552	248045	1.39329
0	-0.013437	0.112504	245534	231507	-2.98506
0	-0.012153	0.0408452	246702	239382	-1.25111
0	0.0285775	0.0281987	260604	256212	5.1915
0	-0.0364367	0.0143145	248206	245718	-4.44739
0	0.00281577	0.201828	242134	82952	0.214583
0	-0.0179403	0.249099	250632	147129	-0.0442186
0	-0.0441533	0.17569	237222	180594	-0.137536
0	-0.0134629	0.152445	246728	215398	0.313668
0	0.0171769	0.084948	242022	226824	-0.492902
0	0.0322067	0.0612676	240356	230417	-0.985153
0	-0.0126747	0.0468287	248718	243721	0.309849
0	-0.0138788	0.037293	249314	245916	-0.771389
0	0.0278068	0.0321978	248572	246095	-3.5532
0	0.00449559	0.260182	251928	77961	0.0983375
0	0.0610132	0.216756	233010	142614	0.223226
0	0.00382915	0.165287	244362	196635	0.329078
0	0.00387677	0.131963	248902	209504	-1.44388
0	-0.000841248	0.0887887	254334	232776	-1.22914
0	0.00931676	0.0721915	240430	227407	-3.40143
0	0.0335322	0.0591384	252760	245126	-0.717928
0	0.00483969	0.0340136	247992	244430	-3.79656
0	-0.0239101	0.0178431	245250	243107	0.118893
0	-0.0168701	0.283041	232290	66846	-0.171462
0	-0.0379425	0.218246	249608	155938	-0.225802
0	0.0192397	0.170577	250106	204908	-0.657929
0	0.0235874	0.156769	247890	221240	-1.03834
0	0.0278551	0.138908	235762	209344	0.679999
0	-0.0198141	0.115503	239102	226240	0.894945
0	0.0331571	0.0693375	250252	240638	-3.34854
0	-0.00486699	0.0379565	255724	251848	0.731123
0	0.00274274	0.029237	248252	243952	-2.4669
0	-0.011847	0.259538	255916	26818	0.239802
0	-0.0316075	0.246101	226218	51357	-0.679056
0	-0.0128397	0.207158	231866	78975	0.808384
0	0.0769243	0.211454	233660	83047	-10.8785
0	0.0259226	0.169377	240908	107871	-0.208253
0	0.0107406	0.142019	249970	116604	-12.7951
0	0.0511763	0.0834919	251066	122706	-4.7112
0	0.0109099	0.0937258	233512	113063	-0.770405
0	-0.0031389	0.0820613	231006	114375	-12.726
0	0.0297052	0.262511	250140	45006	-0.0965867
0	-0.0118741	0.20964	241324	94447	0.984819
0	-0.0359751	0.169757	239624	129197	5.07142
0	-0.00509584	0.187737	238214	146528	-0.154036
0	0.0130624	0.111123	258782	187969	2.30962
0	-0.0051567	0.102111	239328	181601	2.77562
0	-0.0328829	0.0751203	236008	176545	0.672815
0	-5.78574e-05	0.0537732	239886	182384	0.347698
0	-0.0136325	0.0451633	245590	193415	-2.99249
0	0.0507912	0.238768	242938	57252	0.00361876
0	-0.000893989	0.236531	248646	134490	-2.36918
0	0.0232271	0.188355	236720	166982	-1.33306
0	-0.0309662	0.190355	239144	183102	1.06231
0	-0.00793052	0.115642	230490	190602	0.595892
0	-0.0333341	0.11427	254016	218146	0.271503
0	0.00448282	0.0336311	250322	234036	7.62823
0	0.0168793	0.0730802	257638	236799	-3.40196
0	-0.0301154	0.0324975	252888	234637	7.10252
0	-0.0311754	0.269185	241510	69698	0.23583
0	-0.031988	0.246043	250852	140838	1.82876
0	0.00826388	0.17331	241894	180382	0.505883
0	-0.0234922	0.205308	246750	195425	-3.17227
0	0.0343452	0.163488	249426	220904	-5.37659
0	-0.017001	0.120275	236516	216847	-0.630737
0	-0.02703	0.077654	240186	226885	-5.2577
0	-0.0277033	0.068786	251644	238333	4.40789
0	-0.0124943	0.0375177	252876	246594	-3.50502
0	-0.0236658	0.250026	245232	73886	-0.0518489
0	0.00328994	0.275261	235072	129116	0.516098
0	-0.0322414	0.195574	238260	188848	-0.671238
0	0.0187974	0.121016	243124	214819	-1.49912
0	-0.0264617	0.183301	242380	209827	-0.13535
0	0.0450313	0.0787006	249318	229652	5.66168
0	0.0157294	0.0509226	247468	237927	3.23618
0	0.046913	0.0705987	252282	238636	1.48259
0	-0.0042922	0.0634983	230718	220370	-9.78948
0	-0.000687108	0.231831	241060	78333	0.269558
0	-0.0519276	0.24777	248524	140922	-0.553678
0	-0.0399195	0.188252	230948	175405	0.00557297
0	-0.0284735	0.141347	228870	198302	-2.18543
0	0.00422237	0.0943636	234394	215889	-0.696989
0	-0.0118383	0.074003	243974	234552	2.97985
0	-0.00671557	0.0455683	254872	247263	-1.49348
0	0.000159168	0.0271508	247902	244167	-4.79368
0	-0.0147976	0.0367595	238106	233318	0.854105
0	-0.0204734	0.251511	247716	62797	0.019615
0	-0.00653851	0.249949	240854	136703	0.171718
0	-0.0354924	0.213437	244058	185613	0.706031
0	0.00181889	0.153833	250812	216586	0.16451
0	0.0370527	0.112418	235740	223088	-2.86975
0	-0.0270192	0.0703969	232066	222604	-0.35814
0	-0.018699	0.0763873	233694	225822	2.95409
0	0.00537743	0.0181155	257928	255191	0.988772
0	0.00827219	0.0190717	251300	246882	-0.412451
0	0.0197196	0.261742	240836	72604	0.100691
0	-0.0152905	0.220837	239366	126125	1.4208
0	0.0426907	0.214036	244722	177130	2.54727
0	0.0197771	0.172869	247806	222777	0.592426
0	0.0704778	0.137676	249856	229410	0.220766
0	-0.0344052	0.0705584	237696	222561	-2.40284
0	-0.0321878	0.0472135	238218	232706	-3.80737
0	-0.002625	0.0383461	245434	238069	1.06423
0	-0.00976749	0.00731413	251512	250429	0.312487
0	0.0253753	0.254794	232436	75942	-0.446187
0	0.0206007	0.230958	226614	109510	-0.40781
0	0.0482399	0.190752	227352	174065	1.98525
0	0.0135984	0.144259	237806	204821	-0.749925
0	-0.00504667	0.101236	219828	206944	-0.221848
0	0.00212657	0.0858022	238274	229122	-1.75124
0	-0.00520773	0.0315878	248332	243887	2.82172
0	0.0174906	0.0132871	261412	259164	-0.673988
0	-0.00202471	0.0245805	241198	237322	-2.1897
0	-0.0121319	0.216497	236266	19950	-0.229901
0	0.0417522	0.227522	254570	48748	1.48512
0	0.0128347	0.21615	228418	61556	5.05932
0	-0.0134982	0.200294	227290	64326	5.47193
0	-0.00901193	0.19126	256132	92195	5.27387
0	0.040133	0.167721	244810	83700	-1.87796
0	0.0379643	0.116492	229176	100721	-0.873939
0	-0.00523154	0.0814118	236492	95199	-0.506164
0	0.022778	0.100103	239056	104151	-16.8038
0	-0.00576845	0.276374	230016	31786	0.0332945
0	-0.014199	0.226004	245686	84150	2.49099
0	-0.0375284	0.215719	254518	122203	1.15606
0	-0.015508	0.210795	241302	125180	-2.11275
0	0.0265806	0.125532	237052	142346	2.43901
0	0.00878507	0.138728	236252	150567	-7.54266
0	-0.0312988	0.0775655	230996	153198	4.27643
0	-0.00410956	0.0465117	231986	155483	-7.70428
0	-0.0138909	0.0482459	243280	167077	1.20753
0	0.0357558	0.269112	248824	52888	0.149136
0	-0.0082772	0.203537	251764	126588	-2.38292
0	-0.0400583	0.170536	241526	149950	1.96373
0	-0.00550232	0.126749	235292	165808	5.77328
0	0.0306196	0.105716	255212	200911	0.497439
0	0.00459911	0.0900036	254154	195418	-0.203609
0	-0.0334555	0.0517528	244620	205457	-0.771851
0	-0.00195561	0.0448796	235284	196423	-2.32925
0	-0.0309989	0.0363113	238330	202093	-3.41781
0	0.00975399	0.230518	255884	71671	0.00106692
0	-0.0387473	0.252734	256058	128812	4.32767
0	-0.00304072	0.195324	243820	164999	-5.74526
0	0.00494646	0.172678	242074	185667	0.241741
0	-0.0241933	0.104656	230216	194617	1.85157
0	0.00454586	0.0805553	236756	212274	4.10421
0	-0.0117363	0.0435872	247826	226901	0.50633
0	-0.0143746	0.0911992	255936	234185	-2.66178
0	-0.0211047	0.0516176	236124	219022	-1.08185
0	0.041277	0.255557	244130	68913	-0.177809
0	0.0246646	0.175277	237906	138451	1.9301
0	-0.014422	0.176539	229930	179352	-3.08218
0	0.0424966	0.198085	239072	195538	-1.40302
0	-0.00580924	0.112984	235396	208062	-0.136863
0	-0.00478492	0.110501	236254	210861	-0.00609851
0	0.00545713	0.0560618	246330	232674	-7.12918
0	0.0269657	0.0519435	256706	245821	3.58839
0	0.0154336	0.0382989	249910	242026	-1.16085
0	-0.00707807	0.211855	234622	67603	0.351357
0	-0.038999	0.236553	252358	165475	0.610544
0	0.00283219	0.183477	246974	188585	-1.21711
0	0.0120193	0.128659	236512	193761	-0.938964
0	0.000410366	0.12876	243340	213088	2.1793
0	-0.0162449	0.0705357	239624	230024	0.324521
0	0.0129621	0.0716999	250932	236716	1.61774
0	-0.0261012	0.0725761	249982	238094	-3.60148
0	0.00164993	0.00691042	244518	242056	-2.04678
0	0.0114625	0.277526	238770	59190	0.0654937
0	-0.0189073	0.207747	246560	139377	1.10801
0	-0.00604039	0.175691	254232	203559	-1.98949
0	-0.00694872	0.129932	244118	214575	-1.203
0	0.00932613	0.135335	240146	219691	0.5
0	-0.0482418	0.0868961	229244	220195	0.78968
0	-0.00268357	0.0512512	244560	236020	6.65194
0	-0.0404799	0.0580404	234064	229123	4.54257
0	0.0195195	0.0266972	233828	229845	1.33421
0	-0.00268188	0.228733	245216	80419	-0.125249
0	0.0411005	0.233041	235042	148627	0.527407
0	0.0091637	0.195148	246522	183061	-0.423177
0	-0.00969832	0.113019	254284	223336	1.97739
0	-0.0384452	0.131577	244108	229212	0.512442
0	0.0253073	0.0644854	227902	221367	2.66106
0	0.0510246	0.0297924	257586	253477	-0.636277
0	0.00181101	0.0379374	250700	245652	-1.16228
0	-0.00606624	0.0357174	234096	229574	0.222523
0	-0.023937	0.208464	230556	72764	0.0766808
0	0.0268347	0.221006	249076	132075	0.275024
0	0.0308729	0.166716	242154	188589	-1.15275
0	0.0069271	0.0970523	248910	221837	-0.968915
0	0.0408675	0.108138	233792	213963	1.27185
0	0.0203356	0.0790573	234940	226995	-0.163869
0	-0.00560459	0.0444874	231806	227730	1.25271
0	0.0133424	0.0506388	249196	242865	-0.309706
0	-0.0122035	0.0184834	249826	248156	3.91484
0	-0.0326483	0.256078	257450	21211	0.10131
0	-0.0381243	0.227447	243188	43926	2.64116
0	-0.0124306	0.205388	238210	49359	2.29069
0	0.0428384	0.213963	228454	52733	3.32952
0	0.0343533	0.165916	257950	80693	0.875007
0	-0.0151038	0.150125	250172	83680	14.0424
0	-0.0269173	0.132246	237382	83302	-0.340032
0	-0.0569479	0.106372	240550	87819	4.55843
0	-0.0342112	0.0480528	245214	88222	0.20881
0	0.060454	0.231934	229138	32090	0.04887
0	0.0201881	0.257262	243856	67460	-1.88026
0	0.00319671	0.228111	242370	102377	7.25668
0	0.018649	0.194547	245794	103973	2.61162
0	0.045207	0.0888273	243498	131618	7.48955
0	-0.017702	0.0952533	246184	142057	4.92539
0	0.0252315	0.0938493	234458	132963	-7.68771
0	0.0142629	0.0381934	248086	145360	-8.3381
0	-0.0332913	0.0706559	256734	151970	6.96535
0	0.00956139	0.20777	246932	48163	-1.26599
0	0.0336954	0.224687	228830	96260	-1.90755
0	-0.0458625	0.165897	249818	145058	-0.54497
0	0.0333288	0.162615	251508	160766	1.76259
0	-0.0173344	0.141819	243866	158044	5.85248
0	0.0060015	0.0730402	241482	176974	5.71781
0	-0.0362753	0.0669375	240360	178360	2.65552
0	-0.0248577	0.074403	241066	179365	3.65687
0	-0.0205965	0.0377734	230572	179332	11.3727
0	-0.037182	0.25563	240050	53043	-0.35553
0	0.00676515	0.240341	242394	121316	0.448505
0	0.0107842	0.172018	246854	163291	1.18184
0	0.0644005	0.179719	246330	179876	-10.0657
0	0.0557668	0.121741	254616	201376	-0.956698
0	0.00196737	0.0897086	243716	196306	-4.76034
0	0.0190887	0.0963348	255338	210243	2.39296
0	-0.00904469	0.0613786	244644	208171	8.83927
0	0.00842391	0.0313041	248136	217921	3.0926
0	0.0249774	0.225798	241716	72152	0.136698
0	-0.0241253	0.251814	230726	105860	-1.3091
0	-0.0445968	0.255785	241282	154801	-0.752012
0	0.0246942	0.139484	246168	191410	3.78061
0	0.00927945	0.144171	238046	197188	2.85774
0	0.0303629	0.119959	242392	202886	-3.48556
0	-0.0155142	0.040091	250210	234225	1.03697
0	0.0156916	0.0425248	224990	206732	4.06395
0	0.022068	0.0522355	240436	224144	1.89224
0	0.0291213	0.246522	241218	64806	-0.295515
0	0.0127124	0.225933	245438	145689	-0.557545
0	-0.00852521	0.184689	241744	172874	1.82237
0	0.0399945	0.164004	237230	204950	1.26378
0	0.00111491	0.105257	252678	227021	2.46013
0	0.00908798	0.0730099	255580	236507	1.13679
0	0.0268442	0.0504228	252464	239485	-0.820779
0	-0.00374127	0.0263151	261034	251948	-5.62731
0	0.0412136	0.0450884	250136	238772	-5.70505
0	-0.0446813	0.239054	231970	69597	-0.196506
0	-0.00404651	0.239296	234144	122893	0.768428
0	0.0201739	0.225306	234200	176679	1.68918
0	0.00976057	0.177044	229528	186223	0.626128
0	0.0180835	0.148298	245982	218576	-0.738131
0	0.00708098	0.0713342	247362	233607	0.158525
0	-0.0255232	0.0617098	237580	225242	-6.93804
0	-0.00887255	0.0381051	253520	245003	-0.886122
0	0.0187392	0.0167103	253114	249100	-7.35928
0	0.0154288	0.239531	247664	78500	-0.0706855
0	0.0157792	0.224707	255728	159526	1.04407
0	0.0292646	0.209646	238242	174619	0.104647
0	-0.0127569	0.112187	234528	204953	-1.29967
0	-0.000224706	0.0780761	252290	232289	1.59042
0	-0.0260048	0.0712899	227970	214365	0.23141
0	-0.0515316	0.0440282	255140	242163	0.471206
0	0.0434993	0.0420198	245002	239338	-2.91211
0	-0.0157262	0.0236832	239338	235139	2.65839
0	0.00460825	0.242114	233430	68653	-0.316804
0	-0.0178093	0.233353	239012	135216	-0.142084
0	0.058016	0.228172	250086	196269	-0.27713
0	0.0194759	0.145509	261244	224674	-0.268782
0	0.0354777	0.106934	237476	218993	-4.50529
0	0.0488102	0.0722519	243148	232216	-2.51424
0	0.026827	0.0340353	232750	224213	-0.362393
0	0.0133911	0.0402585	251376	245694	1.74843
0	0.0207457	0.0151243	237560	235262	3.88312
0	0.0168237	0.235856	256268	18227	-0.439777
0	0.0172274	0.243311	234440	32264	-0.718169
0	-0.0243665	0.205478	232852	41278	1.94849
0	-0.00386426	0.210486	260140	58039	-0.480867
0	-0.0446331	0.221334	248060	57403	7.61455
0	0.0101514	0.206801	241530	67761	3.29331
0	0.0312769	0.131656	236044	71337	-4.91443
0	0.0308861	0.177458	241342	71418	-6.9767
0	0.0268061	0.114793	248486	77816	9.98479
0	-0.00019423	0.265952	249106	27195	0.110753
0	0.00896926	0.230287	246988	56077	-3.03947
0	-0.0257141	0.214138	241690	68437	-4.91071
0	0.011768	0.222944	231148	85587	1.51463
0	-0.0128176	0.133275	241950	117284	-7.13361
0	-0.0150549	0.145077	241108	116463	2.86593
0	0.0346301	0.118251	252664	128157	-3.61934
0	-0.00061148	0.085352	237484	125175	-6.15312
0	-0.0316761	0.0674801	250556	131983	-1.9516
0	-0.00623479	0.244292	249482	43000	0.130771
0	0.0388367	0.24548	241404	78452	-0.275035
0	0.0131064	0.213325	247734	117591	0.562786
0	0.0269699	0.204133	216456	105174	4.59632
0	-0.00432387	0.083558	237054	150164	0.230913
0	-0.0260103	0.14198	251436	161016	-2.70015
0	-0.0509838	0.0944728	233960	160780	7.59344
0	0.0213404	0.0894048	245312	165476	8.61687
0	-0.0550326	0.0377637	241596	175065	12.2911
0	0.0334135	0.226885	246978	58917	-0.868208
0	-0.00861903	0.233109	235658	105881	0.478919
0	-0.0113756	0.177567	239838	144869	-1.1035
0	-0.0568399	0.182556	245164	158356	4.54081
0	0.00421257	0.116332	251034	183378	-2.05842
0	0.00221491	0.0554783	239136	187065	8.83832
0	0.00879165	0.0698271	253768	196609	-1.72124
0	-0.0202049	0.0649728	237308	186244	1.11339
0	0.0451868	0.01392	252232	208649	1.17305
0	-0.0102825	0.282728	236648	46334	-0.521795
0	0.00705604	0.256331	248216	106518	-0.895895
0	0.0252072	0.19681	240980	160488	-5.23467
0	-0.00738088	0.140615	237906	184646	-0.904186
0	0.00863279	0.135013	235886	192140	-1.92615
0	0.00855503	0.0758741	259458	227485	1.42614
0	0.0141307	0.0535082	248044	217397	2.87197
0	0.00999077	0.0538474	251272	221533	-1.12391
0	0.0130369	0.0369377	239658	216578	7.24321
0	0.0119245	0.227747	254638	79957	-0.112914
0	0.0323529	0.233236	237964	131405	-1.63365
0	-0.0707193	0.170451	248776	187200	1.68053
0	0.0291931	0.118017	244312	199038	0.344755
0	-0.00691047	0.0922479	252192	223446	0.959712
0	0.0155527	0.0673738	244122	222758	4.04575
0	-0.0594169	0.0377182	235604	218577	-4.65323
0	-0.0555684	0.0365879	251554	236210	1.27748
0	0.00144315	0.0477845	238864	224015	0.831383
0	0.0187003	0.218044	231130	77855	0.0351859
0	0.0123976	0.250255	239314	127041	-0.411326
0	-0.0365644	0.163934	235268	174825	1.75909
0	-0.0232575	0.135645	213588	176741	3.09338
0	-0.0163692	0.100551	239722	212558	1.39257
0	-0.0104245	0.0926569	239760	217549	-1.31958
0	-0.0113059	0.0647209	230420	211434	1.73166
0	-0.00727123	0.0446271	236194	223743	4.33465
0	0.000161578	0.0322836	255116	247835	-1.37467
0	-0.0259115	0.242342	230234	63591	0.0441444
0	0.0110058	0.217046	261180	149198	-2.10324
0	0.0709731	0.243534	230522	167864	-1.71663
0	-0.0129587	0.171179	231944	181138	-0.32548
0	0.0108099	0.121778	244220	217683	0.638326
0	0.0385471	0.0755852	229618	215897	5.26451
0	0.000138626	0.0301976	252866	245034	-0.559589
0	0.0622342	0.0262367	255854	249940	0.317188
0	-0.0623008	0.0198099	232404	229204	-3.6832
0	0.0463202	0.229482	256364	78244	0.19487
0	-0.0239875	0.242381	253680	161286	-0.123172
0	0.0214281	0.178927	235522	185407	-0.226695
0	0.0179995	0.126761	241830	211698	0.279077
0	0.0344403	0.108976	242040	221807	1.62903
0	0.0240063	0.0754405	245726	230267	2.90454
0	0.0107191	0.0325253	234808	227947	0.256273
0	0.0289123	0.01588	239128	236711	0.0989004
0	-0.000787975	0.0220369	230578	227534	2.97036
0	-0.0170559	0.247006	251844	12411	-0.255668
0	0.0237202	0.230921	247522	27632	-0.756595
0	0.0585508	0.263732	248122	34434	-0.503259
0	0.0420701	0.204081	255602	52396	2.70612
0	-0.0106986	0.182035	233008	50858	4.81564
0	-0.0403503	0.204163	212734	49353	-4.24825
0	0.0049147	0.144838	246326	67373	-4.31069
0	0.0337415	0.11451	247356	67111	-6.86734
0	0.033969	0.0858119	235814	63328	-3.12164
0	0.0351923	0.25344	255332	24955	-0.705727
0	0.0479096	0.234778	260146	63904	-1.00955
0	0.0155665	0.206553	248514	84118	9.23244
0	-0.0419805	0.21621	233132	84464	8.17654
0	0.0224804	0.173683	250872	98443	-8.17663
0	-0.010697	0.168653	243348	103364	9.04884
0	-0.00213935	0.10499	253650	122343	-2.58079
0	0.0263133	0.0812672	239592	117696	-6.5057
0	-0.0282107	0.0566527	242726	113086	0.227317
0	-0.00626654	0.304893	250354	35570	0.252281
0	0.0184153	0.242269	257702	77670	-0.50567
0	-0.0508403	0.20628	242604	104030	11.0696
0	0.0217319	0.164595	217188	108624	1.94041
0	0.0161209	0.144348	236264	125964	3.89188
0	-0.0300939	0.145728	242406	147087	17.3396
0	0.00426872	0.101618	253060	151068	1.53911
0	-0.0236377	0.0878032	237318	146182	-0.904882
0	-0.0235299	0.0459167	248874	157794	-15.154
0	-0.0285325	0.254323	245882	39129	0.503393
0	-0.0294806	0.259432	257614	102843	-1.93005
0	0.0448987	0.220899	248180	122526	-5.30336
0	0.0161207	0.154023	236466	135366	6.24244
0	0.0413067	0.136098	242888	164122	-1.37457
0	-0.0145064	0.0770844	239502	169886	-4.64867
0	-0.00634228	0.0886643	253548	182648	-1.91999
0	0.00285369	0.0367559	255008	194375	7.16847
0	0.0142844	0.0353962	248270	193621	2.77637
0	-0.0273568	0.276688	240790	45103	-0.0389266
0	0.0252749	0.213239	242552	106613	-0.431494
0	0.0279541	0.213392	243182	148291	-0.903525
0	-0.00758707	0.114642	240520	181921	-0.178729
0	0.0644424	0.119933	236958	180400	1.39675
0	-0.012381	0.0940607	242530	196698	4.2105
0	0.0377554	0.0935614	254050	206589	-0.635005
0	-0.00966889	0.046605	248624	214309	-0.366517
0	-0.0101942	0.0158345	256494	222627	4.20072
0	-0.00192711	0.227745	253966	70014	0.371955
0	0.0171482	0.194673	239710	117741	1.13743
0	0.00504167	0.211081	232998	140164	1.99566
0	0.0212304	0.160539	248478	186230	-3.73794
0	-0.00841443	0.096387	260856	212633	1.86321
0	0.0202288	0.0769097	258106	229042	1.82475
0	-0.0463593	0.0439174	246664	219949	4.02188
0	0.0197979	0.0672839	253710	223780	3.47262
0	0.0171293	0.035578	242222	222119	-1.73349
0	0.0197796	0.234856	241290	74154	0.13494
0	0.000276206	0.237851	238076	116873	1.82953
0	-0.0334025	0.188353	252514	181201	-0.627463
0	-0.013278	0.147776	235882	192744	6.95448
0	0.00281926	0.14367	237844	201177	0.306786
0	-0.000825439	0.101164	252466	225978	0.538788
0	0.00256566	0.109947	244690	217806	-1.38977
0	-0.0337529	0.028208	251740	236402	7.6044
0	0.000608253	0.0651617	249934	232338	4.39213
0	0.0280102	0.248133	248324	63283	-0.876691
0	0.0091427	0.247876	245452	137207	-1.60056
0	-0.00233918	0.182808	245258	184825	2.89919
0	-0.0025713	0.171109	243020	207826	-1.56602
0	0.00504676	0.0829562	237722	215465	-2.37268
0	-0.00778351	0.0634484	241896	223705	-0.490006
0	0.035902	0.0576752	227776	213835	-1.60752
0	-0.0122785	0.0438026	257442	245438	-3.28894
0	-0.0173175	0.0163029	256516	250101	-0.386152
0	-0.0019692	0.258152	239614	64183	-0.115051
0	-0.0315323	0.20531	241272	137527	0.420072
0	0.0144778	0.235008	248710	175847	-3.46205
0	0.0137428	0.12547	248328	205918	-1.42823
0	0.00411346	0.108533	235722	215644	1.85032
0	0.0413982	0.0968069	242004	224065	3.95946
0	-0.00323984	0.0532639	253460	242070	0.550637
0	0.0181205	0.0722169	260696	251293	1.9399
0	0.0335024	0.0148066	267808	264156	1.31837
0	-0.0421864	0.276843	244428	8703	-0.100373
0	0.0327559	0.220589	250436	19710	-1.96961
0	0.0401345	0.238147	232224	32220	-1.44923
0	-0.0249744	0.203481	234484	46995	-0.16511
0	0.0189209	0.226259	235614	52059	-4.73545
0	-0.000118046	0.210075	240426	49518	-1.60891
0	-0.0433708	0.116789	224870	51667	4.22089
0	-0.00195119	0.143034	246482	57706	-6.40222
0	0.0344578	0.142106	229638	58833	-5.84058
0	-0.0141575	0.269826	238954	22305	0.320146
0	0.0334972	0.262248	240888	35743	0.764352
0	0.00510737	0.25377	247884	63789	1.7333
0	-0.000773324	0.172106	241880	87733	-1.96352
0	-0.00834148	0.126629	250814	98125	-1.47123
0	-0.0136142	0.158135	238986	94580	6.52478
0	-0.0414645	0.127965	245822	100161	-15.2543
0	-0.00646184	0.0900229	249620	106747	-0.301663
0	-0.0170084	0.105479	233028	104132	2.39352
0	-0.0230264	0.255138	249556	38084	0.447574
0	0.0173788	0.258652	261396	57978	-1.16303
0	-0.0526267	0.16831	242072	109851	6.53367
0	-0.0260678	0.14998	226732	106781	11.1854
0	-0.0548098	0.171034	230470	114613	4.3782
0	0.0112973	0.0992758	254344	141859	-4.41972
0	-0.0116783	0.0892673	242600	142341	5.56818
0	0.00378139	0.0583241	239212	136934	3.42652
0	0.00342691	0.0167238	241848	143730	-12.4461
0	0.00171128	0.258692	234896	30513	0.222756
0	0.00499664	0.206692	239786	90458	0.229691
0	0.0163903	0.224549	238252	112168	0.685563
0	-0.00575999	0.143347	247692	146214	7.62801
0	-0.0732143	0.127963	237022	147157	9.83934
0	-0.00254006	0.112333	254214	170245	18.6658
0	-0.0256244	0.0542389	236254	159691	4.36206
0	0.0229181	0.0558433	240194	169133	-0.0763336
0	-0.00599166	0.0220696	249942	183018	-0.393088
0	0.0126341	0.253655	258380	64711	-0.753821
0	0.0125233	0.224576	247888	92393	-3.72672
0	0.0595104	0.248977	238796	109756	-6.27199
0	-0.000543657	0.200876	254906	155947	-0.264771
0	-0.0642457	0.181897	251910	179229	-5.0415
0	-0.0603388	0.0952876	261178	197425	1.6996
0	-0.0400775	0.0983378	237992	180165	-1.2493
0	-0.0204109	0.0575367	247634	191981	0.965301
0	0.00888856	0.0271454	251246	198995	7.28707
0	0.00865362	0.236181	253080	50976	-0.55598
0	-0.0665008	0.222812	235992	96390	0.188349
0	0.0150383	0.182704	239288	156431	1.93011
0	-0.0280484	0.148507	216824	162224	0.0573457
0	-0.00479917	0.0902953	242468	197057	-4.86555
0	0.0656934	0.0978376	248450	193408	-3.88166
0	-0.0337761	0.0675944	249642	214026	-3.33052
0	-0.0241283	0.0432938	241328	203437	-0.299567
0	0.0278825	0.0298431	251816	221161	-4.96771
0	0.00717287	0.21755	239690	59665	-0.502998
0	0.00894767	0.257472	247738	121491	2.15139
0	0.0033181	0.189311	248644	164578	-2.72213
0	-0.0147652	0.191741	240082	174657	2.15505
0	-0.0140523	0.114151	236196	194593	-3.5707
0	0.0133399	0.076947	252170	222380	-7.91853
0	-0.0194826	0.0330075	255698	232807	-5.29487
0	-0.0231838	0.052458	236136	211532	0.0971847
0	-0.00937471	0.0403501	242576	221204	8.2618
0	-0.0245848	0.277315	240474	53459	0.135173
0	-0.008532	0.257977	236410	110873	2.27428
0	0.0817343	0.162077	248398	173935	-2.84986
0	-0.0129116	0.140758	249504	201585	-2.55991
0	-0.0533294	0.148774	248132	210415	2.1175
0	0.0161465	0.0915153	254050	226674	0.69082
0	-0.0285934	0.0526749	252048	235996	3.26113
0	-0.0291752	0.0366887	254270	241366	2.36372
0	0.0476536	0.0150813	232294	222445	-2.5597
0	-0.0131129	0.241586	243830	62011	-0.0275356
0	0.0439331	0.210178	239446	137984	1.06697
0	-0.0348616	0.188134	260818	190054	1.48076
0	0.0192459	0.131226	247470	208157	4.79398
0	-0.00790922	0.0683365	242660	224890	-0.580852
0	0.0205491	0.146264	226044	193715	-3.60503
0	0.00591424	0.0721993	236260	222151	0.491337
0	-0.0125227	0.033984	239354	229967	-1.28113
0	0.00715625	0.0499583	236182	226872	-1.19329
0	-0.0168893	0.261025	243300	9119	-0.0480134
0	-0.0521632	0.264916	237740	17462	-0.220658
0	0.0151026	0.270246	235026	22831	0.644996
0	-0.0273865	0.221605	225410	29666	4.79765
0	-0.0335592	0.25308	224368	37393	-2.39215
0	0.0120046	0.186592	251096	48566	2.08225
0	-0.0540695	0.16967	243796	50966	-11.1237
0	-0.0937054	0.13661	215232	47600	11.5083
0	0.0403301	0.0876696	245058	52896	-10.7594
0	0.000817552	0.21676	252286	21229	-0.542438
0	0.00637336	0.249565	242316	35587	0.787496
0	0.0479842	0.244959	250858	52718	-2.35322
0	0.0128917	0.244538	251644	68066	-2.92409
0	-0.00192232	0.155651	233856	79652	1.38891
0	-0.0146546	0.115149	260700	96160	5.88657
0	0.017906	0.135438	232422	89894	4.7994
0	-0.0116578	0.0836936	244728	106292	-0.229827
0	0.00198069	0.0596423	251016	99274	-1.28328
0	0.0361896	0.254618	237266	31341	0.649603
0	-0.00769508	0.208035	244974	70280	-0.436574
0	0.0416013	0.251749	222948	62383	-1.1915
0	-0.0305276	0.151439	246302	112463	-1.45339
0	-0.0251668	0.0973823	241328	119780	1.73837
0	-0.0284869	0.133232	250558	122348	9.4562
0	-0.0327081	0.0909546	251242	130010	10.34
0	-0.0557425	0.10447	249190	130732	8.22769
0	-0.0382231	0.0154067	236902	131182	10.7429
0	-0.00241375	0.257997	253468	37377	-0.206798
0	-0.00804512	0.241975	240052	73737	2.78707
0	-0.0194394	0.176893	243366	104910	2.20244
0	-0.00322782	0.209683	227416	119740	-4.83163
0	0.0105827	0.146919	261020	151485	-8.38332
0	-0.0510577	0.0956504	234276	151532	3.56318
0	0.00389889	0.100052	240922	151729	-4.39337
0	-0.0563038	0.0697734	251804	170289	7.68095
0	-0.0539218	0.0334567	261344	180024	18.227
0	0.0446441	0.231872	243372	49395	-0.015164
0	0.000694497	0.23576	238074	92682	-0.187161
0	0.0395431	0.203493	236226	131355	-3.24089
0	0.0113495	0.179762	230088	148492	-0.797367
0	-0.0392201	0.167914	234860	152829	7.73062
0	0.00542817	0.135088	221928	151125	-5.12031
0	-0.0268361	0.0718813	240136	177530	2.03666
0	0.0188794	0.0560967	227230	171731	3.86066
0	0.0131147	0.0166259	244400	192818	5.09228
0	-0.0397308	0.26921	241046	42551	0.966797
0	0.0105308	0.250679	249274	95174	0.0216016
0	-0.00504379	0.245913	241414	135918	-2.25273
0	-0.00524114	0.185825	247796	162692	2.82377
0	0.0156997	0.16461	257374	187355	-2.79373
0	0.0136262	0.0475376	234242	188039	-6.82977
0	-0.0738959	0.110954	243418	188786	2.91287
0	-0.0111389	0.0223804	246030	208178	-1.13454
0	0.00524722	0.0229934	250998	211990	-1.54605
0	0.0361562	0.264647	257764	60727	-0.825639
0	-0.0254907	0.219794	262440	127295	0.709863
0	-0.0249169	0.239082	248518	157228	-6.88465
0	0.0240504	0.146796	247526	182854	-1.60538
0	-0.00874698	0.144008	255262	197329	-7.54447
0	-0.0260023	0.0640071	239282	205746	3.37006
0	-0.0416102	0.0445802	243134	210558	-4.3106
0	0.0197532	0.0551436	251532	223380	-0.320614
0	0.0291966	0.0112768	240094	216969	6.22221
0	-0.0133892	0.214177	243778	53555	-0.523911
0	0.0186559	0.229572	246648	133196	-3.07642
0	-0.011614	0.181822	226516	152683	0.410864
0	0.0572112	0.122807	249054	203726	0.0154422
0	0.015	0.0836702	246702	213965	-1.07921
0	0.0527854	0.0931725	253736	221081	-6.3025
0	0.005993	0.069415	248632	220535	0.975708
0	-0.020694	0.0369734	231902	212225	1.58062
0	-0.0129013	0.0235008	258326	239740	0.905728
0	0.0167265	0.258978	257518	69747	0.794569
0	0.0133658	0.280406	243654	118839	-0.223177
0	0.010714	0.192634	252002	178996	1.58812
0	-0.0424705	0.173509	230784	179685	0.488264
0	0.0350903	0.0904334	243956	217473	1.42438
0	-0.00880108	0.127106	244016	214606	6.5681
0	0.00977422	0.0298987	235946	222970	0.491972
0	0.0155366	0.0280034	246558	235448	4.15876
0	0.0297942	0.0196515	253190	243125	-1.36219
