0	-0.038323	0.249734	272310	18082	-0.279268
0	0.0177658	0.237987	284234	57761	2.3425
0	-0.0208288	0.206267	276278	80986	-0.25694
0	0.0346216	0.199844	274308	88019	-4.87036
0	0.0803025	0.211509	268326	99953	-2.21791
0	0.0250313	0.213937	274306	107959	-5.66669
0	-0.0204425	0.228109	278242	119960	-2.52398
0	0.000736114	0.200586	266282	119130	-5.80729
0	-0.00665985	0.148669	284268	137837	-7.25438
0	-0.0230371	0.288332	268284	20921	-0.0540794
0	-0.00974516	0.273199	278244	45129	-0.608297
0	-0.00827941	0.225868	254384	61968	-2.06905
0	0.0639083	0.220957	278292	95086	-1.54463
0	0.0257709	0.238623	274308	99762	0.306479
0	0.0489708	0.235957	276266	106985	1.80528
0	0.0129963	0.244731	274264	116747	-0.384647
0	0.0207103	0.208382	276274	128174	-8.67046
0	-0.0331765	0.193942	264326	128008	5.47039
0	0.0118449	0.237335	272312	20078	0.115202
0	-0.00136594	0.231211	274278	47895	-0.761159
0	-0.0136881	0.247943	268370	65934	0.463483
0	-0.0359909	0.214006	288242	89979	2.04161
0	-0.0273887	0.241257	268276	87951	2.86619
0	-0.039817	0.231934	274272	115092	6.30062
0	0.0303854	0.199088	282250	128847	0.578906
0	0.0190147	0.142835	260330	121099	-1.89978
0	0.0363623	0.172323	282246	132076	-8.37334
0	-0.015148	0.233252	278242	24784	-0.0990556
0	-0.0260485	0.276343	284258	39065	0.0157589
0	-0.00507653	0.255079	276272	63885	0.0814653
0	-0.0395296	0.225318	276256	85900	0.553611
0	-0.00820964	0.205799	270266	98964	0.784202
0	0.0147974	0.184556	276290	111886	-6.06678
0	0.0525233	0.18299	278246	126043	-0.0238122
0	-0.00623672	0.202875	254408	117123	-2.5529
0	-0.0213722	0.198474	284254	134525	10.3735
0	0.0211769	0.266702	280240	28982	0.0947518
0	0.00318228	0.224948	260322	40930	0.849063
0	0.00347299	0.274773	266338	68078	-0.476083
0	-0.00848228	0.236687	280228	76937	-2.46989
0	0.045198	0.208801	268304	96679	0.240822
0	0.0599505	0.224116	272272	122105	-6.30434
0	-0.0118641	0.199059	264362	118732	-6.50449
0	0.00840671	0.215983	282182	127598	3.61782
0	-0.0256455	0.159521	270310	127457	12.9108
0	0.0131006	0.29716	278304	21098	-0.0774423
0	0.0259114	0.247272	278244	50751	1.87419
0	0.0127238	0.26598	262342	53895	1.02342
0	0.0113216	0.216043	264322	78911	-2.11305
0	-0.0204956	0.232751	274292	104004	1.65026
0	0.0366115	0.24566	276310	114785	1.52624
0	-0.00916375	0.229148	284248	125952	1.83434
0	-0.022051	0.181082	262288	117128	2.15982
0	-0.0197627	0.174816	264338	130147	3.70338
0	-0.00443028	0.258023	266342	13990	-0.218231
0	0.0157285	0.271121	274278	36972	0.198191
0	0.00349889	0.257866	250430	60649	-2.11706
0	0.0533499	0.206195	284244	88750	0.281489
0	0.0322301	0.23375	266316	99845	-1.29902
0	-0.0208384	0.217229	284214	114945	-0.770202
0	0.0334146	0.182517	280244	116757	-5.68951
0	0.00260546	0.230274	278282	125312	6.83257
0	-0.0110213	0.168442	288198	135212	6.92169
0	0.0321102	0.257754	276262	19038	-0.131652
0	-0.0147172	0.221292	272302	35913	-0.744489
0	-0.00063982	0.287934	266358	67050	-0.988668
0	-0.00469699	0.277657	252410	74126	0.123115
0	-0.0178605	0.232375	276240	93460	1.6463
0	0.0537143	0.209335	272294	111826	0.901714
0	0.0506074	0.222745	270324	110246	1.13199
0	-0.0866452	0.222527	270342	126035	2.95927
0	-0.0160226	0.145957	288178	136826	3.80892
0	0.00528113	0.256568	270318	22837	-0.0218612
0	-0.0287132	0.227139	258366	48686	-0.0853135
0	0.0218838	0.290178	258388	57881	-0.00809768
0	-0.00450577	0.255889	262346	81991	5.92827
0	-0.0628823	0.202032	278260	98048	-0.893504
0	0.0192974	0.219414	282240	110400	1.35706
0	0.00243838	0.21582	236482	103948	-3.97282
0	0.015898	0.166321	278242	130151	-4.38551
0	0.0169583	0.139469	278234	135874	-13.5456
0	0.044546	0.237873	268310	22126	-0.28061
0	0.023237	0.256797	278220	45558	0.609302
0	0.0342519	0.259757	270318	63592	-1.37888
0	0.00708627	0.260399	278270	82027	1.30728
0	-0.0535664	0.232614	278258	106135	0.554625
0	0.0447458	0.202927	266338	107026	-9.85428
0	-0.0132162	0.208803	250402	102951	3.35135
0	-0.00726208	0.23816	276264	127854	-3.70571
0	0.0469943	0.160932	270300	123965	1.38694
0	0.02706	0.242223	272278	25923	0.455367
0	0.0508595	0.252047	282240	49013	0.78164
0	-0.0468269	0.217344	270308	76939	-1.45397
0	0.00352157	0.244224	284278	89463	-3.00787
0	0.0746437	0.245615	274274	103820	-4.60816
0	0.0124169	0.174574	280262	114799	-1.38112
0	-0.0113022	0.193998	266314	118289	1.32224
0	0.0246334	0.201349	290234	133087	-0.925018
0	0.0435612	0.197322	282224	134046	3.34874
0	-0.00227694	0.228446	274270	26066	0.140142
0	-0.00419165	0.273878	284236	46909	1.17991
0	-0.0127329	0.24137	258322	58016	0.419466
0	-0.0210923	0.220901	268294	83645	0.781728
0	0.0300633	0.255231	272266	98301	-0.141718
0	0.00249519	0.256024	278250	106023	0.634381
0	-0.0689213	0.16495	282274	122815	4.53866
0	0.0160598	0.158105	274304	130713	-3.77599
0	-0.0735697	0.218945	268322	126013	1.62575
0	-0.00828327	0.279756	272324	21864	0.295899
0	-0.0126846	0.262104	276296	48935	-0.415102
0	-0.00641427	0.237409	278280	74835	0.54997
0	0.0263977	0.230194	270344	86515	-3.32413
0	0.0521054	0.250906	280286	93271	2.94493
0	-0.0254854	0.203057	284236	113873	-2.11381
0	0.0370945	0.226934	268302	114870	-7.16619
0	0.0143338	0.197527	276262	130577	3.5101
0	-0.0281091	0.155836	274284	128307	8.55114
0	-0.00302614	0.266702	282222	23953	0.281385
0	-0.00988061	0.236818	266304	42898	0.168234
0	0.0258216	0.210756	272252	66886	-1.42044
0	-0.00891747	0.23612	268332	77655	0.483074
0	0.00589191	0.213968	260338	95726	0.564824
0	-0.0022975	0.24336	266302	103315	5.01232
0	-0.0214194	0.208673	272322	111704	0.733407
0	0.0199721	0.170888	274280	131257	-3.65273
0	-0.0478493	0.166111	266340	131298	5.84018
0	-0.0458905	0.269856	278264	23934	-0.0734169
0	-0.0374279	0.244189	278278	48075	-0.610059
0	0.0151095	0.249007	278286	75567	1.38609
0	0.0335298	0.243463	278256	84193	-1.0239
0	0.0186412	0.226543	278264	97974	-1.59848
0	-0.0139096	0.243751	276228	107366	-2.84329
0	-0.0259619	0.169449	274264	120646	2.89156
0	0.0121238	0.184366	286230	128972	10.1276
0	-0.006804	0.173068	262372	127107	-13.3372
0	0.00183239	0.203981	278296	34789	0.509599
0	-0.0203874	0.260066	278250	55941	0.6899
0	-0.0557162	0.248253	278282	63841	3.33136
0	-0.0201732	0.230785	266306	81602	2.32677
0	0.00631739	0.230018	282254	111718	2.76496
0	0.0280188	0.200318	280236	112326	0.271199
0	-0.0389012	0.224243	274308	123340	8.1778
0	0.00859453	0.192407	278248	128933	-7.5134
0	0.0330473	0.17957	288204	134758	-5.12537
0	0.0047012	0.261574	278254	22838	0.0366549
0	0.061996	0.237535	278268	42061	-0.0715879
0	0.0136143	0.232265	280240	73533	-2.60647
0	-0.0194797	0.224501	282244	77654	5.56305
0	-0.00421195	0.184205	278254	98981	-0.217933
0	0.00694905	0.185301	266324	104532	-2.69112
0	0.0367982	0.191834	272300	122322	-1.69771
0	-0.0188835	0.205263	272274	123043	3.32041
0	-0.042227	0.159075	264346	127629	5.61398
0	-0.0179515	0.285062	264374	21898	0.152973
0	-0.0382973	0.235021	260362	45025	-0.119353
0	0.0220218	0.246432	272190	68999	-1.49255
0	0.0242731	0.292562	264350	68855	-1.24404
0	0.0182228	0.251596	272272	97063	3.56967
0	-0.0378634	0.231581	270310	114764	6.30974
0	0.00520407	0.216466	282224	126204	5.03737
0	0.0319007	0.173759	276258	119939	-10.2992
0	0.0118932	0.170126	280196	136053	-5.21204
0	-0.0119502	0.258697	274304	18974	0.270749
0	-0.0349879	0.247508	262340	40874	0.335064
0	-0.00933032	0.221645	278282	70789	-0.244434
0	0.0434742	0.259854	262336	78123	-0.843491
0	0.0286857	0.223376	280270	97914	-1.03717
0	-0.0445483	0.210826	264334	108051	3.7916
0	0.049456	0.161625	262366	120252	-4.19508
0	0.0185431	0.181999	268274	124478	-3.06036
0	-0.0430641	0.163185	274288	131016	-0.748466
0	0.027954	0.261507	268352	19119	0.428779
0	-0.0160092	0.225411	270326	40960	2.22538
0	-0.0119029	0.215692	274262	59241	-2.15024
0	0.000849979	0.25325	264336	81739	-1.93778
0	-0.000624572	0.20937	274302	107018	6.41571
0	-0.00380092	0.219598	268276	104311	2.36888
0	-0.0266534	0.163654	276238	120822	-1.19604
0	0.0285317	0.188742	290168	132599	-8.22916
0	-0.0371153	0.205447	280240	131039	4.05234
0	0.0503687	0.236853	270302	25065	0.130363
0	-0.00470105	0.249301	266360	50011	-1.22707
0	0.0202184	0.237006	278224	72962	-0.430435
0	-0.0177229	0.259908	268316	84812	-2.91069
0	-0.0185425	0.246291	268280	91965	3.77949
0	-0.0431463	0.231286	292194	120765	3.21517
0	0.0182896	0.172701	286216	122894	3.48619
0	-0.00142951	0.179828	278248	130190	2.09069
0	0.0360851	0.116583	286222	139926	-12.7576
0	-0.0297037	0.269669	258358	18950	-0.205676
0	-0.0309955	0.256692	262342	39113	1.53098
0	0.00341048	0.22257	282256	66821	1.9619
0	-0.0349737	0.280829	270306	74046	0.272199
0	0.0245754	0.254001	260310	94804	-2.44564
0	-0.0239282	0.216499	280274	123156	1.44742
0	-0.0487708	0.230832	280224	122684	1.26456
0	-0.0268698	0.166906	274336	121174	4.15784
0	-0.0106539	0.158225	284194	130215	-4.05714
0	-0.0240278	0.251974	290176	22845	0.0567454
0	0.00544411	0.285557	276266	45045	-0.130154
0	-0.041671	0.247337	276292	68973	2.15766
0	0.0128863	0.204266	276248	91850	0.274224
0	-0.0218353	0.313494	284252	95112	-1.5233
0	0.0543881	0.203763	268346	105073	2.85463
0	0.042507	0.181158	282260	119102	-4.7971
0	0.0670976	0.224492	276268	118846	-4.57277
0	-0.0262578	0.16401	274278	127499	-3.19981
0	0.000404571	0.233192	278280	24833	-0.0579457
0	-0.0536905	0.256673	282256	43984	-0.0248345
0	-0.0375397	0.233953	270320	65902	-0.708392
0	-0.0345757	0.224114	276278	91861	-0.354757
0	0.0135119	0.219448	262302	96812	-3.48385
0	-0.0268274	0.197197	280258	121671	7.47658
0	-0.0231018	0.2114	264314	112133	3.4224
0	-0.037344	0.244202	278258	124070	6.45727
0	0.00487396	0.221495	274280	134393	-5.04737
0	-0.0190811	0.252018	282212	17025	-0.398076
0	-0.00462809	0.262659	266338	40084	-0.401406
0	-0.0375597	0.278869	276234	58994	1.32624
0	0.0115143	0.243155	290198	83882	-2.74412
0	0.0269696	0.239212	278268	97606	0.15518
0	-0.0264289	0.196355	272282	113772	-0.535225
0	-0.0145284	0.27995	264374	114043	1.70291
0	0.0302779	0.130971	274288	126228	-6.48136
0	0.00507518	0.194593	280274	130101	0.546649
0	0.0218257	0.262978	268324	17162	-0.531136
0	-0.01698	0.228198	272268	47054	1.92763
0	0.0537033	0.281078	260358	52836	-0.756504
0	0.0294009	0.24422	270368	92762	-2.29474
0	0.0576327	0.245666	264320	97295	4.07431
0	-0.0400509	0.213581	262334	105365	-0.709147
0	-0.0535891	0.195806	274268	124782	2.61302
0	2.81398e-05	0.16102	268348	125887	0.268291
0	0.000572539	0.147411	278236	133812	-2.78952
0	0.0251312	0.255655	274294	28013	-0.372971
0	0.0221193	0.246054	266300	28900	-0.86339
0	0.0516052	0.248321	266320	69690	0.975667
0	0.0124508	0.230552	274274	79752	-0.405651
0	-0.00579472	0.24171	276264	100790	0.00256632
0	0.00702671	0.223403	272286	109924	-3.22128
0	-0.00961052	0.193209	268270	118005	4.14256
0	0.0181856	0.177102	272292	123893	-0.882494
0	0.0100683	0.245345	274298	125862	-5.8176
0	-0.012365	0.217865	268306	23057	-0.159991
0	0.0517535	0.231618	266320	48911	-1.51527
0	0.0346522	0.225367	274284	66136	-1.48595
0	-0.00407093	0.217893	276276	85884	2.64376
0	-0.00149525	0.232238	260348	94906	3.01887
0	0.0375455	0.212763	262368	111973	-1.10171
0	0.0219309	0.187966	280264	125961	3.93607
0	-0.0158473	0.208196	276264	127720	2.67857
0	-0.0240279	0.175116	270316	129682	-2.76201
0	-0.00532746	0.278567	256402	21993	-0.0990039
0	-0.00978594	0.234746	252346	39874	1.16707
0	-0.0349098	0.251433	272304	61064	0.37048
0	-0.017199	0.265779	260394	83051	-1.60546
0	0.0396265	0.234464	278312	96057	-1.47476
0	-0.0261551	0.232876	274266	108134	2.93938
0	-0.0101481	0.179973	284244	126127	-2.06879
0	-0.0151974	0.165515	276300	129140	-4.37794
0	-0.0316816	0.165908	280280	133405	6.54475
0	0.0358311	0.270805	264340	22989	0.126556
0	-0.0125959	0.226341	274282	49007	-1.08731
0	-0.0373731	0.23713	266344	67161	1.15818
0	0.00326332	0.217984	268286	80822	3.14358
0	0.0373661	0.197797	284242	116009	-1.52653
0	-0.0136094	0.215733	280256	111752	5.25893
0	-0.0458176	0.195366	262306	113877	2.93679
0	-0.0176994	0.184631	264328	123165	2.39388
0	-0.031762	0.17939	268290	131043	-3.18887
0	0.00853946	0.231859	274308	17156	0.365426
0	-0.0196058	0.26061	274206	36055	-1.41476
0	-0.0236931	0.259547	280278	68091	0.450452
0	0.0145215	0.238597	274274	83125	-2.63078
0	-0.0288858	0.209497	276276	106830	3.25931
0	0.041565	0.200992	266286	107763	-7.00154
0	-0.0449128	0.237194	266330	115062	10.4593
0	-0.0258552	0.195126	272296	124838	0.782404
0	-0.0389535	0.193743	278258	130268	4.27281
0	0.0409941	0.256252	276284	16006	-0.092948
0	0.0303969	0.206031	270314	48983	0.210428
0	-0.0210683	0.243474	274302	65853	-1.08829
0	0.0381562	0.26612	266324	81021	-0.100908
0	-0.000316304	0.239935	274236	97096	-1.78474
0	-0.0150747	0.237027	272302	103778	3.08083
0	-0.0189921	0.194892	276290	126217	0.205591
0	0.0486893	0.168799	286210	133180	-2.92868
0	-0.00118665	0.167285	270288	130957	3.82523
0	-0.00608709	0.213215	274306	22841	0.054062
0	-0.0381299	0.250003	268342	49966	0.349795
0	0.00125903	0.234947	274280	76980	-0.745156
0	0.0180159	0.240348	282224	85561	-2.73793
0	0.002728	0.248395	278276	95786	1.48401
0	-0.0192565	0.231204	284224	116825	1.22801
0	0.0105469	0.215122	272302	117031	2.34233
0	-0.0332291	0.216435	266358	121925	-1.4631
0	0.00634425	0.132829	278256	134703	-3.45507
0	0.011913	0.277499	286200	23019	-0.0696592
0	-0.0193649	0.228482	268292	47090	1.24531
0	-0.014158	0.234807	270258	75079	0.445796
0	-0.00794053	0.254912	276230	79867	-0.905455
0	0.00583915	0.231719	278272	98831	1.54609
0	-0.0281183	0.231949	276288	114892	-5.24736
0	0.0296794	0.189529	286186	123824	-3.05696
0	-0.0324043	0.224441	282272	128930	2.11988
0	0.0150341	0.136379	278282	137197	2.67983
0	-0.00315553	0.229697	280266	27046	0.0168462
0	0.0476435	0.246928	284252	56052	-1.43551
0	-0.000815951	0.261261	272288	65807	2.57072
0	-0.00720151	0.201965	266332	91624	1.22835
0	-0.0278536	0.258387	264306	93179	-2.66506
0	0.0338268	0.190042	272302	114033	0.105201
0	0.027157	0.174653	272292	121664	6.524
0	-0.00921069	0.1832	286236	129774	2.14424
0	0.00344471	0.189764	268318	128166	-2.63076
0	-0.0229754	0.211484	276282	19940	-0.211805
0	0.0281149	0.234705	280234	47024	-0.109028
0	0.0264895	0.232471	270298	64839	0.162254
0	0.0107345	0.219845	278242	91130	-2.11114
0	0.0430663	0.200915	276318	93998	0.612212
0	0.00979413	0.233004	276276	108323	2.99856
0	-0.0218259	0.201599	276294	123878	6.11911
0	-0.00831944	0.185084	258316	115179	6.18885
0	-0.0321079	0.193897	272352	124305	9.88617
0	-0.0348388	0.254836	252338	29017	0.758468
0	-0.0265461	0.227079	264294	38176	-0.832284
0	-0.00665028	0.205771	270310	66764	0.556597
0	0.0609431	0.224913	266294	89887	-2.10189
0	0.0394202	0.225187	264328	100142	-0.645082
0	0.0167397	0.232436	274252	109359	4.48936
0	-0.0566148	0.15659	270254	125044	8.56925
0	-0.00279906	0.166629	274304	122591	-11.6862
0	-0.0414156	0.15432	266362	129332	2.37013
0	0.0588816	0.234255	270274	23862	0.520591
0	0.0177232	0.262265	276288	41204	-1.14076
0	0.0284911	0.261939	264368	70916	-0.331636
0	0.0156237	0.242185	268320	81227	3.5192
0	0.0496489	0.170565	282246	100042	6.15696
0	0.0425274	0.179264	278276	111889	-13.1434
0	0.011569	0.179851	286272	129294	-3.58894
0	-0.0391346	0.144588	280214	134574	7.68115
0	0.0105688	0.167958	278234	133659	-6.19266
0	0.0051822	0.210335	290224	17152	0.0477682
0	0.029522	0.240446	274244	44090	-0.655529
0	-0.0469054	0.231543	268324	67129	-0.232114
0	0.0415465	0.243129	270318	90469	-0.702701
0	-0.0170768	0.238989	274284	90869	5.7752
0	0.0322341	0.189584	274256	104177	-2.15196
0	-0.0403957	0.170675	270316	124666	3.89163
0	0.00485819	0.207651	282208	128968	-5.25788
0	0.00584459	0.148718	272292	132742	3.4404
0	-0.0393378	0.256136	264316	17057	0.291196
0	0.00958693	0.247998	284246	52021	-0.398027
0	0.0219415	0.214209	268310	67554	-2.16533
0	0.0386046	0.282142	270246	77124	-2.32698
0	0.057382	0.219337	252370	91924	-1.44123
0	-0.0156632	0.209426	274300	112716	0.528839
0	0.0503282	0.183304	278256	126152	-6.97887
0	0.0308418	0.210107	284212	124652	-3.12667
0	0.0223553	0.16473	272318	129861	-1.08682
0	0.0229897	0.22948	268272	26952	0.733022
0	-0.029213	0.267066	274324	51993	0.217199
0	-0.0529201	0.27731	258370	54868	1.74496
0	0.0409536	0.228145	282218	81700	-1.09718
0	0.0210378	0.214204	278256	93682	-0.669772
0	0.0160703	0.285412	256400	101000	0.802237
0	0.025719	0.165375	268366	121109	-11.333
0	0.0252139	0.174895	272308	128213	1.20725
0	0.0364459	0.177015	264324	124233	-2.42111
0	0.02958	0.247937	278242	29095	-0.433133
0	0.00900941	0.241459	274240	46086	0.553358
0	-0.011862	0.232011	278238	62935	2.82341
0	0.0463392	0.237833	282228	86891	-0.639641
0	-0.00188757	0.248349	280292	102669	3.36087
0	0.0159514	0.228308	270262	104812	-0.922226
0	0.0289866	0.202653	282238	122688	-1.46352
0	-0.02348	0.143761	278280	127264	0.294319
0	0.0112494	0.190413	282258	132961	3.28421
0	-0.0453475	0.241368	278288	13067	0.00335045
0	-0.0026994	0.248146	274302	34966	0.364296
0	0.0212444	0.274217	280254	72682	1.36805
0	0.00258212	0.261482	272292	67058	2.77966
0	0.0144373	0.243664	276296	101047	0.355719
0	0.0189483	0.249896	274298	109111	-3.40168
0	-0.0297694	0.177878	282242	125907	-5.6642
0	0.0141851	0.207131	280194	132121	-7.80342
0	-0.02312	0.146238	268332	132193	5.19848
0	0.0149068	0.241104	262322	22928	0.0859233
0	0.021016	0.244728	272298	43753	-0.526955
0	0.0271033	0.266759	280270	71826	0.753011
0	-0.0110266	0.206786	276250	85825	-1.81875
0	-0.0167692	0.199851	268308	96020	6.55377
0	-0.0489064	0.189702	276228	114958	7.1019
0	-0.0642963	0.173435	272304	118215	4.3006
0	0.0701466	0.203521	256376	120134	-10.9063
0	-0.0544011	0.147293	280254	136008	14.2608
0	0.00444506	0.242575	278246	19097	-0.267847
0	-0.0147582	0.243572	274304	44955	-1.05742
0	0.0586071	0.258694	278254	59765	-0.454464
0	0.0131763	0.227366	268352	84984	1.62112
0	0.0130085	0.22672	246464	89205	2.23546
0	0.0463845	0.186263	280288	115901	-1.78655
0	0.0385974	0.184408	278270	124969	-3.89351
0	0.0368705	0.200147	290218	130401	-5.29538
0	0.00862957	0.157469	272254	128022	7.51797
0	0.0149639	0.234036	272336	19931	0.118174
0	0.0223937	0.243249	276266	55199	-2.26808
0	-0.0274477	0.206945	276270	70966	2.87285
0	-0.0116039	0.234862	276302	93804	1.84103
0	-0.0316453	0.243181	258334	88574	3.71822
0	0.0247488	0.242977	282222	116679	-1.0859
0	0.0188037	0.166918	280230	122199	-1.17246
0	0.0211139	0.284946	280218	126883	-4.04504
0	0.0973079	0.168412	276284	133869	-11.1657
0	0.000501506	0.26722	256356	14970	-0.0979681
0	-0.00279683	0.230798	270296	51134	0.49036
0	-0.0490493	0.227801	280266	52891	2.08986
0	0.0268498	0.258938	276264	85008	-3.00989
0	-0.0339614	0.221707	276286	97986	-0.790451
0	-0.00848583	0.227797	272286	114178	0.895209
0	0.0336888	0.231311	274256	114191	-3.33695
0	-0.017554	0.19359	274308	123690	-1.07037
0	-0.0509654	0.165098	282256	133160	3.83521
0	-0.00595969	0.245099	264350	27031	0.0482393
0	0.0362759	0.252896	272336	42968	0.493179
0	0.0160884	0.26025	282218	79889	-0.33183
0	0.0434753	0.258169	270312	74184	-0.355307
0	0.000407596	0.163886	276328	110137	-1.18853
0	-0.0391525	0.227291	268316	106321	1.24252
0	-0.0389376	0.23558	270300	114472	3.97958
0	0.0403234	0.242117	276272	126011	2.92198
0	-0.0249465	0.167509	278276	133136	3.26529
0	0.0316335	0.228742	262332	22077	-0.334218
0	-0.00147626	0.235734	272340	45038	-1.66391
0	-0.0128466	0.222726	260338	60899	-0.662188
0	-0.0510286	0.237531	270320	75777	2.79742
0	0.00743934	0.210364	268288	94297	-3.02645
0	0.0330987	0.185848	264364	111930	-0.426819
0	-0.0222784	0.177223	280216	123199	7.59976
0	0.0198482	0.215811	268338	123877	-10.9025
0	0.0128427	0.184393	280236	133996	10.8763
0	-0.0112608	0.286161	276270	19851	-0.228302
0	0.00465785	0.261027	272290	47578	-0.176438
0	0.011664	0.248015	254414	67038	-1.17171
0	-0.00223576	0.258515	280246	88092	-2.44772
0	0.0127798	0.227778	282238	95960	-3.17025
0	0.0283267	0.221905	278256	110923	-4.50535
0	0.0198978	0.185383	260334	113388	1.14184
0	0.0149215	0.220567	274278	127488	-2.60312
0	0.0731452	0.171222	272276	129744	-10.7893
0	0.00978981	0.22686	270292	32915	0.527484
0	0.0241468	0.251425	280264	52008	0.828194
0	-0.0606295	0.228149	280180	73809	-1.34639
0	0.0235562	0.225533	278294	85086	2.03584
0	-0.00808153	0.199505	278300	107362	1.31103
0	0.007557	0.184865	268314	112741	6.44446
0	-0.090563	0.157374	272288	121139	4.69061
0	-0.104485	0.196969	280246	127194	15.9526
0	-0.0037105	0.210652	274304	127928	2.37748
0	0.0195318	0.22003	270294	26092	-0.214279
0	0.015787	0.262395	250440	40904	-1.42815
0	-0.0258085	0.219979	276296	67205	-1.46771
0	-0.00542324	0.23451	282238	90628	-2.25691
0	-0.0056057	0.204726	264364	96025	-1.83648
0	-0.00495326	0.241477	276262	106354	-2.96095
0	-0.00341363	0.212373	282234	118269	-0.636011
0	0.0110619	0.162629	268294	125538	-1.16528
0	-0.0707738	0.167255	270296	126541	19.9059
0	-0.0269176	0.241314	272296	22011	0.345957
0	0.00192039	0.245495	262370	43813	0.622382
0	0.0601669	0.282218	266328	62463	1.52521
0	-0.0159491	0.267398	256348	78234	0.571639
0	0.0127762	0.234826	280246	98465	0.0484465
0	0.0408647	0.202679	264370	110428	4.56922
0	0.00638812	0.165952	276308	118975	-2.43444
0	0.0631083	0.226441	264318	116522	0.054931
0	-0.0308152	0.131193	268296	128659	-13.1289
0	0.0465879	0.229836	280268	22846	0.114551
0	-0.0257165	0.26111	282268	42233	0.395527
0	0.0214821	0.247111	264340	75709	-0.242901
0	0.0128345	0.221988	262374	81972	1.82858
0	0.0267848	0.217801	282252	105946	3.92569
0	0.0292858	0.234613	282262	114839	1.32069
0	0.0175149	0.171097	282224	120044	-1.78248
0	0.00945824	0.170516	266326	127992	5.93512
0	-0.00135631	0.157018	274268	131126	3.14086
0	-0.0193205	0.246714	278250	23850	0.423706
0	0.0178408	0.230851	276290	51245	1.00723
0	0.061425	0.262567	266366	69102	-1.36551
0	0.0509333	0.207455	284246	81024	0.0471638
0	0.00285933	0.193227	256356	91940	0.74825
0	-0.0379209	0.22816	266344	104890	-4.97704
0	-0.034465	0.200769	264336	115172	7.50322
0	0.00558259	0.180688	280268	129747	1.58033
0	0.047303	0.134779	284236	131898	-7.12186
0	0.0335623	0.252928	254390	26898	-0.216703
0	0.0387745	0.23981	280272	44932	1.73098
0	0.0457502	0.235991	278266	72095	0.177312
0	-0.0217508	0.255067	280188	86057	2.10761
0	0.00642566	0.212462	288240	103078	-3.36022
0	0.0283567	0.241294	268354	105795	-2.66726
0	-0.0131355	0.224402	276236	117800	0.718053
0	-0.0364253	0.214768	276238	122250	12.3159
0	0.00402212	0.183956	290212	133707	-9.44253
0	-0.00578259	0.304635	272324	23969	0.107094
0	0.0195012	0.251944	278286	49008	-0.831437
0	-0.0123166	0.238038	274260	68107	-0.487562
0	0.0254864	0.221054	274258	82406	0.814072
0	0.0206105	0.241018	268316	88930	2.545
0	0.0321662	0.242856	274298	105322	-1.33845
0	0.0113587	0.240791	272310	116339	-0.587873
0	-0.0389636	0.259055	282242	127717	3.69289
0	-0.0670225	0.161642	286234	136551	-2.10621
0	-0.0270297	0.25493	284254	26031	0.0525654
0	-0.0394575	0.26883	268328	47236	1.06304
0	0.0249702	0.264905	264298	69131	0.675199
0	0.0299891	0.251071	272238	80052	2.08193
0	0.0354457	0.222647	266314	92988	0.383729
0	-0.0470706	0.248348	272294	101063	5.12059
0	-0.0154248	0.207749	278254	118257	0.804772
0	0.0274886	0.155825	260354	121138	-0.221999
0	-0.000500635	0.173832	270318	125482	7.21189
0	-0.026584	0.277516	274258	28974	-0.270792
0	0.0226536	0.232748	270280	50997	0.354892
0	0.0188431	0.262271	276276	58226	1.82978
0	-0.0226546	0.221695	260358	94673	4.34154
0	0.104376	0.229582	272320	107238	-10.5834
0	-0.0025082	0.214313	274274	113310	1.24865
0	0.011685	0.209199	280262	129171	7.18611
0	-0.00921604	0.184672	274276	129785	-0.502372
0	-0.0072187	0.140575	260322	125742	3.30807
0	-0.000243255	0.229549	276262	21996	-0.1332
0	0.017804	0.202968	278260	40185	0.940694
0	0.0150038	0.244876	282218	58829	-0.992986
0	0.00793026	0.232922	262330	73989	0.252099
0	-0.00368476	0.20564	282248	100907	0.444306
0	0.0401268	0.223603	266330	114793	-4.14463
0	-0.0376524	0.172055	266304	119790	1.40982
0	0.0527431	0.20234	264340	119868	-6.41092
0	0.0336309	0.212214	272268	131716	-6.68399
0	0.0210487	0.235637	282254	30038	-0.245792
0	0.00542402	0.254371	276262	39997	0.285182
0	-0.0343546	0.251399	272268	61952	-0.341841
0	0.0070033	0.247618	272280	81587	0.870089
0	-0.00146043	0.246268	260370	101835	1.59069
0	-0.00648	0.216192	272288	107784	2.23516
0	0.0219346	0.225961	278268	124309	-7.20046
0	-0.0369453	0.159501	250410	119212	8.5621
0	-0.00803025	0.190566	248416	116907	6.98368
0	0.025471	0.250645	268296	23034	-0.114941
0	0.00651961	0.263127	268306	45978	-0.81363
0	0.00645306	0.214293	276274	67688	0.261516
0	-0.00384721	0.266379	276246	90710	-1.18325
0	-0.014704	0.207987	280240	96680	3.55253
0	-0.0367962	0.219341	272312	111104	8.21381
0	0.00900307	0.203758	278244	122800	6.46215
0	-0.0334542	0.192087	274294	127134	3.06378
0	-0.0412261	0.156633	276300	133669	6.78643
0	-0.00152529	0.258155	272286	27992	-0.248226
0	-0.0273212	0.223508	290222	44830	-0.843247
0	-1.93772e-05	0.274492	278276	71046	0.887095
0	0.00916315	0.208664	280282	78917	-0.0543429
0	0.0160948	0.216792	276282	104828	-1.74407
0	0.0646603	0.252758	274290	111657	-3.01915
0	-0.0265259	0.215887	284222	119113	7.53646
0	0.013304	0.215676	284218	125661	3.38484
0	0.0244937	0.17605	276248	127810	4.02098
0	-0.041799	0.276556	284222	18092	-0.216602
0	0.0273349	0.219537	278224	47924	-0.34333
0	0.0319202	0.237046	266328	68189	1.01504
0	-0.00970257	0.218483	274278	84992	-4.74666
0	-0.0103736	0.236442	278250	97881	4.05291
0	0.00973106	0.239603	278266	110198	-4.56364
0	-0.049635	0.167876	274218	122767	6.10014
0	-0.027308	0.176688	260350	121822	1.20481
0	0.0252241	0.173803	270324	130494	-3.07045
0	-0.012519	0.26944	264266	25926	-0.17139
0	0.0351055	0.264081	268326	49108	0.281886
0	0.0103243	0.266959	276278	71952	0.168216
0	-0.0101926	0.220291	284248	85590	0.862279
0	-0.0140538	0.198896	276214	101838	0.242455
0	0.0076428	0.238908	258362	107279	0.147669
0	-0.0751778	0.207983	264342	115149	-5.14031
0	0.0193927	0.178847	282230	128600	-8.05802
0	-0.0344524	0.188996	256350	121688	7.62672
0	-0.0198549	0.254202	280250	20821	-0.503884
0	0.0112695	0.260369	270314	37714	0.669745
0	-0.0362611	0.212901	280218	69730	1.62398
0	0.00196841	0.207986	268286	84994	2.77458
0	-0.0591901	0.240809	262368	98784	5.69229
0	-0.0111368	0.197721	278294	119262	2.31052
0	-0.0216349	0.210721	268274	115769	8.55514
0	0.0320612	0.209774	282274	125836	-5.05742
0	-0.0382923	0.151561	274304	134735	0.0696893
0	0.00262086	0.256625	280234	16882	-0.0501192
0	0.011454	0.214383	284242	46807	-1.70751
0	0.0207332	0.253429	268352	61442	-0.61729
0	0.0216534	0.213912	278272	88955	-0.595997
0	-0.0248985	0.226904	276300	101937	-4.65539
0	0.0700158	0.258954	278284	104930	-3.10102
0	-0.0123285	0.173902	284232	126070	0.373292
0	0.0279091	0.174978	280244	131725	-1.57361
0	0.0300124	0.181899	284230	133060	-11.1943
0	0.00923717	0.254519	282244	29882	0.265257
0	-0.00187962	0.231307	264338	40037	0.594145
0	0.0454569	0.273149	278260	57042	-2.05595
0	-0.0071095	0.287991	270294	75184	1.70498
0	-0.0751976	0.255104	268326	97989	-1.75592
0	-0.0697398	0.188867	278266	119791	4.5199
0	-0.00833853	0.230206	280268	117794	-10.771
0	-0.0127406	0.165374	278240	125436	-1.33579
0	0.0504459	0.164371	282244	134122	-5.18014
0	0.00736242	0.235423	286254	23890	-0.168619
0	-0.0670729	0.232975	278244	34939	0.359983
0	0.0152301	0.23971	274280	66854	1.87259
0	-0.0330811	0.253257	280236	87076	1.56717
0	-0.0149299	0.198891	262334	99977	-1.82633
0	0.0439728	0.251289	288224	114737	2.63452
0	-0.0512953	0.177559	274340	122215	1.92524
0	-0.0439591	0.177996	276298	128787	5.64966
0	-0.00135351	0.16758	274286	128366	3.80311
0	0.0075497	0.218825	270288	21933	-0.616048
0	0.0182521	0.270092	272286	35925	-0.639929
0	-0.00695581	0.263284	268306	58084	0.36004
0	-0.0102928	0.250081	278234	79303	0.813339
0	-0.0304156	0.224019	280256	96895	1.33829
0	-0.00466362	0.173257	280276	118010	-2.51747
0	-0.0408575	0.196331	286214	126064	1.11758
0	-0.0377722	0.209708	278276	129078	4.47372
0	0.0171799	0.196868	278242	124900	0.295417
0	-0.0245294	0.276743	270274	21019	0.118545
0	0.0011154	0.261349	256418	33852	-0.619942
0	0.0769149	0.253065	282230	58169	-1.40405
0	-0.0167024	0.253129	284246	91399	-1.42268
0	-0.0584812	0.239098	270304	97109	3.66305
0	0.0181737	0.209902	266376	112857	0.0826858
0	0.00404579	0.190798	282218	123070	-6.53063
0	-0.0371783	0.194885	278302	130787	4.76466
0	0.031721	0.163418	274284	131803	2.22009
0	-0.0129133	0.242609	268334	22152	-0.0873948
0	0.0493608	0.224887	282228	43950	-0.561359
0	-0.0295944	0.234382	276304	69156	-0.099396
0	0.0515523	0.251308	254384	76931	-4.89792
0	-0.0249355	0.183	262332	100781	4.52704
0	0.0136328	0.244687	282240	113018	-1.53012
0	0.0226531	0.207941	276252	118680	-4.53031
0	0.0249557	0.177601	266334	126008	-12.5247
0	-0.00813693	0.200809	284252	136088	3.39467
0	-0.0163192	0.260457	268296	17834	-0.219058
0	-0.0515654	0.263898	282242	50831	-0.400015
0	0.016444	0.26967	282230	74796	0.242561
0	-0.0022853	0.233653	270264	81880	-2.7327
0	-0.0370263	0.234648	276266	100033	-1.35203
0	0.0218328	0.203798	268370	110889	-0.866229
0	-0.0950871	0.185485	266310	117885	1.18162
0	-0.0505177	0.19912	266308	118159	-1.44806
0	0.014315	0.156444	288222	135213	-2.95486
0	-0.00195464	0.216854	258374	22879	0.28922
0	0.0104071	0.24744	272274	39803	-0.422637
0	0.0417438	0.251563	278296	74794	-0.48112
0	-0.00138498	0.269355	284218	88345	1.35891
0	0.00501792	0.214546	266334	90055	-0.693165
0	-0.0212947	0.19668	268302	98967	7.8786
0	0.0286375	0.234408	282218	124462	1.57996
0	-0.0181905	0.17869	258354	115262	1.73001
0	0.0200228	0.173071	290204	138564	-6.6959
0	0.0371582	0.254397	290230	31970	0.359021
0	-0.00855896	0.211536	278290	51801	-0.17741
0	0.0377009	0.250844	276260	62089	-0.0213898
0	-0.0258947	0.22619	274286	92973	-2.84325
0	-0.0119307	0.177152	284242	104816	-2.23247
0	-0.00151804	0.227859	280232	116839	1.36553
0	-0.0193346	0.231737	272260	122390	6.32792
0	-0.0559901	0.206098	268360	125611	8.30197
0	-0.0107981	0.133619	272270	132229	2.51536
0	-0.00439095	0.259802	270290	19013	0.386364
0	-0.0017137	0.244876	252428	44039	0.887644
0	-0.0114864	0.225962	272320	62778	-0.183486
0	-0.0147255	0.276813	282288	91898	-1.38232
0	-0.00887162	0.278234	276258	99178	-2.54703
0	-0.0468698	0.200506	280274	112165	2.30681
0	0.0346888	0.215337	272256	117365	-13.6304
0	-0.0158811	0.208174	278274	120229	-4.44587
0	0.0454805	0.129152	280238	136590	-11.5937
0	0.0453275	0.230849	262318	17984	-0.220169
0	-0.000752192	0.241338	278272	45873	0.246846
0	0.0282631	0.248363	262312	60845	0.14312
0	0.0127708	0.253941	272322	84753	-1.22375
0	-0.0226977	0.246728	278274	92165	2.7739
0	-0.0313752	0.269332	268306	99999	5.92071
0	-0.000287185	0.225697	278296	126473	-5.92803
0	0.0598236	0.188348	272288	124307	-8.42259
0	0.00851701	0.1413	268326	128829	6.47159
0	-0.0359429	0.268006	258348	19234	-0.169575
0	0.00646808	0.263721	268332	42035	1.24043
0	-0.0147764	0.255587	284192	68988	0.667057
0	0.00593053	0.253089	278268	84835	-0.527726
0	0.00435732	0.274326	272294	95236	0.609002
0	0.00515987	0.18277	284220	117193	-4.28986
0	-0.0559994	0.231786	266316	115869	-2.45607
0	-0.011436	0.164469	286220	129827	-1.04541
0	0.00368833	0.140743	282256	136068	-1.07839
0	0.0313541	0.263084	266318	26080	0.614978
0	-0.0220395	0.241931	272266	36928	-0.325489
0	-0.0459043	0.279135	264376	59829	-0.588436
0	0.017648	0.210333	282254	77082	0.315341
0	-0.0308464	0.259163	278304	100019	-0.914656
0	-0.0160316	0.193311	262322	112304	0.378832
0	-0.0315833	0.233199	276272	109032	-7.31867
0	0.0227583	0.21345	272290	123031	-1.22214
0	0.00348609	0.138419	284250	137423	13.9354
0	-0.0164192	0.217333	266354	20061	0.385073
0	0.0165099	0.243924	274274	49149	-2.43263
0	-0.0154868	0.227975	270320	61004	1.5727
0	0.0608145	0.210635	288200	81896	-1.06553
0	0.0104825	0.224163	258360	91322	0.276041
0	0.0111642	0.1903	274274	114084	6.18385
0	0.00328881	0.217588	280262	126101	1.78696
0	-0.02843	0.218489	270328	124212	3.90145
0	-0.00249357	0.170653	276282	130311	-2.21659
0	0.0185969	0.262376	266352	19120	0.233469
0	0.0122597	0.282031	270316	34803	0.10864
0	0.0161304	0.245769	276292	70149	-0.0368126
0	-0.0386622	0.260029	282282	88743	-0.654228
0	0.037409	0.186095	288210	106616	0.728775
0	0.0168647	0.251946	248424	98884	-1.13162
0	0.0300234	0.203019	262324	117187	-5.58278
0	0.0370509	0.178377	278294	128783	-2.29553
0	0.00410203	0.203998	270318	128940	6.34547
