Agent and agent's connections
0	79	259	106	285	182	165	59	266	
1	131	238	264	45	216	62	
2	101	115	39	281	59	185	
3	203	24	125	246	100	179	210	267	
4	194	238	218	5	225	248	164	
5	264	4	218	157	225	193	179	39	165	194	214	229	278	
6	208	70	84	186	60	175	75	281	
7	91	98	81	253	38	164	60	157	
8	141	237	282	168	15	25	103	69	47	
9	84	224	60	175	128	167	
10	248	140	251	223	113	92	132	177	
11	290	69	209	17	109	101	
12	181	46	99	236	240	147	168	60	
13	95	20	183	136	173	53	296	140	231	
14	28	276	37	22	29	185	
15	282	8	168	25	31	170	223	280	
16	165	163	49	105	149	263	111	34	
17	11	69	142	293	164	101	130	135	241	254	
18	136	173	239	167	
19	287	23	122	77	126	44	120	261	221	245	
20	253	38	95	13	183	136	153	205	102	
21	245	138	45	260	93	269	35	114	219	
22	276	41	37	14	29	185	250	243	64	71	
23	231	255	287	122	19	126	90	
24	191	200	297	3	246	204	106	96	183	247	
25	8	33	168	15	177	196	31	257	222	
26	87	137	289	261	241	279	109	67	
27	57	133	192	275	104	213	30	267	131	
28	135	145	211	276	41	37	14	46	230	
29	37	14	22	34	185	250	36	115	121	
30	27	275	104	213	96	273	193	204	
31	15	25	196	82	247	231	238	94	52	
32	147	233	172	156	39	
33	53	282	168	25	177	141	41	109	
34	37	29	185	250	36	267	16	124	235	297	
35	130	55	292	152	296	42	21	235	
36	29	34	185	250	268	195	144	215	
37	211	28	276	41	14	22	29	34	
38	7	81	253	95	20	
39	164	101	2	75	5	32	188	42	263	
40	42	91	98	271	
41	28	37	22	45	33	208	
42	35	58	296	91	98	40	271	39	55	217	
43	270	165	163	202	49	105	184	
44	122	77	19	131	206	183	209	226	
45	279	245	138	72	21	277	93	1	41	
46	205	181	154	12	99	236	240	28	231	230	
47	214	112	262	111	148	274	8	161	
48	223	92	61	127	190	122	52	285	
49	163	43	16	202	149	132	171	
50	246	204	187	62	283	244	170	150	
51	102	117	68	234	107	90	193	237	
52	78	135	145	211	48	31	
53	171	249	141	237	282	33	13	281	148	
54	243	158	191	200	203	109	272	222	256	
55	274	100	130	284	292	35	152	42	56	128	139	215	
56	173	239	139	146	299	257	55	264	71	
57	116	133	169	192	27	152	233	
58	284	292	152	296	42	91	98	67	141	153	171	257	
59	108	2	75	153	143	0	185	200	272	
60	6	224	9	162	129	7	12	243	95	179	
61	223	113	92	48	190	67	263	
62	204	187	50	118	1	70	138	
63	190	67	263	124	243	158	159	
64	267	268	235	242	217	22	76	110	
65	107	90	298	89	199	190	
66	71	286	201	227	226	259	84	
67	61	127	263	63	243	222	26	58	203	260	299	
68	299	257	102	234	51	107	90	113	262	270	
69	110	290	11	209	142	17	293	8	
70	150	294	97	208	84	186	6	62	
71	288	252	286	280	66	22	56	74	142	297	
72	279	245	138	45	260	277	89	94	
73	198	103	80	76	167	291	215	248	
74	243	158	159	151	191	200	71	109	110	
75	115	39	108	281	59	166	6	94	81	
76	160	198	80	73	291	215	64	243	
77	287	122	19	126	44	230	201	234	
78	161	156	221	85	135	145	52	260	
79	280	227	226	259	176	106	0	
80	83	198	103	76	73	167	291	178	
81	271	7	253	38	75	
82	177	196	31	212	247	231	255	161	
83	260	277	269	160	198	103	80	
84	294	70	186	6	224	9	66	182	
85	156	178	221	78	145	230	
86	166	153	116	143	133	169	192	
87	175	162	128	137	289	261	26	249	140	
88	107	90	298	89	199	189	211	116	299	
89	90	298	65	88	199	109	189	110	72	
90	68	234	51	107	65	88	89	23	
91	152	58	296	42	98	40	271	7	109	
92	188	10	223	113	48	61	190	148	
93	45	21	269	160	198	297	290	276	
94	242	217	220	121	278	272	123	31	75	72	233	
95	253	38	230	20	13	136	60	206	262	
96	275	104	213	30	273	288	252	24	
97	207	123	150	294	70	186	128	270	
98	58	296	42	91	40	271	7	134	199	224	
99	46	12	236	240	147	233	149	
100	111	148	274	229	130	55	284	292	3	
101	142	17	293	164	115	39	108	2	11	284	
102	228	146	299	257	68	234	51	20	
103	269	83	160	80	73	167	8	131	
104	169	27	275	213	30	96	273	268	149	272	
105	43	16	202	149	132	171	249	213	
106	226	79	176	0	285	270	182	24	239	267	
107	117	68	234	51	90	65	88	
108	101	115	75	281	59	192	
109	89	189	290	11	26	54	91	33	74	
110	290	69	89	189	74	64	176	184	232	244	
111	206	47	216	274	100	16	180	
112	222	214	262	47	216	219	
113	251	188	10	92	61	127	68	210	
114	288	286	201	21	137	
115	164	101	108	2	75	29	299	172	
116	166	153	143	86	57	88	268	
117	146	299	257	234	51	107	145	
118	62	283	170	205	181	154	
119	167	215	219	256	197	184	262	123	
120	19	126	131	194	238	173	233	209	
121	242	220	94	278	272	207	29	
122	231	255	23	77	19	126	44	48	155	
123	94	207	150	294	97	208	119	180	275	
124	127	190	63	158	34	248	298	
125	203	297	3	246	204	187	198	281	
126	23	122	77	19	120	131	194	
127	113	48	190	67	124	228	226	
128	9	162	87	137	289	97	55	254	
129	60	175	137	289	261	
130	148	274	229	100	55	284	292	35	17	
131	126	44	120	194	1	238	264	103	27	291	
132	202	49	105	149	141	237	10	243	145	
133	143	86	57	169	192	27	224	273	
134	98	271	253	230	247	
135	178	78	145	52	211	28	17	241	
136	95	20	13	183	18	173	258	
137	128	129	87	289	261	26	114	255	
138	241	279	245	72	45	21	62	
139	173	239	258	56	228	146	299	55	
140	265	232	180	248	188	10	87	13	
141	149	132	249	237	53	282	8	33	58	
142	69	209	17	293	164	101	71	
143	59	166	153	116	86	133	169	279	265	
144	36	267	268	195	235	242	277	
145	221	78	85	135	52	28	276	117	132	
146	258	139	56	228	257	102	117	162	
147	12	99	236	240	172	266	32	
148	47	216	274	229	100	130	92	53	253	
149	16	49	105	132	171	141	99	104	152	196	
150	272	207	123	294	97	70	50	200	
151	158	159	74	191	200	203	294	
152	55	284	292	35	58	91	57	149	159	206	239	
153	281	59	166	116	143	86	20	58	
154	170	118	205	181	46	236	
155	157	225	193	265	232	122	272	
156	32	210	178	78	85	285	248	
157	264	218	5	225	155	7	213	258	
158	263	124	63	243	159	74	54	151	252	289	
159	63	243	158	74	151	152	182	201	246	
160	277	93	269	83	198	103	76	186	238	
161	172	266	210	178	221	78	47	82	190	
162	224	60	175	128	87	146	244	
163	270	182	165	43	16	202	49	252	
164	142	17	293	101	115	39	4	7	212	
165	0	285	270	182	163	43	16	5	
166	75	281	153	116	143	86	295	
167	103	80	73	215	219	119	9	18	
168	282	8	33	15	25	177	196	12	
169	143	86	57	133	192	275	104	
170	50	283	244	118	205	181	154	15	
171	49	105	149	249	237	53	58	
172	236	240	147	233	266	32	210	161	115	242	276	
173	13	136	18	258	139	56	120	
174	256	197	184	222	254	206	
175	6	9	162	129	87	247	182	181	
176	227	226	79	259	106	270	110	
177	33	168	25	82	212	10	
178	161	156	85	135	80	181	
179	5	193	265	3	60	278	
180	265	232	140	251	188	111	123	
181	244	170	118	205	154	46	12	178	175	
182	106	0	270	165	163	175	159	84	
183	230	20	13	136	239	44	24	
184	219	119	197	174	254	43	110	256	
185	14	22	29	34	250	36	267	268	2	59	
186	97	208	70	84	6	224	160	
187	125	246	204	50	62	283	244	
188	180	248	140	251	223	113	92	39	
189	88	89	109	110	260	201	
190	92	48	61	127	263	124	63	65	161	
191	74	54	151	203	297	24	240	
192	86	57	133	169	27	213	108	204	
193	218	5	155	179	232	51	30	196	
194	126	120	131	238	264	4	5	293	
195	250	36	268	144	295	253	
196	168	25	31	82	212	193	149	
197	215	119	184	222	174	254	
198	93	269	83	160	80	76	73	125	
199	298	65	88	89	290	98	
200	74	54	151	203	24	59	150	267	
201	114	286	280	66	227	77	189	294	159	
202	163	43	49	105	132	226	
203	54	151	191	200	297	3	125	67	252	
204	24	125	187	50	62	283	192	30	263	
205	283	244	170	118	181	154	46	20	271	
206	174	214	216	111	44	95	152	242	
207	121	278	272	123	150	97	
208	123	70	186	6	41	284	
209	290	11	69	142	120	272	44	
210	172	266	161	156	221	113	3	
211	135	52	28	276	37	88	212	
212	177	196	82	247	255	287	164	211	243	251	290	297	
213	192	27	275	104	30	96	288	105	157	
214	254	112	206	47	5	
215	76	73	167	219	119	256	197	36	55	
216	112	206	262	111	148	274	229	1	
217	64	235	295	242	220	94	278	42	228	
218	238	264	4	157	5	225	193	
219	167	291	215	119	256	184	112	21	296	
220	235	295	242	217	121	94	278	272	
221	210	161	78	85	145	19	
222	256	197	174	254	112	67	25	54	
223	251	188	10	92	48	61	15	259	
224	84	186	9	60	162	133	98	291	
225	4	218	157	5	155	265	284	
226	66	79	259	176	106	127	202	44	280	
227	286	201	280	66	79	259	176	
228	239	258	139	146	299	257	102	127	217	
229	216	148	100	130	245	5	285	
230	134	253	95	183	77	85	46	258	28	
231	31	82	247	255	287	23	122	46	13	
232	193	155	265	180	248	140	290	110	247	260	
233	99	236	240	172	266	32	57	120	94	297	
234	257	102	117	68	51	107	90	77	
235	268	144	64	295	217	220	35	34	280	
236	154	46	12	99	240	147	233	172	
237	132	171	141	53	282	8	51	
238	120	131	194	1	4	218	31	160	
239	183	18	139	56	228	152	106	269	
240	46	12	99	236	147	233	172	191	294	
241	261	26	279	245	138	135	17	
242	144	64	295	217	220	121	94	206	172	
243	67	263	63	158	159	74	54	22	60	76	132	212	
244	187	50	283	170	205	181	162	110	
245	261	241	279	138	72	45	21	229	19	
246	24	3	125	187	50	159	
247	31	82	212	231	255	287	134	175	232	24	
248	265	232	140	188	10	4	73	156	124	271	
249	105	171	141	53	87	294	262	
250	22	29	34	185	36	267	268	195	
251	180	188	10	223	113	212	
252	96	288	71	203	158	163	
253	7	134	81	38	230	95	20	195	148	
254	197	184	222	174	214	262	128	17	289	
255	82	212	247	231	23	122	137	
256	291	215	219	119	222	174	184	54	264	
257	56	228	146	102	117	68	234	25	58	
258	136	173	139	228	146	230	157	
259	66	227	226	79	176	0	285	223	
260	72	21	277	269	83	78	189	232	67	
261	129	87	137	289	26	241	279	245	19	
262	254	112	47	216	119	249	95	299	68	
263	61	190	67	63	243	158	16	204	39	
264	131	194	1	218	157	5	56	256	286	
265	225	155	179	232	180	248	140	143	
266	147	233	172	210	161	289	0	
267	34	185	250	268	144	64	27	200	3	294	106	
268	185	250	36	267	195	144	64	235	104	116	
269	21	260	277	93	83	160	198	103	239	
270	176	106	182	165	163	43	97	68	
271	42	91	98	40	134	81	248	205	
272	220	121	94	207	150	294	54	155	209	104	59	
273	104	30	96	288	133	
274	47	216	111	148	100	130	55	
275	169	27	104	213	30	96	123	
276	145	211	28	37	14	22	172	93	
277	72	45	260	269	83	160	144	293	
278	217	220	121	94	207	179	5	
279	289	261	26	241	245	138	72	45	143	
280	71	201	227	79	226	15	235	
281	108	2	75	166	153	53	125	6	
282	141	237	53	8	33	168	15	
283	204	187	50	244	170	118	205	
284	100	130	55	152	58	225	101	208	
285	259	106	0	165	156	229	48	
286	288	114	71	201	66	227	264	
287	212	247	231	23	77	19	
288	213	96	273	252	114	71	286	
289	128	129	87	137	261	26	279	254	266	158	
290	110	11	69	209	199	109	93	232	212	
291	80	76	73	219	256	224	131	
292	100	130	55	35	152	58	296	
293	69	142	17	164	101	194	277	
294	272	123	150	97	70	84	201	249	267	151	240	
295	195	235	242	217	220	166	
296	292	35	58	42	91	98	13	219	
297	191	203	24	125	93	71	233	34	212	
298	65	88	89	199	124	
299	139	56	228	102	117	68	115	262	67	88	
Connections per agent
Connections
8
6
6
8
7
13
8
8
9
6
8
6
8
9
6
8
8
10
4
10
9
9
10
7
10
9
8
9
9
9
8
9
5
8
10
8
8
8
5
9
4
6
10
7
8
9
10
8
8
7
8
8
6
9
9
12
9
7
12
9
10
7
7
7
8
6
7
11
10
8
8
10
8
8
9
9
8
8
8
7
8
5
8
7
8
6
7
9
9
9
8
9
8
8
11
9
8
8
10
7
9
10
8
8
10
8
10
7
6
9
10
7
6
8
5
8
7
7
6
8
8
7
9
9
7
8
7
7
8
5
9
10
9
8
5
8
7
8
7
8
8
9
7
9
7
9
8
7
9
10
8
7
11
8
6
7
7
8
10
9
9
9
7
8
9
8
7
8
8
7
8
7
11
7
6
8
7
6
6
6
7
9
8
7
8
10
7
7
8
6
9
7
8
8
8
6
7
6
8
6
8
9
6
9
9
9
8
6
6
7
7
7
12
9
5
9
8
9
7
9
8
6
8
8
8
7
9
7
9
7
9
9
10
10
8
9
8
7
8
8
9
7
9
12
8
9
6
10
10
7
8
6
6
9
9
7
9
9
7
8
9
9
9
9
9
8
7
11
10
9
8
8
11
5
7
7
8
8
7
9
7
8
7
7
8
7
7
6
7
10
9
7
7
7
11
6
8
9
5
10

Agents per connections
Connections Agents
4	2
5	9
6	30
7	66
8	88
9	67
10	26
11	7
12	4
13	1
