0	-0.0395966	0.249977	262516	99071	0.102794
0	0.0213494	0.2246	251938	165352	1.26743
0	-0.0222075	0.165761	247924	209732	0.156671
0	0.0203687	0.108403	229548	208412	-0.594485
0	0.0771379	0.129168	228456	212124	-1.26852
0	0.011809	0.0967712	226342	215923	-1.7
0	-0.047855	0.08146	240642	231709	5.69975
0	-0.0174849	0.0574614	232846	228326	-0.340969
0	-0.0451947	0.0143858	247422	245721	4.30609
0	-0.0234645	0.287187	255604	79449	0.0741379
0	-0.0117568	0.260351	235504	153124	-0.0048109
0	-0.0111728	0.18324	238446	197336	-1.20103
0	0.0508488	0.137522	230432	211110	2.3732
0	0.0312588	0.133119	248276	238219	-1.33991
0	0.0449425	0.116844	236700	219942	3.01379
0	0.0132324	0.092598	240748	228673	-0.455473
0	-0.0178791	0.0552836	243042	236468	2.90635
0	-0.0201058	0.0502041	249600	246681	1.54917
0	0.0115803	0.237907	258590	99606	0.194582
0	-0.00497568	0.223432	243684	152941	0.321765
0	-0.0121733	0.220167	248778	193100	0.00903869
0	-0.0296377	0.145101	228614	199801	0.135657
0	-0.0256747	0.12747	231048	217742	2.352
0	-0.0292634	0.101867	231422	222137	3.13454
0	0.0319472	0.0656603	225744	216900	0.110367
0	-0.000637591	0.0104492	254848	253413	3.99591
0	0.00242258	0.0503947	252938	250572	1.80858
0	-0.014819	0.232225	246250	105342	-0.197736
0	-0.0226687	0.266479	257210	167928	-0.998184
0	-0.00953327	0.212485	243144	196943	1.41849
0	-0.0414673	0.116717	233378	210709	1.13491
0	-0.0193289	0.0858237	238144	228754	4.11998
0	-0.000277518	0.0544223	230122	220991	-1.54429
0	0.0465064	0.0493596	228208	220859	1.78126
0	-0.0139615	0.0403266	239746	236032	-0.235466
0	0.00535256	0.0282902	244058	241481	2.35613
0	0.0201617	0.265961	259334	98838	0.399316
0	0.00614838	0.217149	246224	157871	-0.0407668
0	0.00193069	0.245156	233742	182676	-0.0133936
0	-0.0225599	0.150681	228476	193868	1.75339
0	0.0520399	0.115738	233458	215265	-1.81174
0	0.0289406	0.0924132	233490	223864	2.99865
0	-0.0240936	0.0768379	245298	237332	-2.83563
0	0.030198	0.0503702	249348	243413	-2.91957
0	-0.00210077	0.00535675	233742	232756	5.84739
0	0.0121844	0.296209	256530	84760	0.197397
0	0.0343896	0.238038	254116	146347	-0.66927
0	0.013045	0.236775	258562	212209	0.92705
0	0.00637455	0.162945	232398	210822	-0.628943
0	-0.0261455	0.136322	242914	226624	3.34523
0	0.029517	0.120488	248536	236423	3.65458
0	-0.0137834	0.0838014	246416	234653	3.22022
0	-0.0392259	0.0302222	249564	245254	7.31229
0	-0.00519188	0.0230977	238566	235855	-0.667868
0	-0.00474142	0.257875	257094	90555	-0.124891
0	0.0170019	0.266229	233566	126231	-0.183822
0	-0.0117322	0.231252	227750	164148	2.45228
0	0.0562669	0.118143	241302	221903	-0.593599
0	0.0239284	0.106667	245112	228144	1.19152
0	-0.0151214	0.0935579	229922	220281	-2.48532
0	0.0204872	0.063874	242772	234022	-1.81129
0	0.0316545	0.0670997	252066	244586	-1.88213
0	0.0210378	0.0413887	260354	255005	-2.69604
0	0.0334202	0.255568	257260	88349	-0.524645
0	-0.0194788	0.214788	264294	169908	0.683976
0	-0.00755189	0.261058	262294	200093	1.08495
0	0.00013185	0.172256	233130	207241	-1.32554
0	-0.0103969	0.12428	237650	216370	-0.592787
0	0.0478586	0.077365	233772	223594	2.65843
0	0.0499417	0.0615302	215578	209668	1.3317
0	-0.0803597	0.0727346	235040	229029	1.07363
0	-0.00770315	0.00169972	238898	238706	1.31309
0	0.00373862	0.256093	249516	95382	0.440892
0	-0.0344647	0.216059	256040	158864	1.64015
0	0.0193575	0.256441	246580	187186	0.749765
0	0.00958467	0.176078	228674	203665	1.70114
0	-0.0617525	0.06889	229804	221061	-1.23246
0	0.0298659	0.0789003	238540	227997	-1.81349
0	-0.0184297	0.0826953	216714	209433	2.28761
0	0.00463776	0.0371202	248316	245149	-1.00745
0	-0.0233272	0.0175768	246734	245685	-1.46001
0	0.0444301	0.237401	241886	78351	-0.245867
0	0.0259383	0.248255	240954	149061	-0.201113
0	0.0384058	0.229576	243138	194329	-2.62506
0	0.0159778	0.192599	234342	203741	-1.36019
0	-0.0529174	0.14271	243100	221391	0.359928
0	0.0248533	0.0852457	219156	208526	-3.88652
0	0.0104778	0.0649797	239788	231142	-3.75685
0	-0.0109616	0.0374973	234466	230250	-2.59586
0	0.0348715	0.0322513	236640	231170	5.02378
0	0.0277583	0.241443	257428	98177	0.245889
0	0.0536916	0.24482	257966	172327	-0.0679927
0	-0.0397041	0.162881	262356	233532	-3.59084
0	-0.01109	0.176206	236838	211640	1.37559
0	0.0592797	0.146185	224702	207501	0.00102792
0	0.00723514	0.0528025	236720	228674	0.173394
0	-0.027598	0.0477978	250454	243972	6.211
0	0.026268	0.0562206	236022	233023	-1.4154
0	0.0608268	0.0372189	230816	227100	-1.83095
0	-0.00147069	0.228184	251552	104441	-0.101735
0	0.00094085	0.263698	243482	155775	-0.359837
0	-0.0138239	0.210822	247134	194699	0.746773
0	-0.0169459	0.141756	229320	206542	-0.462202
0	0.0224444	0.170646	247918	224313	2.14393
0	0.00414781	0.156566	246694	228592	0.138594
0	-0.0678196	0.044769	241664	234476	4.20818
0	0.00742216	0.0362777	249020	245063	-1.1847
0	-0.0712321	0.050329	233468	228977	0.924466
0	-0.00702183	0.280305	271244	87953	-0.0825325
0	-0.0118599	0.253307	249950	151217	-0.662507
0	-0.00538704	0.201467	247630	202447	0.241799
0	0.00682632	0.143217	238156	217346	2.5473
0	0.0511148	0.110828	227182	210196	3.24213
0	-0.0458306	0.0662323	235566	226665	3.98973
0	0.00782626	0.0490501	236346	229746	1.61427
0	0.0377975	0.0365119	248792	243468	-3.52903
0	-0.00702029	0.0270104	229906	225223	2.22451
0	-0.00286896	0.266092	261448	89656	0.23423
0	-0.00816483	0.22585	257296	167509	-0.346501
0	0.0232204	0.157662	228560	188402	-0.640074
0	-0.0206125	0.139288	234842	212325	3.99159
0	0.0115228	0.119593	229292	213232	-1.12445
0	0.0109222	0.0836702	240094	234177	1.04642
0	-0.020593	0.0433288	234748	229667	0.485487
0	0.0225894	0.0391738	243762	241309	-4.43793
0	-0.0348576	0.0393012	230640	226117	1.94266
0	-0.046464	0.269574	264394	87910	0.0986342
0	-0.0409976	0.229314	260214	185768	0.460827
0	0.0184786	0.212834	254392	193889	0.375352
0	0.0249914	0.163677	245936	204534	1.53761
0	0.0150935	0.11793	254286	245371	-0.534183
0	-0.0252577	0.123566	232488	222302	0.561128
0	-0.0185598	0.0561605	243684	233488	0.670914
0	0.0484865	0.0326067	234092	229074	-0.781208
0	-0.0676835	0.0206218	256760	253799	4.92665
0	0.00363045	0.202611	238072	110794	-0.0298213
0	-0.0195479	0.255909	242166	148688	0.438066
0	-0.0419419	0.228158	241218	177523	-0.800935
0	-0.0123443	0.163843	231348	207850	-0.0218963
0	0.0262784	0.124322	248114	234610	-3.22336
0	0.0404134	0.0742914	244646	234051	-3.44718
0	-0.00821704	0.0548523	230852	227099	-1.02745
0	-0.0132445	0.0654987	234516	230801	-0.961705
0	0.0103264	0.0387451	250228	248459	1.69091
0	0.00499277	0.261356	252504	94331	-0.0508148
0	0.0580717	0.223526	250598	165442	1.10569
0	0.00721318	0.193584	228286	185893	-0.686131
0	0.00671714	0.139961	254750	223461	-2.29599
0	-0.000995161	0.0925196	244394	226450	-1.18297
0	0.00730386	0.0827942	247478	233637	-2.79756
0	0.0343693	0.0807321	239582	233053	-0.969034
0	-0.00890843	0.0513956	256940	251462	0.32788
0	-0.0445207	0.0179474	232488	230765	6.30208
0	-0.0179785	0.283533	244904	81364	0.161071
0	-0.0429089	0.228158	260932	186243	1.26411
0	0.0142864	0.192569	243028	203365	0.828078
0	0.0102521	0.19674	254474	224435	2.96223
0	0.0298771	0.164358	225832	203881	0.0733927
0	-0.0309752	0.128351	255930	240777	4.24329
0	0.0214127	0.0718858	244910	236326	0.174787
0	0.00109808	0.045525	255930	251274	-1.0584
0	0.00545128	0.0357851	253898	249207	-3.27946
0	-0.0100411	0.259021	259998	89760	-0.30198
0	-0.0346348	0.24111	247982	154846	0.229123
0	-0.0108082	0.171854	238404	202156	0.198936
0	0.0433831	0.191605	225872	199650	-0.816178
0	0.0171952	0.121852	224076	204017	2.40998
0	-0.0183332	0.109023	244430	229218	-4.07294
0	0.0503093	0.0538706	243070	237499	-4.45107
0	0.016361	0.034922	244466	241311	-2.40574
0	-0.0418933	0.0256316	252988	250991	-1.09972
0	0.0289142	0.261288	258970	83340	0.140707
0	-0.00679829	0.221311	247472	170876	-0.53791
0	-0.0237076	0.175323	243446	186254	1.39117
0	0.00380508	0.180337	225680	189109	-2.82431
0	0.0225976	0.109129	240010	223799	-0.550948
0	0.00726863	0.096231	212630	198916	-0.951982
0	-0.0167909	0.0430578	241010	235214	-4.15479
0	0.0146275	0.0401478	257014	253547	-4.05791
0	-0.0299073	0.0211204	241862	239612	1.88995
0	0.0512804	0.237256	258054	96866	-0.143149
0	-0.00937108	0.2438	263944	172387	0.173942
0	0.0239586	0.183385	237832	196359	-1.55251
0	-0.0225014	0.170455	229002	199499	-1.47714
0	-0.00980576	0.101448	236044	215472	1.15846
0	-0.023205	0.111143	242580	230377	-2.76722
0	0.0246193	0.0284245	234164	228979	1.58729
0	0.0163534	0.0559117	251642	244611	-3.24418
0	-0.0134976	0.0195255	239142	236946	2.11718
0	-0.0310751	0.270681	252888	92780	0.205755
0	-0.0266852	0.247798	264604	166184	0.2379
0	0.014127	0.182494	241094	185899	-1.25305
0	-0.0294877	0.231993	236832	202813	-1.37363
0	0.0250774	0.14907	242980	225639	-2.59624
0	-0.0182899	0.118829	219466	204504	-0.244065
0	-0.0476094	0.0654196	245174	236689	0.916136
0	-0.0223159	0.0337589	229174	224655	2.79169
0	-0.0151427	0.0250361	242334	239275	-2.71051
0	-0.0237255	0.250624	252836	100057	-0.0339413
0	0.00471542	0.280342	247084	152950	0.0884543
0	-0.0427882	0.212215	252752	204681	2.4928
0	0.0256636	0.132709	224556	203369	-3.55897
0	-0.0251122	0.215357	233538	209772	-0.54021
0	0.05292	0.0745423	237710	226713	3.29507
0	0.022616	0.0574665	246678	238818	1.17019
0	0.0550337	0.0738764	251090	238640	-0.953599
0	-0.056834	0.032647	241954	238849	5.97306
0	-0.00010674	0.23188	258276	116382	0.0954475
0	-0.0501839	0.255851	253820	153357	-1.07679
0	-0.0371367	0.200397	239216	197197	-0.829291
0	-0.040263	0.141342	225370	201037	1.35143
0	0.00626665	0.124937	238522	217852	-1.31027
0	-0.0123739	0.0800273	239058	229404	3.14053
0	-0.00396569	0.0600547	256316	247784	-2.31844
0	-0.00418063	0.0311927	255678	251874	-3.49174
0	-0.0174193	0.0373418	244104	240530	1.64061
0	-0.0208305	0.251987	244412	72480	0.126767
0	-0.010095	0.254511	255708	160504	1.23865
0	-0.0396881	0.23522	250086	203833	1.96474
0	-0.00303149	0.157668	246138	222493	1.61962
0	0.0330656	0.136373	235330	223161	-1.67361
0	-0.0308452	0.0785392	226368	219026	0.789663
0	-0.017439	0.0819101	243332	235557	2.57608
0	0.0134225	0.0273181	251416	248944	-1.42475
0	0.00229817	0.0219807	252524	247713	1.37975
0	0.0197639	0.261964	255892	93530	0.0873997
0	-0.0126819	0.223459	247662	152295	0.638211
0	0.0464547	0.239198	246900	184670	1.41809
0	0.0111862	0.181609	234536	207911	3.16969
0	0.0681729	0.147585	227456	207235	0.912259
0	-0.0454637	0.0973104	233416	219284	0.91472
0	-0.0295071	0.0732016	243472	235489	-4.61159
0	-0.00120742	0.0501262	241212	231757	0.638959
0	-0.0218812	0.00818508	256926	255963	3.94659
0	0.0253902	0.255404	270562	104300	-0.45068
0	0.0200296	0.240875	245568	125021	-0.236503
0	0.0552148	0.213103	240110	180642	-0.107211
0	0.0110305	0.164094	227884	204134	0.0204382
0	-0.00491196	0.114988	235520	224898	-0.262263
0	-0.00846404	0.102977	241094	235727	1.42594
0	-0.000470104	0.0420951	236516	231957	1.40044
0	0.000649568	0.0335426	245828	241762	4.37832
0	-0.0125397	0.0378579	240628	236792	0.964795
0	-0.0133766	0.216447	247956	96692	0.143491
0	0.0443814	0.21774	260876	177795	0.696371
0	0.0358165	0.176754	244778	206916	-1.83521
0	0.00990426	0.142192	237316	218963	-1.5488
0	0.00887381	0.155572	231462	211166	-0.091849
0	0.0322785	0.0641441	247970	238516	0.478377
0	0.0291801	0.0614053	244498	239390	1.76132
0	0.00450333	0.0314631	251992	246919	-3.42663
0	-0.0200887	0.0427402	243738	240230	-3.94375
0	-0.00551936	0.277259	250686	79382	-0.0414341
0	-0.00684807	0.22295	262004	175776	0.285707
0	-0.0314451	0.212177	236874	187016	-0.668918
0	-0.0177071	0.214218	226994	192324	-1.45303
0	0.0287053	0.124739	223940	207667	1.80162
0	-0.0125428	0.1164	250234	236851	-1.14431
0	-0.0126239	0.0594129	221756	215233	-1.32605
0	-0.0239282	0.0404724	232642	229386	-1.75869
0	-0.00701959	0.0193444	250956	247133	-0.853849
0	0.0359747	0.269794	255834	87960	0.0834725
0	-0.017585	0.213799	264886	190975	0.409415
0	-0.0364136	0.173851	245134	207173	0.870329
0	0.00239592	0.123514	229894	212620	3.4038
0	0.0333014	0.0754647	240520	228520	-0.307118
0	0.0138069	0.0691976	234522	225051	-2.96596
0	-0.0327671	0.0350776	245614	241890	-0.978366
0	0.00906364	0.0283773	237166	233120	-5.63503
0	-0.0496166	0.0252217	240816	237591	2.16751
0	0.00972983	0.231494	257132	89518	0.00831515
0	-0.0264119	0.248932	253580	154303	0.627055
0	-0.0245095	0.226148	254296	219305	0.695379
0	0.0161616	0.158598	224176	197767	-3.1228
0	-0.0251974	0.112639	229480	214662	2.15281
0	0.0310926	0.0644886	234296	226143	-3.85982
0	-0.0165492	0.0353606	249166	244469	1.95018
0	-0.00992281	0.0801269	242798	235336	-3.99731
0	-0.0124779	0.0321959	250614	246287	-3.66989
0	0.0399973	0.255893	251228	95396	0.206102
0	0.0333137	0.195125	246056	165516	-0.664614
0	-0.0206196	0.179924	240126	193178	-1.2229
0	0.0430087	0.215321	251672	216453	-1.55665
0	-0.0215807	0.139837	237518	219402	4.59459
0	-0.00990195	0.129556	241086	221372	1.52901
0	-0.0139345	0.0491677	248618	244883	-1.31169
0	0.0393915	0.0522211	225116	218798	-0.13933
0	-0.000778949	0.0210088	241396	239079	3.70292
0	-0.00626485	0.212685	245902	97241	0.107389
0	-0.0375737	0.241783	253920	174239	0.182933
0	0.00127265	0.191932	231854	184450	-0.749243
0	0.00823746	0.170278	222164	190098	0.195602
0	0.0144558	0.131221	236200	217278	-2.03434
0	-0.0247365	0.0779832	238888	230242	2.87201
0	0.0161661	0.0686646	252892	245214	0.656545
0	-0.0316512	0.0687581	227932	222307	-1.93648
0	0.0044726	0.00778917	227444	226373	-2.89358
0	0.0120674	0.277666	257430	82689	-0.115964
0	-0.0180579	0.214526	251938	167350	0.853184
0	-0.0113978	0.186227	234882	188419	-0.382265
0	-0.013325	0.176651	249700	222579	0.709885
0	0.00584353	0.129881	238258	219718	1.54478
0	-0.0491426	0.0941652	228272	218145	1.05992
0	0.0146238	0.0617269	230614	222205	1.45972
0	-0.0267005	0.0467098	244946	239899	0.408752
0	0.0197442	0.0265838	242092	238363	1.2668
0	-0.00334759	0.229823	257006	105206	0.0744626
0	0.0416109	0.239382	268510	177987	0.374278
0	0.00189253	0.200495	259952	197469	1.75817
0	-0.00740919	0.132222	254346	228718	1.29065
0	-0.0314801	0.14692	219128	202699	-1.57708
0	0.0231841	0.0795663	253656	245249	3.29801
0	0.0471886	0.0405035	249914	243226	0.514516
0	0.00216803	0.0548673	240164	234574	-1.26938
0	-0.0213096	0.0337023	229222	224905	4.79554
0	-0.024497	0.210216	251886	84700	0.244673
0	0.0277344	0.226386	251598	156989	0.00509646
0	0.0331537	0.189621	242054	190511	-1.83699
0	-0.000509175	0.111719	230764	215546	1.26197
0	0.04598	0.102318	257754	241217	-0.2619
0	0.0145906	0.0903256	244558	235605	1.55961
0	-0.0131809	0.0418112	239364	236604	3.52561
0	0.0029068	0.0508251	235744	230943	2.82098
0	-0.00999139	0.0233561	239982	237189	3.25122
0	-0.032785	0.254783	254562	113844	0.142312
0	-0.024793	0.216507	240090	164924	-1.35821
0	-0.00697907	0.157581	237722	199264	0.655233
0	0.0532941	0.137628	247912	220931	0.192817
0	0.0264877	0.116256	236138	222562	3.23467
0	0.0232386	0.080439	249504	244604	2.5397
0	-0.0370946	0.0677039	230696	224968	2.71318
0	-0.0275415	0.0472076	243036	238272	-4.2635
0	-0.020972	0.0156601	242750	240632	-3.76293
0	0.0596942	0.232331	246168	98106	0.276814
0	0.0112901	0.255507	228834	144096	0.78916
0	0.0281291	0.226653	226098	192668	-0.223041
0	0.0269931	0.154228	237170	212730	0.108366
0	0.0865528	0.0819265	238286	223271	-4.91421
0	0.00613836	0.0526574	250202	240124	-2.22672
0	0.00986594	0.0537769	243982	238963	-3.07803
0	-0.0100376	0.0252844	241070	239389	-1.04795
0	-0.0128246	0.0170239	238810	237922	0.825339
0	0.0060183	0.209827	245316	93617	-0.203062
0	0.0278989	0.226887	245598	172776	-0.168596
0	-0.0460209	0.189197	244424	194938	-0.497448
0	0.0398693	0.166781	246442	224042	-0.199554
0	-0.0113208	0.112714	252374	237575	4.0484
0	0.0230271	0.052762	235742	226623	0.610143
0	-0.0245171	0.0556644	252058	244537	-0.871941
0	-0.0194799	0.0473103	246792	240729	2.04353
0	0.021121	0.0210146	237128	235126	-1.1425
0	-0.0385054	0.255631	248830	82066	0.0414765
0	0.00744798	0.234915	262574	186366	0.243657
0	0.0164132	0.17797	242148	202005	-0.506848
0	0.0342277	0.197957	227568	191783	-1.01391
0	0.0631301	0.108373	229440	210208	-3.16569
0	-0.025465	0.100626	230888	217706	3.46937
0	0.0229829	0.0644391	253794	245039	1.22471
0	0.00922964	0.0519195	241868	237293	3.35698
0	0.0135132	0.0262511	227606	225543	1.56581
0	0.0251396	0.227501	255478	102409	0.0880393
0	-0.026799	0.255328	256818	161335	-0.506979
0	-0.0541675	0.254991	261294	188887	2.11921
0	0.0205934	0.159959	228454	202318	5.01088
0	0.0127714	0.139067	247664	231156	1.81015
0	0.0204779	0.143918	231404	214471	-0.520047
0	-0.018041	0.0347201	243936	239937	1.79501
0	0.0382178	0.0502026	245918	238873	-2.69393
0	0.0135946	0.0390281	244838	243335	4.43426
0	0.029109	0.247952	240016	89082	-0.291835
0	0.0107558	0.224757	259054	182908	0.0294312
0	-0.00928154	0.194567	250096	203780	2.04927
0	0.0395905	0.157994	241340	222319	1.38498
0	-0.00353072	0.174555	231696	215854	3.85382
0	0.0110515	0.0622586	253818	245544	0.547738
0	0.0270733	0.0847786	254288	245593	-0.889505
0	-0.0320246	0.0283265	236626	233057	2.8577
0	0.0234446	0.0449467	237420	232027	-0.374354
0	-0.0453022	0.240704	246734	87470	-0.0102468
0	-0.000673202	0.240168	254230	143033	-0.243563
0	0.0184493	0.224708	238248	188466	2.20656
0	0.00351861	0.19769	235882	194845	2.49872
0	0.0230443	0.16292	238548	220762	-2.22639
0	0.0141969	0.0804678	241590	230943	-1.97625
0	-0.0451111	0.066181	256390	248161	-1.06167
0	-0.00329285	0.0380807	242928	238765	-2.56003
0	-0.0140387	0.0111613	244772	243900	2.47411
0	0.015258	0.241069	242198	78607	-0.01943
0	0.0176287	0.236319	237220	156338	0.489229
0	0.0295855	0.229463	236072	191539	0.00837212
0	-0.0240738	0.125258	239140	213885	2.09541
0	0.00470961	0.0846477	246202	226253	0.110127
0	-0.0336262	0.071065	229936	218926	2.51782
0	-0.0387461	0.0502603	238650	230503	-3.36443
0	0.0488036	0.0369815	237094	233555	-4.50341
0	-0.00997171	0.0239489	237550	235172	0.932027
0	0.00415472	0.242351	256468	100944	-0.180746
0	-0.0223594	0.235541	260550	163798	1.22294
0	0.0600355	0.22581	253592	204015	-0.882985
0	0.0215987	0.153188	252304	223958	-0.905603
0	0.0316741	0.122268	232872	213875	-3.36422
0	0.041451	0.0818534	242774	229218	-0.306495
0	0.0189268	0.0449243	252858	244312	2.00766
0	0.018353	0.0291045	251636	247152	0.259872
0	0.0330796	0.0316104	250532	246513	0.182956
0	0.0150409	0.234617	271510	95767	0.0950687
0	0.0176762	0.238475	229636	138763	-0.852804
0	-0.0282984	0.153454	230672	201021	3.12807
0	-0.0100848	0.139789	243564	223833	1.38528
0	-0.0138896	0.143743	229778	214630	-1.6085
0	0.0256845	0.105421	239414	228520	-1.36661
0	0.0294331	0.0376924	225540	223752	-4.36128
0	0.00625019	0.0567956	248238	240203	0.414087
0	0.0576392	0.0355179	244950	242169	0.734876
0	-0.000298546	0.265961	263782	100540	0.142047
0	0.00375949	0.218749	248620	167947	-1.47654
0	-0.039683	0.200348	233612	183874	-0.720038
0	0.00703665	0.179901	249880	218070	2.93404
0	-0.0365263	0.10225	218554	208318	-0.0209827
0	-0.00102619	0.106234	232654	220968	-1.34268
0	0.0298304	0.0723212	246758	242604	-2.17944
0	-0.0258491	0.0774145	240482	231392	1.41817
0	-0.038923	0.00830605	253552	252169	0.222475
0	-0.00570305	0.244227	255238	99467	-0.0287511
0	0.0389575	0.245976	252258	153800	-0.311281
0	0.0164625	0.218801	245682	192200	-0.44405
0	0.0350472	0.181465	258214	233364	2.17311
0	-0.00424681	0.0466771	240000	231666	0.207798
0	-0.0364792	0.139926	229818	215464	0.440541
0	-0.0317426	0.0814113	242766	229093	1.8211
0	0.0501682	0.060803	250250	244784	-0.031482
0	-0.00792735	0.0298953	246998	244360	-1.84046
0	0.0313746	0.227099	253712	97526	-0.256552
0	-0.00560888	0.225056	243362	156072	-0.424128
0	-0.0182514	0.185792	265278	225960	0.959248
0	-0.0432415	0.189439	264558	236139	0.461297
0	0.00912603	0.115507	231090	215631	-3.53246
0	0.0326523	0.0602169	236672	231134	-0.292889
0	0.0136625	0.0530128	228984	222908	-3.1825
0	-0.0149287	0.0537416	243418	237273	-0.46947
0	0.0419892	0.014948	253330	250705	2.13233
0	-0.0117938	0.284374	248176	84818	-0.0684063
0	0.00787888	0.251971	240078	136544	-1.14275
0	0.0129398	0.218955	241548	193453	-1.55444
0	-0.00893913	0.156021	261530	237764	-0.436709
0	0.0123835	0.133464	241188	225170	-3.05137
0	0.0245129	0.0703764	224234	214268	-3.36122
0	0.0248106	0.0494668	240114	233505	-0.332009
0	-0.00882813	0.0480921	238444	232953	4.52176
0	0.0405484	0.0297492	232324	228204	-1.01024
0	0.0119811	0.226686	259760	114433	-0.129909
0	0.0256031	0.240186	255820	172697	0.391301
0	-0.0738535	0.18939	240898	195213	2.62079
0	0.0393914	0.131469	228688	204102	-2.71472
0	-0.0019448	0.111257	243788	229881	-0.529987
0	0.0218155	0.0848493	235256	222617	2.16691
0	-0.0767729	0.0419967	228264	225002	0.55357
0	-0.0473106	0.0426078	248266	241302	-1.19988
0	0.00144197	0.0569479	226706	220975	0.831737
0	0.0184555	0.219011	249494	99458	0.108607
0	0.0144767	0.254556	260610	164220	-1.03505
0	-0.0258159	0.166005	232988	193728	-1.46548
0	-0.0110665	0.160144	244894	225141	-0.563921
0	-0.00455322	0.105059	244950	225993	-2.15222
0	-0.0141878	0.103299	230978	217484	-0.19059
0	-0.000638819	0.0944946	240416	231456	-1.46845
0	0.0131245	0.0369472	243980	239568	-1.78405
0	-0.00431414	0.0324682	251930	248469	-0.0319561
0	-0.0242988	0.242631	238802	93555	-0.439666
0	0.00376716	0.233893	255970	159976	0.068353
0	0.0637825	0.242567	259218	225755	0.440534
0	-0.0184958	0.191751	222406	185970	1.33566
0	-0.0173319	0.13335	236648	218122	9.08088
0	0.0593287	0.0770541	200382	192134	-0.96998
0	-0.00673841	0.0414379	245426	240252	1.50352
0	0.0661751	0.0451445	246872	242105	-0.865109
0	-0.0701006	0.00832169	228908	227949	-1.34324
0	0.0475499	0.230599	257848	83853	-0.174019
0	-0.0218629	0.25494	253090	165519	-0.760549
0	0.0144237	0.227801	244294	196475	1.87461
0	0.011383	0.147059	234064	210286	2.26402
0	0.04026	0.115429	238290	220781	-0.116867
0	0.0252251	0.109956	234676	218379	2.53892
0	0.0191486	0.0445852	225928	218470	-2.27261
0	0.0250992	0.0313063	250280	246206	1.24283
0	-0.000961917	0.0305638	257062	252347	3.02254
0	-0.017614	0.246332	248652	87289	-0.0882544
0	0.0184253	0.224162	254028	164634	0.831894
0	0.0577028	0.235275	243152	191489	-0.248877
0	0.0456748	0.13141	256534	233425	1.62472
0	0.00457381	0.0935412	233342	220348	0.233908
0	-0.0640672	0.0879443	238860	229401	2.86685
0	-0.0153397	0.0775119	250918	244856	1.76563
0	0.0190703	0.0619179	241504	233549	-2.46598
0	0.021332	0.0153686	244982	243203	0.669455
0	0.0335533	0.252891	258040	90661	-0.214013
0	0.043119	0.227771	256518	175135	0.427624
0	0.0440446	0.192966	223252	178440	0.689013
0	-0.0197107	0.155445	242274	216659	1.49557
0	-0.00203136	0.114213	247618	235730	-0.823109
0	0.021765	0.117077	237858	227590	-0.689759
0	-0.0145118	0.0888182	233704	220902	1.13096
0	0.00567035	0.0327483	241088	237720	-0.312805
0	-0.0194034	0.0331474	233708	231475	-2.41488
0	-0.005336	0.305021	262716	79813	-0.026883
0	0.0150099	0.243981	252644	164531	0.515948
0	-0.0114845	0.19376	255970	221888	-0.737186
0	0.0208443	0.138721	241092	215538	2.20672
0	0.0297633	0.118485	235560	218774	-0.200838
0	0.0317912	0.116544	237372	223031	-1.22594
0	0.00474857	0.0815234	254936	244976	1.39516
0	-0.0388023	0.0376332	254664	250723	3.64449
0	-0.0876094	0.0371234	249538	247820	4.06987
0	-0.0266931	0.254779	264342	89447	-0.0484203
0	-0.034233	0.261734	243588	160600	-0.504313
0	0.0324383	0.227883	231860	184283	-1.56522
0	0.0277986	0.171379	230724	206517	2.73908
0	0.0411487	0.126647	235874	215306	-1.32718
0	-0.0174464	0.0874428	236214	229863	-3.76667
0	-0.0256726	0.0807806	232280	222928	3.87912
0	0.0335848	0.0359618	253110	249953	-2.05085
0	0.0218614	0.0352945	241888	239510	0.503288
0	-0.02744	0.276751	247154	87037	-0.0139631
0	0.0233088	0.22153	233966	150345	0.158337
0	0.02766	0.230436	239456	189486	-0.815308
0	-0.0133072	0.114711	228468	206077	1.53732
0	0.0816263	0.129865	235450	220630	-3.75845
0	0.00234038	0.0964762	242140	228420	-0.205928
0	0.0226272	0.0901386	250806	245860	3.90343
0	-0.0104407	0.0523351	243662	238531	-0.134962
0	0.00662155	0.012303	250926	249876	-0.844001
0	-0.0014898	0.227691	244434	102870	0.240763
0	0.0178741	0.196766	249170	158027	0.919658
0	0.00746347	0.206278	245420	190285	1.26912
0	0.0246689	0.157225	239000	211621	-4.76948
0	0.000997866	0.125546	217430	204665	-0.960483
0	0.0156159	0.106489	224462	217337	3.20863
0	-0.0391054	0.0329069	240452	238400	1.84574
0	0.0323192	0.0737919	240454	230524	-0.283763
0	-0.000465154	0.0446044	258684	256080	3.54484
0	0.0203293	0.235899	263322	112535	-0.029972
0	0.00370588	0.252352	252342	153628	0.800625
0	-0.0421073	0.215922	239576	189183	1.98396
0	-0.000964085	0.178659	243414	216680	3.2603
0	0.0150271	0.14952	250216	236075	-3.35557
0	0.00844723	0.0917669	242776	231360	-2.24301
0	-0.00339801	0.0883046	227344	219719	0.399333
0	-0.0180098	0.0246708	228508	223605	2.88145
0	0.00172882	0.0671755	233872	226958	4.05596
0	0.0249267	0.248812	249382	84022	0.0483483
0	0.00351288	0.257029	239742	143973	0.0883909
0	0.00745161	0.182844	257676	220542	-0.0380484
0	-0.00929122	0.195371	229078	200574	0.449955
0	0.00906378	0.0988734	247338	234677	-3.57779
0	-0.00905154	0.0952821	217126	208540	-0.109597
0	0.0308035	0.0876044	237730	227519	-0.077971
0	-0.0112975	0.0467407	242538	238909	-3.58323
0	-0.0205917	0.0327515	234706	232240	0.596096
0	-0.00277239	0.259304	249414	86614	0.125904
0	-0.0332592	0.210912	255568	164155	0.938151
0	0.00157469	0.258738	256560	204442	0.408876
0	0.0192667	0.14569	226836	198605	-3.0854
0	-0.00802067	0.130957	237274	221514	5.49056
0	0.0522109	0.13091	238062	222713	0.715673
0	0.00459789	0.0538332	235682	229143	-1.80068
0	0.00895079	0.0800422	236142	227642	4.69082
0	0.0338968	0.0204866	249210	246864	1.20005
0	-0.0427841	0.27733	253094	71741	0.0789366
0	0.02774	0.213517	247224	168761	-0.464845
0	0.0338312	0.204241	229186	182041	0.441744
0	-0.0237653	0.144988	240770	213973	-0.527853
0	-0.00619748	0.129657	217208	203228	2.80007
0	-0.0288555	0.119661	237904	226659	7.01233
0	-0.0217358	0.0463137	240404	235257	-2.26963
0	-0.0198307	0.0546447	236124	231243	-1.03836
0	-0.00585404	0.0379712	259448	257218	6.25298
0	-0.0114998	0.268992	251960	107316	-0.477154
0	0.0361867	0.260277	255226	165391	-0.0424859
0	0.0126609	0.223193	251760	206074	-0.532759
0	-0.0151719	0.132791	236694	221972	2.35605
0	-0.00433831	0.0829443	246938	233894	-2.67218
0	0.00789902	0.121346	245894	226603	0.0708028
0	-0.0944366	0.0873445	222216	213326	0.63734
0	-0.0132724	0.0465689	235552	230563	1.7415
0	-0.0303753	0.0261281	262292	260108	6.4036
0	-0.0212568	0.253458	252310	92181	-0.0833197
0	0.0117213	0.253303	269712	165631	0.534207
0	-0.028278	0.154396	240060	204174	-0.77094
0	0.00411656	0.138004	227976	210644	2.13013
0	-0.0383591	0.158702	205816	188886	-0.556993
0	-0.0119034	0.0679688	246884	240219	2.54052
0	0.00744989	0.0613268	235434	228466	-0.17029
0	0.0402227	0.03807	241974	237804	-7.50588
0	-0.0267977	0.0071025	253354	252503	-3.37872
0	0.00187681	0.257893	258554	73689	0.173097
0	0.00554049	0.201749	263478	180948	0.0665362
0	0.0263292	0.217906	237030	192077	-2.2961
0	0.0179319	0.128814	254672	229272	0.520441
0	-0.0306602	0.0921007	226686	210815	-2.9269
0	0.0542296	0.114437	234628	220939	1.63485
0	-0.0211148	0.0504088	233726	225344	3.00918
0	0.0245695	0.0452477	236142	231704	-0.57174
0	-0.0178861	0.0233183	254514	251376	3.17524
0	0.0106604	0.253509	266032	124858	-0.161706
0	-0.0015881	0.221259	262816	165594	0.50669
0	0.0433177	0.254031	243978	176587	-1.41418
0	0.000127905	0.194456	241204	211263	-0.46624
0	-0.0693334	0.149529	244012	224453	-3.51518
0	-0.0499828	0.088223	238106	226997	-1.40721
0	-0.0414061	0.108907	243802	233905	-0.850716
0	-0.00783588	0.048457	236842	231225	-2.80721
0	0.0489598	0.00691624	235144	234141	-4.73429
0	0.00686678	0.234229	265986	100836	-0.019926
0	-0.0647093	0.225839	255000	167709	-0.349104
0	0.0304832	0.167464	242074	205844	-2.70336
0	-0.0254108	0.169225	228098	206825	-0.733924
0	-0.0243906	0.0833796	235426	227501	1.01189
0	0.0531438	0.101504	254082	241331	-0.116757
0	-0.0228813	0.0740598	225566	217565	-6.59896
0	-0.0119415	0.0428397	234918	230991	-3.95563
0	0.0257983	0.0196385	235350	232909	-4.34243
0	0.00562209	0.217335	252624	106704	-0.0377667
0	0.0150409	0.260717	245984	132443	0.323401
0	-0.00276264	0.231104	244958	184472	-0.897913
0	-0.00653227	0.186466	242274	207299	-0.314831
0	-0.0313417	0.13948	245484	221277	1.61611
0	-0.0194882	0.0745395	235652	229679	1.9299
0	-0.0369421	0.0630177	245742	240223	-0.0570276
0	-0.0311776	0.0427998	239770	236704	2.49533
0	0.0271639	0.0518208	244282	241155	-2.69977
0	-0.0250775	0.27682	256094	78834	0.282962
0	0.00189759	0.256543	255508	164070	-0.854599
0	0.0709969	0.19539	247336	206546	0.371363
0	-0.0174209	0.181307	237838	207970	-1.20712
0	-0.0517327	0.146523	244406	230938	1.6385
0	0.0289854	0.0981907	231034	219025	-3.16082
0	-0.0318433	0.0554916	247640	240014	4.23611
0	-0.0207494	0.0462129	237728	233888	-0.164006
0	0.0509922	0.0148994	262088	261813	-3.56127
0	-0.0137898	0.24186	250798	84027	0.175529
0	0.0474114	0.221339	255082	152625	0.0234597
0	-0.0342608	0.198382	239026	187329	1.30054
0	0.0350569	0.154033	241356	218406	0.0507048
0	-0.0162252	0.0786052	241038	230724	1.91396
0	0.023528	0.151011	244220	227285	-4.49869
0	0.0111638	0.0665202	212226	205732	-1.08352
0	-0.0165948	0.0127148	237812	237328	-0.0594891
0	0.00739848	0.0485199	229702	225583	-1.26595
0	-0.0166654	0.259255	258502	93479	-0.115196
0	-0.0524021	0.258862	266658	155142	-0.148988
0	0.026467	0.241801	239598	192809	-2.76432
0	-0.011761	0.16294	225700	202139	0.109999
0	-0.0349243	0.139382	224256	213470	-1.98263
0	0.0341321	0.0946753	247974	234781	-4.55602
0	-0.0886787	0.0590317	242400	234190	-0.740894
0	-0.0541065	0.0466352	237458	232427	-0.371406
0	-0.00372678	0.0160103	247136	245286	2.45767
0	-0.00093439	0.216121	233976	83980	-0.0168547
0	0.0111718	0.242214	254496	150490	-0.652037
0	0.0411475	0.234636	238276	192656	-0.302223
0	0.00622958	0.173484	244310	212738	-0.925456
0	-0.00639631	0.109163	236188	217687	2.7311
0	-0.00254565	0.0849719	223014	212773	2.25389
0	0.0324282	0.0902635	251298	242939	0.442735
0	0.0123371	0.0361009	247468	244331	-7.42829
0	-0.0107159	0.00852861	237650	237179	2.52571
0	0.0389549	0.254129	254460	99205	-0.179971
0	-0.00817693	0.206527	244938	152604	-0.292019
0	0.0340385	0.23345	236964	167391	1.07734
0	-0.0363196	0.143014	241872	221007	0.284213
0	-0.0170756	0.0803873	248544	236477	-0.688985
0	-0.0031703	0.0947957	219718	213114	1.86121
0	0.00201704	0.0754779	232874	226161	-0.0775687
0	-0.0301679	0.0501427	252780	248268	0.555311
0	0.0028494	0.00961722	252808	251663	-1.57889
0	-0.00342719	0.259554	246658	72930	0.0972367
0	0.00119492	0.239983	266288	163557	0.0150588
0	-0.0213615	0.180255	240470	202738	2.77907
0	-0.0240886	0.187959	241284	214845	1.42659
0	-0.0296156	0.171111	235922	218129	3.67616
0	-0.0360534	0.0928224	239216	229603	-0.938098
0	-0.0015898	0.0688404	247174	238435	-2.74677
0	-0.0487706	0.050727	252784	249197	5.42098
0	0.0113469	0.0373034	252330	248011	-1.3536
0	0.0446491	0.230572	253464	97575	-0.0166674
0	-0.00344879	0.234705	244428	146317	1.05583
0	0.0244209	0.208976	234446	184569	1.29579
0	-0.00131843	0.190016	227324	203494	3.00301
0	-0.0174494	0.157698	222116	199395	1.1994
0	-0.0215136	0.132617	228478	216151	2.96223
0	-0.0166374	0.0969038	232968	223487	-1.02295
0	0.0285196	0.0414289	249702	245187	0.968603
0	0.0471939	0.00996492	258446	258015	-5.13147
0	-0.0358134	0.268915	236996	92607	-0.208406
0	0.00929355	0.252721	263452	150134	0.39279
0	-0.00831081	0.226074	248110	197563	-1.27262
0	-0.00874623	0.18699	229494	197876	3.8753
0	0.00338854	0.16022	227490	209913	0.899636
0	-0.0123467	0.05771	251644	244529	0.962119
0	-0.0514169	0.100956	229366	217783	-3.83082
0	-0.0186245	0.0173246	239184	236295	1.11113
0	-0.00802566	0.0240544	253822	251447	2.43581
0	0.0330457	0.262965	261952	109039	0.107502
0	-0.0216193	0.233492	249476	155321	-0.45154
0	-0.0439979	0.256841	256432	199418	-1.16035
0	0.0219618	0.140248	226560	193784	-0.978775
0	-0.041124	0.150118	225894	209344	2.16863
0	-0.0140273	0.0706992	235440	225044	-0.22244
0	-0.033653	0.0584659	241284	235264	-6.69777
0	0.00721965	0.0396412	243314	239149	3.43945
0	0.0467937	0.012208	253758	253587	0.943066
0	-0.0143352	0.215272	264378	106120	-0.240103
0	0.00876857	0.231199	247936	166141	-0.110225
0	-0.0130177	0.188516	255104	204779	0.831994
0	0.0609825	0.139022	240302	210831	-1.11595
0	0.0171823	0.0967972	237208	218709	-1.73391
0	0.0359851	0.0947148	256920	243401	-1.26242
0	0.000588797	0.0827114	241068	232057	2.59697
0	-0.0221456	0.0399057	260382	257348	2.01612
0	-0.0139312	0.0277598	263134	260477	1.21469
0	0.0180667	0.261273	247982	108593	0.392529
0	0.0141656	0.280854	247706	120561	-0.463139
0	0.0165303	0.214682	250698	208132	-0.156765
0	-0.036604	0.159086	247598	215029	-1.27168
0	0.04714	0.0949325	234256	219206	-2.19052
0	0.0123166	0.13595	232510	216994	0.23279
0	0.0213106	0.0670037	224164	212402	-2.96893
0	0.0383499	0.0454287	227206	221760	-2.68524
0	0.0193961	0.0277707	230626	228450	1.75723
