0	-0.0392734	0.250296	274284	32008	0.00585714
0	0.0250934	0.235495	274288	93943	0.144231
0	-0.0214948	0.206481	280252	138009	-0.05712
0	0.0189768	0.206007	276290	171921	-0.176918
0	0.0734371	0.225642	268336	166070	-0.158276
0	0.00611224	0.218326	280284	215989	0.00902637
0	-0.0283403	0.23657	274252	206026	-0.154655
0	-0.0197178	0.214319	264288	232019	0.328884
0	-0.0312135	0.175163	274296	240126	0.111732
0	-0.0231611	0.28783	284240	32013	-0.0168715
0	-0.0119567	0.269125	284238	79955	0.0551584
0	-0.015563	0.223416	280240	133882	0.116009
0	0.059089	0.217193	280268	169918	-0.0988568
0	0.0275702	0.249613	270324	173957	-0.233326
0	0.054636	0.230484	278292	194000	0.10574
0	0.0127704	0.23453	284232	231948	-0.316865
0	-0.0107692	0.216959	290200	247975	0.773383
0	-0.0153042	0.207818	274272	252034	0.108694
0	0.0122833	0.237749	270314	39987	-0.0163177
0	-0.00399681	0.229422	282248	75974	0.0281039
0	-0.0113483	0.253362	284278	131912	-0.238449
0	-0.0286637	0.213511	282294	159972	-0.156556
0	-0.0178975	0.252674	278242	185893	0.0188232
0	-0.0192642	0.23599	274288	211964	0.134791
0	0.0350964	0.205067	274284	220045	-0.834403
0	0.00921521	0.166227	282238	254053	1.04007
0	0.00830355	0.191022	276278	260096	0.0442915
0	-0.0154294	0.233036	268266	40007	-0.0146223
0	-0.0259741	0.278947	280270	70029	-0.00654947
0	-0.00548108	0.261373	282254	112008	0.20283
0	-0.036878	0.232403	278242	157967	-0.241863
0	-0.00630025	0.208878	278242	179989	0.211386
0	-0.00662907	0.189207	284264	216026	0.36117
0	0.052345	0.188669	284254	245992	0.0296786
0	-0.01796	0.211323	272286	242064	0.964082
0	0.011686	0.191577	280286	252097	0.456091
0	0.0214288	0.267386	278266	55924	0.0191808
0	0.00598942	0.224426	276262	62036	0.00692043
0	0.00233833	0.272532	254386	119983	-0.135685
0	-0.0155276	0.238078	278242	167903	-0.356286
0	0.0461257	0.215679	284240	185988	-0.0374828
0	0.0386595	0.215036	282252	210035	0.0829536
0	-0.0333177	0.201993	280276	228027	-0.068406
0	0.0201982	0.224529	258324	220070	0.0803637
0	0.0176367	0.171854	280260	248122	-0.0738473
0	0.0128912	0.297384	280284	39949	-0.0146356
0	0.032318	0.243599	284238	77964	-0.0477914
0	0.0159099	0.269452	282232	108026	0.067585
0	0.00491041	0.224426	270286	157944	-0.1897
0	-0.0157916	0.24547	276280	183927	0.239067
0	0.0398092	0.239755	286250	229924	0.56692
0	-0.00217967	0.238984	276294	235979	-0.260891
0	-0.0165356	0.184677	272262	232070	0.505192
0	-0.00681531	0.167941	280254	260062	-0.180838
0	-0.00512992	0.258381	272316	22054	-0.00833974
0	0.0167445	0.269317	278280	63979	-0.106595
0	-0.00377023	0.262767	280254	117968	0.0636767
0	0.0543304	0.211748	286238	163950	-0.012652
0	0.0275425	0.226494	272306	187988	0.107276
0	-0.0241922	0.227897	280236	209956	0.235933
0	0.0146163	0.189522	282252	247979	-0.0500164
0	0.0270655	0.232702	284246	246018	-0.505449
0	0.0143908	0.193415	280248	246083	-0.701919
0	0.0316757	0.256637	284232	34014	-0.00129173
0	-0.0171641	0.223025	278264	62054	-0.0104207
0	-0.00385667	0.287091	286234	117931	-0.0236127
0	-0.00408259	0.283409	270298	131962	-0.0612048
0	-0.012433	0.228812	278268	177977	0.0180457
0	0.0566886	0.229087	268306	192012	0.00942722
0	0.0540936	0.213073	266330	222063	0.0861298
0	-0.0787781	0.220733	288256	243977	0.599153
0	-0.00232652	0.173946	284228	250124	-0.299899
0	0.0050365	0.256608	282240	41985	0.0515292
0	-0.0299356	0.224188	274280	85981	0.28142
0	0.0218984	0.290986	280264	107936	-0.0124937
0	0.014819	0.249151	280250	157902	0.13083
0	-0.0653711	0.196425	288212	188004	-0.14687
0	0.02274	0.221011	290236	217969	0.324262
0	-0.0088878	0.230036	280238	231937	-0.574963
0	0.0011613	0.218153	274274	247967	0.0354921
0	-0.0295255	0.166047	276250	252109	0.3995
0	0.0437165	0.238051	284248	32005	-0.0317825
0	0.0252037	0.255221	282212	93928	0.0192682
0	0.0302205	0.260813	282252	117932	-0.169462
0	0.0118552	0.25419	272300	157891	-0.123402
0	-0.0540881	0.232808	272284	187966	0.711147
0	0.0125611	0.21632	270304	194041	-0.198875
0	-0.000653398	0.207909	270320	232018	-0.417488
0	-0.0228624	0.231167	284234	241975	0.974382
0	0.0498059	0.182713	272288	248053	0.543449
0	0.0284319	0.242685	276240	47960	0.0438098
0	0.0533624	0.250135	274284	85940	0.0307587
0	-0.0505611	0.21192	282230	151864	-0.333732
0	-0.00784711	0.245989	282292	157976	0.40273
0	0.0593559	0.24684	276266	189937	-0.0218178
0	0.00721873	0.186222	290210	215995	0.178319
0	-0.00884777	0.209799	274260	216070	0.585929
0	0.0200111	0.189009	284278	248045	0.461659
0	0.0539271	0.20899	276246	250063	0.238951
0	-0.00172019	0.228928	278264	53951	-0.0268826
0	-0.000180433	0.27156	290206	71962	-0.0234519
0	-0.0107432	0.241409	274242	119891	-0.177442
0	-0.0191256	0.226603	278232	144008	0.191711
0	0.0295573	0.254959	284200	189880	0.0100706
0	0.00418628	0.261348	276268	215931	0.127054
0	-0.0552286	0.18097	264354	216095	0.430865
0	0.00553831	0.155606	280274	250088	-0.619551
0	-0.0699322	0.22088	296198	262013	0.534494
0	-0.00727158	0.281104	284250	35990	-0.00760716
0	-0.0141945	0.261099	280278	81959	0.0378632
0	-0.00517195	0.238363	276290	127948	0.177273
0	0.0141774	0.230718	284278	169960	0.341978
0	0.0606874	0.234293	284266	183953	0.370319
0	-0.0329622	0.201971	282260	227955	0.12921
0	0.0131685	0.224319	278250	228001	0.0116024
0	0.0255934	0.203054	278260	246048	0.132219
0	-0.000927912	0.166198	272306	252103	0.396797
0	-0.00222224	0.266557	264304	35997	0.0402157
0	-0.00976106	0.236672	270296	81974	0.132369
0	0.0205186	0.208355	272250	104026	0.170443
0	-0.00866822	0.236121	286252	159948	0.408299
0	0.00816811	0.216717	266316	179954	-0.118038
0	0.015865	0.222514	258332	196031	-0.436428
0	-0.02006	0.211394	274316	216034	0.325565
0	0.00938699	0.184156	284240	254030	-0.477205
0	-0.0316738	0.202824	278270	250067	0.987536
0	-0.0462592	0.269715	290216	49961	0.0371967
0	-0.0393942	0.245079	286246	91975	-0.0201667
0	0.0198846	0.245533	280242	129910	-0.0464377
0	0.0296328	0.241101	282250	153948	0.145197
0	0.0145721	0.239938	260344	187976	-0.377743
0	-0.0243183	0.229424	272268	194038	0.279309
0	-0.0170338	0.179763	274294	232080	0.213115
0	0.04478	0.183601	272272	234073	0.330762
0	-0.0499694	0.187371	272304	250069	-0.387599
0	0.00348648	0.204073	280268	56002	0.0133714
0	-0.0180418	0.26155	278248	85949	-0.013775
0	-0.0445141	0.255468	268312	125923	-0.0292995
0	-0.0119101	0.241319	262320	145969	-0.152166
0	0.0162919	0.22843	276292	213958	-0.227385
0	0.0292853	0.207441	270298	215951	-0.108748
0	-0.0103857	0.21516	278284	206102	-0.376866
0	-0.0160633	0.199002	284212	261968	-0.116056
0	0.0177547	0.173986	274278	252096	-0.537593
0	0.00484969	0.262112	282248	45995	-0.00789048
0	0.0618876	0.234264	286222	95906	-0.0390661
0	0.00474733	0.232997	260372	145880	0.053625
0	-0.000926432	0.218468	278270	147981	-0.00292131
0	-0.00385884	0.196846	284222	201967	-0.323867
0	-0.00145971	0.195572	284224	213992	-0.168488
0	0.0313781	0.209913	272290	231994	-0.0716869
0	-0.00754064	0.192232	272270	236055	-0.0824579
0	-0.0234007	0.184279	262344	236168	-0.0339101
0	-0.0174537	0.28429	280284	35996	0.00361887
0	-0.0392235	0.236942	270316	89949	0.158501
0	0.01673	0.249532	272266	129970	0.0949973
0	0.0191131	0.286867	268330	139953	0.30395
0	0.029398	0.256507	280258	179894	0.217125
0	-0.0212522	0.226628	282240	217917	1.32637
0	0.021996	0.222996	286206	235930	-0.000198185
0	-0.000244595	0.18347	270296	238091	-0.655596
0	-0.00566763	0.188498	264274	232148	0.0562115
0	-0.0110691	0.259633	280262	34021	0.00641824
0	-0.0336923	0.252224	274272	60038	-0.0536215
0	-0.0100306	0.223171	276290	125954	-0.0343377
0	0.0411426	0.255349	268318	142034	-0.144037
0	0.0252595	0.224541	278284	174012	-0.00932411
0	-0.0298532	0.222314	282222	208001	-0.616942
0	0.0375331	0.169918	288242	254004	-0.618219
0	0.00878854	0.192206	276232	251984	-0.133997
0	-0.046772	0.171354	280270	260090	0.363884
0	0.0293314	0.261709	276288	29997	0.0155405
0	-0.00864295	0.227257	274290	74072	0.0154888
0	-0.0190486	0.222969	268302	121971	-0.00655054
0	-0.00537572	0.244679	266314	132030	-0.0700733
0	0.0206766	0.212237	274302	190014	0.0253516
0	0.00310764	0.208479	266282	210043	0.296314
0	-0.0294264	0.180282	278212	230014	-0.36414
0	0.00187651	0.188021	284204	259941	-0.232611
0	-0.0262796	0.19277	284224	252060	0.801629
0	0.0507551	0.237609	282250	45948	0.0144457
0	-0.00898242	0.24995	274288	95915	0.0573436
0	0.0185405	0.23798	276242	127989	0.0729145
0	-0.0265942	0.264367	280256	167841	-0.249282
0	-0.00520713	0.246747	262346	164023	-0.221125
0	-0.0329721	0.232895	288226	207999	0.162912
0	0.0291834	0.181651	280236	228068	0.218061
0	0.00736607	0.199924	288216	263969	-0.547982
0	-0.00775961	0.149615	268290	248141	0.39579
0	-0.0304961	0.270144	280240	41974	0.0320469
0	-0.0260731	0.257152	264328	73999	0.054292
0	0.0101375	0.223091	288246	110001	-0.0561943
0	-0.0346912	0.281038	256362	145960	0.187436
0	0.0160469	0.254836	262286	163990	0.112922
0	-0.0195499	0.228077	276298	217909	0.133909
0	-0.045251	0.239526	264306	220024	0.208617
0	-0.0163647	0.176907	268338	238122	1.00632
0	-0.0207612	0.197593	274250	246072	-1.02496
0	-0.0239642	0.250714	284236	59918	0.0376563
0	0.00510447	0.283728	280246	81936	-0.0282623
0	-0.0349472	0.244726	282258	141931	0.1405
0	0.0135183	0.207276	278214	175853	0.0846231
0	-0.0258482	0.307313	278300	179905	-0.319412
0	0.0622686	0.204716	270316	190075	0.490496
0	0.024899	0.193805	280280	232045	0.48529
0	0.0530693	0.207851	284246	236051	-0.364299
0	-0.0412875	0.179619	278246	248071	1.3091
0	0.000218349	0.232621	286238	44014	-0.00207913
0	-0.0535399	0.261163	272298	64009	-0.0700033
0	-0.0395716	0.240013	278278	123971	-0.098814
0	-0.0353262	0.226119	282238	155988	-0.129611
0	0.00212578	0.231746	274232	177929	-0.0680118
0	-0.00135978	0.210776	282256	204057	-0.163698
0	-0.0121514	0.222834	276260	229961	0.137265
0	-0.012713	0.23291	274294	236004	-0.932034
0	-0.0109887	0.20289	284226	252026	-0.288581
0	-0.0202882	0.252417	274262	39990	-0.0359337
0	-0.00565782	0.261464	284222	87898	-0.0924882
0	-0.0328438	0.277275	282218	115978	-0.0885478
0	0.00203033	0.242842	282236	151988	0.101078
0	0.0281513	0.253089	284238	191902	-0.199341
0	-0.0276689	0.19974	256358	203976	-0.163224
0	-0.00981383	0.263139	282268	207984	0.288535
0	0.00904944	0.154197	276280	246062	-0.112833
0	0.00786033	0.188843	274302	246111	-0.288894
0	0.0201746	0.262631	280256	41997	-0.0358163
0	-0.0103606	0.23288	282220	75983	-0.0581812
0	0.0504416	0.274776	276244	101972	0.222028
0	0.022303	0.253595	270344	151960	-0.165361
0	0.0690053	0.238816	274280	186005	0.662525
0	-0.0409634	0.205879	280244	194010	-0.435384
0	-0.0428398	0.220564	278248	228033	-0.611778
0	0.000687613	0.187407	282268	246046	0.0704488
0	-0.0090664	0.152837	286202	260056	0.10216
0	0.0241485	0.25571	282250	47964	-0.0781557
0	0.0191216	0.247834	280248	62004	0.0359242
0	0.0545535	0.247487	278258	127931	0.0911735
0	0.0107702	0.228098	276264	147996	0.0985211
0	-0.00479095	0.24196	280260	193911	-0.298565
0	-0.00434623	0.22365	286206	203922	0.1906
0	0.00295893	0.235056	268284	229965	0.371725
0	0.0144863	0.207532	286220	247949	0.227312
0	-0.00970788	0.252766	280250	242015	0.11525
0	-0.0130007	0.217539	282252	30039	0.0307261
0	0.0470744	0.232428	262314	86022	-0.111523
0	0.0301791	0.22566	280242	129985	-0.144016
0	0.00492432	0.218776	280262	155991	-0.0548155
0	0.00795568	0.233164	280248	193942	0.18359
0	0.0325302	0.233745	276286	211987	0.402867
0	0.0341339	0.201909	286264	232021	0.275173
0	-0.00534378	0.202789	266298	238054	-0.472491
0	-0.0321537	0.176207	270306	254128	-0.324252
0	-0.00561384	0.277234	282276	41952	-0.0130886
0	-0.00615687	0.234977	264292	81995	0.0783449
0	-0.0334897	0.254352	280282	122005	-0.0555521
0	-0.0224141	0.266762	278276	142038	-0.0409248
0	0.0361565	0.225365	280280	166060	-0.433746
0	-0.0151914	0.240331	282246	207920	-0.349709
0	-0.0155312	0.183887	264332	214085	-0.453861
0	-0.022165	0.172498	290236	260004	-2.28764
0	-0.0114291	0.182061	276304	256042	0.468991
0	0.0362091	0.270452	280272	41982	0.0131565
0	-0.0168014	0.222828	272286	87959	0.174347
0	-0.0346371	0.235403	284250	129936	0.337368
0	0.0134456	0.225976	258320	157900	0.0889105
0	0.0325871	0.200927	288230	201946	-0.0928405
0	0.00274039	0.213612	280250	209970	0.354009
0	-0.0348386	0.17756	280236	234011	-0.356931
0	-0.010536	0.188217	278280	248011	0.244875
0	-0.0425404	0.172469	272272	252074	0.044626
0	0.00964172	0.231806	274302	40000	0.0347467
0	-0.0242829	0.256692	282232	83954	-0.0116538
0	-0.0228788	0.263901	280272	123961	0.206175
0	0.00465243	0.241113	286228	181824	0.329951
0	-0.0178346	0.220069	270314	201922	-0.0560392
0	0.0192511	0.190476	270274	202050	-0.307365
0	-0.0104671	0.213622	270316	226049	0.125564
0	-0.0220813	0.210194	262354	238080	-0.349754
0	-0.0259	0.213944	280234	252017	0.356739
0	0.0408247	0.256753	288222	36008	-0.0421313
0	0.0309262	0.202875	272296	88039	0.0516333
0	-0.0237985	0.238074	288242	127984	-0.269225
0	0.038229	0.280525	284234	145936	-0.122742
0	-0.00671266	0.238419	272272	185897	0.134165
0	-0.00659714	0.226406	262330	198018	0.537568
0	-0.0189575	0.196356	266330	216122	0.195194
0	0.0367638	0.187485	278262	234103	0.64897
0	0.0103419	0.17425	276270	260106	0.36666
0	-0.00602273	0.213332	282244	38019	0.0347543
0	-0.0367777	0.253665	276274	72042	-0.0558697
0	-0.0012741	0.236921	282226	125947	0.0147821
0	0.00765209	0.229925	276270	163863	0.371214
0	0.00661045	0.243706	282236	177926	0.319274
0	-0.0160005	0.224654	272292	217926	0.251216
0	0.0193663	0.238566	274278	221998	-0.303491
0	-0.0356287	0.218668	282252	246045	-0.74323
0	-0.00479608	0.172841	280244	246147	-0.112972
0	0.0116521	0.278336	278254	39990	0.00862509
0	-0.0155723	0.226006	266324	89965	0.107515
0	-0.0128752	0.233231	266278	112037	0.0609665
0	-0.0115731	0.247846	274268	153870	0.184307
0	0.0117134	0.234094	284254	189988	-0.216185
0	-0.0450512	0.242771	274296	192006	-0.167499
0	0.0203289	0.200765	274272	230012	-0.251796
0	-0.0267552	0.232462	282270	247954	0.425162
0	0.0241589	0.15261	274306	258114	-0.0575942
0	-0.00292264	0.230187	278272	49966	-0.0530231
0	0.0427625	0.24745	282258	97929	0.0288011
0	0.00772833	0.257664	282234	111999	0.00743244
0	-0.00398697	0.209226	274280	142056	0.263987
0	-0.0382594	0.250429	266308	179987	0.456699
0	0.0326973	0.207503	270316	210055	0.444038
0	0.0486669	0.174709	276276	228061	0.0710396
0	-0.000857056	0.186579	286238	250055	-0.361854
0	-0.00806145	0.180663	268300	252096	0.821086
0	-0.0237676	0.210706	264314	34005	0.0258588
0	0.0274018	0.232803	268288	85978	0.104879
0	0.0275316	0.226429	266322	101981	-0.150377
0	0.00451321	0.228981	280246	173899	-0.244749
0	0.0439475	0.204244	286250	174052	0.347854
0	0.0205335	0.243749	284248	209914	-0.223239
0	-0.00156499	0.181953	286256	246000	0.0408288
0	0.00857971	0.196402	278252	253934	1.11911
0	0.000737671	0.193475	272326	250118	0.0325034
0	-0.0324393	0.255422	276240	51949	0.0386071
0	-0.0293374	0.22834	280254	87961	0.00509396
0	-0.00498758	0.207971	270312	128000	0.0577865
0	0.0533044	0.223429	266292	159933	0.18974
0	0.0362298	0.223927	280252	181924	0.312032
0	0.0308515	0.224977	276240	211933	0.25584
0	-0.0301686	0.17886	280232	240002	0.635384
0	-0.0398483	0.171714	276252	238081	-0.57145
0	-0.0339708	0.179118	282270	258087	0.13669
0	0.060374	0.233361	284234	41973	0.0728646
0	0.0139883	0.262827	274300	81985	-0.0203225
0	0.0270095	0.260653	284254	121961	0.112843
0	0.0279907	0.239739	276270	165927	-0.190903
0	0.0727407	0.171799	288214	205969	-0.770575
0	-0.00143203	0.190891	280260	216056	0.0443977
0	0.000678959	0.189419	284272	240029	-0.321935
0	-0.0125139	0.149438	286230	258056	-0.305068
0	-0.0108493	0.180018	276268	252081	0.232756
0	0.00531731	0.210439	288228	34001	0.00723614
0	0.0269272	0.239718	278206	95908	0.122927
0	-0.0475807	0.228718	276296	137966	-0.0294955
0	0.0389691	0.240972	288220	167941	0.0705259
0	0.00285887	0.222268	268324	181965	-0.205493
0	0.024095	0.186398	278210	193970	0.289766
0	-0.0281896	0.179677	282242	236052	0.229815
0	-0.0110314	0.200498	260320	232061	-0.491014
0	0.0169911	0.152958	288244	264130	0.0964376
0	-0.0384007	0.255831	272280	26043	0.0100754
0	0.00808125	0.246955	278266	77974	0.0536745
0	0.0145289	0.21793	292188	119960	0.0584243
0	0.0311582	0.282449	270280	131976	-0.093051
0	0.0534459	0.220331	282216	205862	-0.260415
0	-0.0134625	0.22471	264328	198009	-0.131387
0	0.0263544	0.188511	282232	229976	0.21327
0	0.0167548	0.227093	270294	236061	1.09942
0	0.0163468	0.203594	272300	240134	0.715737
0	0.025388	0.227559	276220	49949	0.0135175
0	-0.0286166	0.262348	278300	87933	0.0382856
0	-0.0473826	0.27751	280234	113926	0.083734
0	0.0360234	0.230287	272280	161892	0.381878
0	0.0188967	0.215874	272298	166070	-0.0274443
0	0.0196215	0.274539	272302	195969	-0.263121
0	-0.00897377	0.169012	276314	232042	-0.925154
0	0.0301682	0.193966	278268	252016	-0.27903
0	0.0270453	0.183346	272286	246107	0.399047
0	0.0282552	0.249099	282240	51954	-0.0356818
0	0.0113386	0.243659	280238	95959	-0.145409
0	-0.0028068	0.232227	280242	115901	0.106851
0	0.0444094	0.248274	294178	169898	-0.0606895
0	0.0073122	0.258454	276290	185907	0.600938
0	0.0130627	0.221492	274236	207929	-0.0556274
0	0.027415	0.198611	274280	235972	-0.99203
0	-0.0222791	0.1679	282260	250080	-0.0659573
0	0.021449	0.2038	280252	256051	0.22433
0	-0.0454098	0.241865	278294	40009	0.022039
0	-0.00141262	0.247892	286244	77991	-0.021737
0	0.0253523	0.269447	278288	139913	0.135653
0	0.0116489	0.255016	284236	161903	0.0596397
0	0.015192	0.268221	282262	189883	0.129297
0	0.00744979	0.221365	266326	201956	0.0478848
0	-0.0477279	0.181346	284224	245995	-0.276647
0	-0.0111312	0.204642	286164	249942	-0.208527
0	-0.00603438	0.161075	284258	266065	0.0728062
0	0.0153772	0.241884	274236	45963	-0.0551898
0	0.0185887	0.245077	274272	83992	0.201218
0	0.0297522	0.267463	280268	125934	-0.0416558
0	-0.0182016	0.208486	276262	146052	0.333753
0	0.00497408	0.191784	278270	184057	0.030787
0	-0.0260801	0.209545	284204	223924	0.254003
0	-0.0498393	0.170992	286220	234023	-0.036474
0	0.034875	0.217542	274264	232036	-0.324809
0	-0.00687088	0.16371	272296	248129	0.00177817
0	0.0037208	0.242719	272298	34003	-0.0505694
0	-0.0185104	0.248294	278278	81949	0.0682436
0	0.0578194	0.259372	276232	103975	-0.218126
0	0.019765	0.22518	284252	147969	-0.355489
0	0.0222143	0.220964	282268	195955	-0.526281
0	0.0410376	0.19599	290234	227924	-0.18247
0	0.0267664	0.19007	276288	234004	-0.34422
0	0.0171558	0.1888	284252	253994	0.619026
0	0.0324089	0.172994	274242	250050	0.384174
0	0.01528	0.235092	282260	33992	0.0233568
0	0.015265	0.245769	280254	103938	-0.129462
0	-0.0182269	0.207666	282254	106052	0.106618
0	-0.00635562	0.225707	280276	169918	0.266542
0	-0.0190722	0.241453	272282	164031	-0.0537319
0	0.0215227	0.240173	284228	210004	-0.118094
0	0.0170401	0.187537	284216	230077	-0.643394
0	0.0102567	0.256119	280226	234011	-0.787865
0	0.0605804	0.197058	278282	244087	-0.147494
0	8.51328e-05	0.266783	282228	39963	0.0269438
0	-0.00106502	0.232935	276290	81992	-0.0291844
0	-0.0418764	0.231262	288206	105967	-0.0620201
0	0.0165993	0.255794	278236	161895	0.0652415
0	-0.0379434	0.222825	278272	162006	0.404151
0	-0.00394822	0.227786	282238	214004	-0.466073
0	0.0216956	0.233079	270306	235920	0.261022
0	-0.0212413	0.183691	282280	246124	0.0358097
0	-0.0369758	0.194379	264360	240109	-0.36169
0	-0.00583833	0.245453	274296	47975	0.0118336
0	0.0383432	0.253317	286272	87937	-0.126995
0	0.0137185	0.259469	284224	123889	0.379139
0	0.0411035	0.253039	268310	137967	0.356222
0	-0.00278728	0.174572	278314	194053	-0.230063
0	-0.0369043	0.241797	262344	190049	0.568075
0	-0.0261802	0.230473	278260	216026	0.15237
0	0.048453	0.234522	282236	230037	0.483081
0	-0.012928	0.186839	274280	244145	-0.340266
0	0.0307364	0.228116	262342	40007	-0.0650927
0	-0.00679966	0.236969	274300	79982	-0.0668943
0	-0.0144887	0.221671	278212	115959	-0.169569
0	-0.0429026	0.239192	276272	153921	0.35963
0	-0.000918052	0.211791	288194	179964	-0.519236
0	0.031324	0.194877	272326	216028	0.105585
0	0.00318078	0.188966	278244	230022	-0.0379816
0	-0.0166309	0.208721	264324	234071	0.0411663
0	0.0480839	0.160516	276242	256063	0.303924
0	-0.0118857	0.285192	272302	28013	-0.0408357
0	0.00409111	0.259798	276258	91881	-0.00641536
0	0.00776994	0.251793	278266	137852	-0.00348033
0	-0.0108016	0.241328	282248	167932	0.12204
0	0.00286182	0.235043	288218	173953	-0.194858
0	0.0134169	0.218318	280230	200006	-0.0324147
0	0.0225278	0.194393	262320	224038	0.352825
0	0.00551409	0.217916	270298	242006	0.219091
0	0.0379537	0.182503	282226	248105	-0.231851
0	0.0116081	0.228072	266342	57959	-0.0180113
0	0.0267179	0.251948	282256	85974	0.0568594
0	-0.0655477	0.226862	278210	125971	0.129076
0	0.0307564	0.225546	280272	149970	-0.124238
0	-0.00375714	0.203372	274320	187968	0.0137143
0	0.0285275	0.183092	276274	214078	0.153316
0	-0.0742822	0.17717	280272	218095	-0.193638
0	-0.0510558	0.198136	284250	244058	-0.0763107
0	0.00349298	0.21152	286254	254039	0.216435
0	0.0186579	0.219437	288224	53981	0.0479012
0	0.0111378	0.261966	276280	71970	-0.0333898
0	-0.0303828	0.217773	266332	131954	-0.0954107
0	-0.0130115	0.228025	286218	173895	0.0195744
0	-0.0112444	0.198731	278260	180015	-0.144879
0	-0.0147133	0.235996	282256	205954	-0.0329369
0	-0.00622756	0.225976	288216	220022	0.208167
0	0.00679178	0.167081	288200	258042	0.115749
0	-0.00448438	0.176227	276254	260059	0.0191147
0	-0.0258936	0.242939	274284	44011	0.0387659
0	0.00348345	0.241812	274310	73990	0.153465
0	0.0656685	0.286117	272302	123930	-0.125253
0	-0.0137229	0.258032	276262	129980	-0.0962059
0	0.0133404	0.239527	280254	166004	-0.120797
0	0.0549827	0.211246	268340	210012	0.333805
0	-0.000719258	0.189885	280306	228037	-0.302224
0	0.0609974	0.228849	278260	234020	0.688217
0	-0.074186	0.146469	286208	260086	-0.117635
0	0.0469561	0.231233	284228	38005	0.00411549
0	-0.0244387	0.259818	282262	68041	0.0121903
0	0.0204812	0.249769	280250	123948	0.0573875
0	0.0187515	0.228511	268322	149982	0.0534715
0	0.039738	0.232862	280250	185964	0.0397335
0	0.0346595	0.218695	282278	215980	-0.291418
0	0.0131276	0.192975	286218	243925	-0.46629
0	0.0298701	0.179474	278274	251988	-0.188428
0	0.00958174	0.161022	284230	264054	-0.140558
0	-0.0178261	0.246598	276260	40000	-0.0246141
0	0.020924	0.234099	282268	91968	0.0822859
0	0.0561859	0.267123	276320	121956	0.206205
0	0.0506335	0.214205	288226	148002	0.137095
0	0.00533705	0.195696	282212	205896	0.00493384
0	-0.0525551	0.237202	274290	213967	-0.586783
0	-0.00946755	0.199199	274274	230030	0.00398488
0	0.00899698	0.202167	286238	255962	0.556013
0	0.0273211	0.169038	280252	250080	-1.12729
0	0.0328259	0.252877	276288	43961	0.00419843
0	0.0443663	0.237147	280268	81947	0.0534231
0	0.0473354	0.236134	282254	139907	-0.298231
0	-0.0162902	0.250598	262286	147941	0.469437
0	-0.00424659	0.218874	288240	197969	-0.158541
0	0.0193515	0.248305	280276	201966	0.0342752
0	-0.0132793	0.219125	278232	245886	0.761184
0	0.00365015	0.202437	274258	238035	0.293254
0	-0.0278892	0.187755	288220	256107	0.130856
0	-0.00562002	0.305424	278290	39963	0.0583228
0	0.0165767	0.250385	268312	77995	0.0459063
0	-0.0146129	0.239382	284202	113980	0.201324
0	0.0277554	0.227703	280232	145927	0.133376
0	0.0302421	0.234716	264328	185941	-0.344475
0	0.0277613	0.249419	280258	194021	-0.016976
0	0.00901803	0.236832	274280	221997	0.114316
0	-0.0263665	0.234133	286226	247997	-0.0862388
0	-0.0728492	0.174852	280258	258090	-0.358193
0	-0.026869	0.254634	276270	45950	0.0043376
0	-0.0359933	0.269122	266318	105888	0.0237709
0	0.0273365	0.262781	276266	107997	-0.0347034
0	0.036532	0.25214	276250	145982	0.119055
0	0.0368849	0.222634	274270	185936	-0.0480364
0	-0.029236	0.247832	286246	205921	-0.229771
0	-0.0157365	0.201675	284214	227982	0.898283
0	0.0285227	0.162745	280260	254056	-0.532237
0	0.0244573	0.157582	282258	262068	-0.275484
0	-0.0275846	0.277087	276270	53945	0.0294168
0	0.0240836	0.229643	282198	85975	-0.0741236
0	0.0251094	0.266816	282240	113977	-0.0501074
0	-0.00815884	0.215291	282252	187885	-0.00719732
0	0.0722151	0.236233	268312	177994	-0.935069
0	0.000657614	0.206284	266316	211978	0.298903
0	0.0357061	0.235912	280272	231961	-0.0202206
0	-0.0131933	0.204281	264306	234063	0.690797
0	0.00395361	0.162681	278246	262052	-0.0436202
0	-0.000530198	0.228624	278268	49961	-0.0471169
0	0.0203203	0.205694	276280	76046	0.185796
0	0.0110595	0.241327	268284	119925	0.190308
0	0.00922674	0.229628	274276	134018	-0.136844
0	-0.00267038	0.21645	284238	203887	0.139991
0	0.0265184	0.218208	278266	211948	-0.0621177
0	-0.035648	0.195473	272194	211950	0.808514
0	0.030129	0.226211	276290	232037	0.37329
0	0.0102086	0.216108	272268	250063	0.342722
0	0.0202668	0.235546	278284	49962	-0.0112164
0	0.00619163	0.256634	274282	85941	0.0548988
0	-0.034813	0.255525	270282	125953	-0.204302
0	0.00907314	0.237718	284236	161874	0.249137
0	0.00462967	0.261836	284240	189927	-0.236338
0	0.0012728	0.236357	266322	194029	-0.0906824
0	-0.00329013	0.233869	268322	224023	0.366968
0	-0.0111832	0.166888	268306	250058	0.833481
0	0.0150383	0.195383	288182	252081	0.0631106
0	0.025113	0.250271	270274	43960	-0.00753021
0	0.00418563	0.264073	262348	72001	-0.113435
0	0.00695087	0.215155	272288	114027	0.112173
0	-0.0084438	0.272069	272258	153920	0.19573
0	-0.00221136	0.2155	272268	187953	-0.195243
0	-0.00826915	0.228779	276286	192103	-0.344313
0	0.0291462	0.207366	292194	237940	0.419217
0	-0.0222623	0.194475	274286	236046	-0.293784
0	-0.020026	0.195643	280294	250119	0.426385
0	-0.00248732	0.258985	286212	34012	0.0403839
0	-0.0304781	0.22024	278284	83990	0.103816
0	0.00270781	0.280726	276254	115927	0.0689385
0	0.0074334	0.203465	288242	157954	0.464581
0	0.0101628	0.218248	278268	197889	0.0355138
0	0.0553859	0.253692	288236	217910	-0.236853
0	-0.00133219	0.216445	274270	222002	-0.0216599
0	0.0256214	0.235274	284222	251916	-0.310353
0	0.0402842	0.186336	274262	246110	-0.716169
0	-0.0424482	0.277127	270278	26037	-0.0218319
0	0.0262591	0.222717	270288	81990	-0.020587
0	0.0345231	0.240094	268286	127967	0.234168
0	-0.0251102	0.219296	282248	179863	-0.12438
0	0.00180695	0.236344	272308	187969	0.398746
0	-0.00639979	0.240705	272276	193991	0.275615
0	-0.027321	0.171075	276226	234043	-0.59406
0	-0.0226819	0.197675	286218	247997	-0.183019
0	0.0157732	0.198005	284258	262037	-0.235173
0	-0.012971	0.269661	274226	57915	-0.0358057
0	0.0361728	0.267383	290210	71996	-0.0383192
0	0.0103698	0.272036	284240	107976	0.154573
0	-0.00791231	0.211381	272298	148022	0.178178
0	-0.0123456	0.207562	278210	181982	-0.269984
0	0.00882308	0.240677	280252	193987	-0.206415
0	-0.0935647	0.209153	270292	224081	0.375778
0	-0.00711737	0.171911	282236	256027	-0.105004
0	-0.0131586	0.211398	262302	236110	1.23859
0	-0.0215313	0.254768	276300	40032	-0.000975647
0	0.0133116	0.262304	264332	73937	0.0571305
0	-0.030721	0.20774	270276	118042	-0.0380473
0	0.0104644	0.218753	270292	165938	0.225791
0	-0.0407411	0.253538	288226	170016	0.157591
0	-0.00166122	0.204738	282270	212009	-0.532149
0	0.00743018	0.228838	268288	221949	-0.164377
0	0.0159158	0.175696	274300	244070	-0.213796
0	-0.0384189	0.180324	282260	262003	0.107648
0	0.00253138	0.257901	280232	24027	-0.023274
0	0.00584904	0.213457	288258	89971	-0.0260299
0	0.0193335	0.251262	274328	119956	-0.197397
0	0.020365	0.212884	272282	163944	-0.20948
0	-0.0418521	0.221994	282272	182005	0.430672
0	0.059608	0.262976	280278	192003	0.0213434
0	-0.0141107	0.164245	282244	224052	0.907958
0	0.0220743	0.172311	276278	248094	0.176817
0	-0.00715996	0.194659	274274	244092	-0.0425965
0	0.0101983	0.254684	274292	49927	-0.023086
0	-0.000213305	0.232769	286216	83947	0.0942501
0	0.0388307	0.275621	288222	97983	-0.0680779
0	-0.00112215	0.280053	282228	153922	-0.0912235
0	-0.0799	0.253446	276280	177950	-0.345192
0	-0.0558961	0.196378	278270	233947	0.36677
0	-0.0454108	0.233223	280282	227982	0.350697
0	-0.0172588	0.172709	274260	226114	0.019662
0	0.0343413	0.158947	280260	258070	-0.348746
0	0.00665145	0.235936	284256	37958	0.0446715
0	-0.065988	0.235823	284234	70049	0.0345313
0	0.0216339	0.237031	270306	111982	-0.0485594
0	-0.0291032	0.247088	282236	153928	0.37381
0	-0.0222461	0.210051	278244	195978	0.368539
0	0.0521281	0.243475	290226	204010	0.187954
0	-0.0438182	0.180811	272338	240017	-0.317878
0	-0.0241272	0.180357	274294	258026	-0.299907
0	0.0115375	0.17726	278264	248063	-0.0641818
0	0.00574322	0.218363	278254	41994	-0.0741055
0	0.0159646	0.265884	268296	81932	0.0462953
0	-0.00562072	0.26166	284230	123941	-0.0404885
0	-0.00731811	0.245345	274270	147935	-0.0790788
0	-0.0271003	0.23097	274318	195899	0.343677
0	-0.013712	0.19194	270302	216012	0.197052
0	-0.0368809	0.215767	262328	221984	-0.0753977
0	-0.0215851	0.204216	280270	244035	-0.382419
0	0.0184164	0.223366	274272	252067	-0.0755175
0	-0.0241242	0.277246	280238	32018	-0.00301179
0	-0.000893642	0.264328	270314	73982	-0.0172288
0	0.0723685	0.251789	282258	106010	-0.0401085
0	-0.0197031	0.246915	286250	163897	-0.522487
0	-0.0477525	0.240257	284238	193952	0.444435
0	0.0189428	0.213659	274318	204033	-0.148046
0	-0.0182419	0.197405	284230	232008	0.155694
0	-0.0228789	0.206366	284264	257974	0.474842
0	0.0423941	0.190162	280262	254084	-0.981835
0	-0.0130894	0.242269	274306	43974	-0.0345742
0	0.0472987	0.226368	268284	74041	0.0572883
0	-0.0291011	0.232196	280272	106052	-0.24738
0	0.03573	0.241404	276264	159952	-0.151232
0	-0.00835853	0.180701	280224	185966	-0.446058
0	0.00878615	0.260507	264310	203945	-0.0761409
0	0.00737132	0.203612	268288	228068	0.0542131
0	-0.0190439	0.188881	276300	244063	0.675234
0	0.00458213	0.228342	278290	250077	-0.42105
0	-0.0169714	0.260512	272288	39978	-0.0233919
0	-0.0532045	0.265385	284230	77958	0.0917288
0	0.0176556	0.268396	274272	137881	-0.120908
0	-0.0117957	0.230238	280216	149938	0.120432
0	-0.0428656	0.255799	278260	172030	0.399747
0	0.0207511	0.212757	274322	196087	-0.54169
0	-0.0938046	0.199845	272294	226065	0.796863
0	-0.0546337	0.190322	280232	256007	-0.213246
0	0.00124639	0.161484	280266	248105	0.965722
0	-0.000906698	0.217443	268318	34025	-0.0251623
0	0.00855934	0.249516	272286	79952	0.131701
0	0.0399836	0.255922	268340	121974	0.0469412
0	0.0033343	0.272671	280248	167891	-0.0568702
0	0.00377566	0.219992	270292	175928	-0.320486
0	0.00411978	0.19959	278254	206012	0.254257
0	0.0348943	0.228693	270278	229992	-0.297101
0	-0.0125843	0.203796	264312	226070	0.0481243
0	-0.00133248	0.17037	280254	250111	-0.289325
0	0.0384463	0.255539	270318	51945	-0.0273897
0	-0.00923826	0.213184	282262	87969	0.0263815
0	0.0365788	0.257211	280268	102006	0.315248
0	-0.0355686	0.22693	284222	159961	0.0589163
0	-0.0191866	0.179178	282262	184024	-0.0557048
0	0.00346135	0.235704	282232	219864	-0.128284
0	0.00155189	0.216852	278228	229945	0.0619785
0	-0.0296025	0.222217	288244	249971	0.385699
0	-0.000762849	0.148713	278242	260046	-0.495215
0	-0.00322507	0.26054	268298	31990	0.0365986
0	0.000870127	0.247372	282270	75977	0.112497
0	-0.0121925	0.225666	282248	106013	0.0283496
0	-0.0187634	0.278197	272338	167918	-0.170961
0	-0.016841	0.269246	282234	173969	-0.156211
0	-0.0406879	0.201312	274280	188083	0.452233
0	-0.00769863	0.234846	268246	211999	-0.914116
0	-0.0317705	0.211261	284248	238038	0.320958
0	0.00746272	0.159883	286204	262078	-0.18834
0	0.0444418	0.231362	274260	30037	0.0455177
0	-0.000119509	0.242747	268302	81959	0.0570407
0	0.0283387	0.244109	274278	106028	0.12045
0	0.00748436	0.260716	284246	163886	0.362171
0	-0.01376	0.252187	274286	185919	0.0925753
0	-0.0129255	0.262254	276258	193975	0.385797
0	-0.0191387	0.216569	278286	222029	-0.272565
0	0.0304107	0.181538	282198	236046	0.40126
0	0.0321558	0.173297	264308	252087	-0.620034
0	-0.0364194	0.269785	282234	35974	-0.0266256
0	0.0104969	0.259417	280252	79995	0.0317932
0	-0.0128233	0.2593	272264	113906	0.0811343
0	0.00351783	0.257373	268314	157916	0.196082
0	0.00578417	0.272113	278276	185905	0.180947
0	-0.00877316	0.199134	278246	203972	-0.109956
0	-0.064484	0.229992	272292	214022	0.0893113
0	-0.0170192	0.182649	276278	244069	0.629546
0	-0.00221286	0.162853	278290	270087	0.691971
0	0.033186	0.263776	276268	41977	0.0654161
0	-0.022962	0.242303	274260	73991	-0.0487391
0	-0.0470877	0.280415	278294	115963	-0.233409
0	0.0178378	0.215191	272302	126056	0.258409
0	-0.032384	0.25706	284280	179984	-0.453359
0	-0.0123828	0.20704	280242	209996	-0.715788
0	-0.0545612	0.237398	276264	223943	-0.425285
0	0.0169203	0.207422	260342	228114	0.529261
0	0.0489629	0.156014	282260	272044	0.292317
0	-0.0150148	0.215909	280282	37988	-0.0362473
0	0.00842142	0.243497	276240	89978	-0.00608116
0	-0.0106634	0.224961	288218	111995	0.125708
0	0.0580179	0.21308	276282	151970	-0.22655
0	0.0106559	0.217484	272280	195861	0.224011
0	0.0316324	0.196769	286226	214018	0.0433991
0	0.00806303	0.218089	282260	234004	0.354698
0	-0.0142388	0.211763	282256	234038	-0.35591
0	-0.00789808	0.186449	278296	260089	-0.595234
0	0.0192594	0.261746	282260	43994	0.0347095
0	0.0130663	0.28574	286210	71953	-0.133336
0	0.0161443	0.239753	284254	126000	-0.0409608
0	-0.041836	0.255097	290220	161915	0.297899
0	0.0395221	0.197264	280252	200009	0.0948492
0	0.0139951	0.254798	274284	192040	-0.270743
0	0.0117334	0.215468	288192	235996	-0.095786
0	0.0290879	0.188211	282266	252002	0.0933677
0	0.0257061	0.18384	272296	254102	-0.135754
