0	-0.0394269	0.250477	266342	17053	0.0518994
0	0.0259594	0.233178	280258	47066	-0.115579
0	-0.0259036	0.203303	278258	75718	1.26552
0	0.0242768	0.195218	256436	91342	-1.76692
0	0.0787359	0.215255	278280	99047	-1.74791
0	-0.000857032	0.209742	280248	113064	2.09981
0	-0.0304362	0.216124	270288	113168	0.474115
0	-0.0192806	0.186354	270266	122969	0.197723
0	-0.0278252	0.118845	262376	123968	-0.904757
0	-0.0229904	0.28777	266302	21694	-0.0680725
0	-0.0135924	0.269169	270296	43964	0.545885
0	-0.0150669	0.226579	256362	63949	-0.0328022
0	0.058976	0.220464	276314	89956	-0.064949
0	0.0315383	0.237401	274304	97056	-1.42376
0	0.0593239	0.219831	274282	101853	-1.30062
0	0.00817247	0.211931	272280	113871	1.0625
0	-0.00893606	0.193548	284224	125311	0.223443
0	-0.0223271	0.178281	280236	133822	2.21556
0	0.012076	0.237781	268326	20932	0.0458703
0	-0.00191571	0.229211	276274	46143	-0.596227
0	-0.00703276	0.252096	278306	71940	-1.53312
0	-0.0324328	0.207044	274340	71755	0.97419
0	-0.0118257	0.245984	266284	95867	-1.8027
0	-0.0210405	0.22568	266334	107139	0.667686
0	0.03371	0.180191	276274	118221	-0.418487
0	-0.00194351	0.148068	270274	128119	4.38768
0	0.0160625	0.152682	276282	131137	-2.28339
0	-0.0160801	0.232961	278244	22877	0.180597
0	-0.027576	0.278695	278284	46068	0.474025
0	-0.0066738	0.259441	264338	58098	0.560646
0	-0.0346946	0.225635	270284	89743	-0.896882
0	-0.0103473	0.202201	258350	96325	1.42551
0	-0.00135932	0.167222	268344	108243	-1.21975
0	0.0590982	0.165739	258356	119015	-1.99627
0	-0.00535634	0.181769	262330	123046	-2.81701
0	0.0197197	0.160517	270334	126228	-1.95402
0	0.0215074	0.267384	278260	28113	-0.00440583
0	0.00697473	0.224039	254374	41853	-0.288673
0	0.00438867	0.270025	260362	57699	-0.750788
0	-0.0239761	0.232505	272292	85749	2.17826
0	0.0504021	0.200815	260332	88806	-1.32039
0	0.0363379	0.205782	274288	109061	0.779437
0	-0.0274789	0.188291	286246	125212	-1.82005
0	0.0231127	0.191351	276274	125753	-0.79398
0	0.00579198	0.138351	272320	128379	3.47957
0	0.0122509	0.297633	282276	21926	0.177445
0	0.0304418	0.243693	278252	42985	0.515088
0	0.0122903	0.265771	278250	63155	1.15346
0	0.00311308	0.217936	256366	82755	0.349499
0	-0.0222975	0.237956	276314	102003	2.19083
0	0.045173	0.234457	274278	114933	-1.04221
0	0.0152624	0.210612	286242	125853	-5.49351
0	-0.00749959	0.161312	270256	124866	-2.2056
0	-0.0296632	0.119918	270302	131683	6.67354
0	-0.00492035	0.258002	264360	15036	-0.0712109
0	0.018298	0.268033	274274	31845	-0.572659
0	-0.00394645	0.26029	274288	65878	0.116542
0	0.0564476	0.203094	274280	96129	-0.647801
0	0.0264971	0.214384	272288	101889	0.420884
0	-0.0264253	0.215245	276252	117254	0.905844
0	0.0214152	0.178153	292198	128851	-2.0897
0	0.0240249	0.215159	274298	121640	0.406744
0	0.0123623	0.155732	272288	129659	-0.0933669
0	0.0312727	0.255844	274274	19969	0.119616
0	-0.0183347	0.221294	280242	39092	0.340759
0	-0.00704973	0.290992	270318	61855	0.934303
0	-0.000693049	0.280308	272280	78121	-1.07807
0	-0.0131763	0.219681	266318	91970	0.241023
0	0.0597613	0.206669	284222	109391	-0.912397
0	0.0527143	0.185596	274292	121493	0.499944
0	-0.0625543	0.188792	270336	126895	-4.268
0	-0.0139194	0.13533	282236	133013	3.17795
0	0.00499548	0.257358	272300	23952	0.0638331
0	-0.0320889	0.224293	270308	43989	0.927402
0	0.0215881	0.289104	260390	57621	0.0805864
0	0.0185244	0.2465	264332	85976	-0.980776
0	-0.0619094	0.189713	280260	96111	-1.18539
0	0.026537	0.208814	278264	111034	-0.814836
0	-0.00934452	0.202718	264338	117000	-0.437947
0	0.00751806	0.185119	282240	131923	-1.87154
0	-0.020116	0.135573	272272	130685	-2.42335
0	0.0448458	0.238399	268312	22833	-0.370559
0	0.025382	0.25275	278228	49021	-0.0342009
0	0.0332197	0.260113	270326	60976	-1.06921
0	0.0124263	0.253819	280274	82820	-0.294735
0	-0.0592906	0.224879	280240	107054	2.27189
0	0.0188265	0.197171	256368	110179	-2.07848
0	-0.00145517	0.177919	262342	109877	-0.176958
0	-0.00658894	0.195877	270292	125387	-3.90765
0	0.05574	0.137206	280262	129914	-1.23676
0	0.0283221	0.242349	276252	24231	0.0767359
0	0.0552489	0.251101	270312	51867	-0.535195
0	-0.0474329	0.212093	270302	73247	-1.27218
0	-0.00564023	0.236339	272350	84970	-0.259334
0	0.0630745	0.230218	268320	103921	-1.13742
0	-0.00148952	0.164374	282242	115748	2.79079
0	-0.0144783	0.183996	274266	120035	2.27509
0	0.019689	0.179283	278322	129893	0.558293
0	0.0428422	0.174766	280234	131610	3.56444
0	-0.00269091	0.228383	278250	24999	0.264332
0	5.98679e-05	0.271696	274288	41095	-0.0955421
0	-0.0127472	0.238088	270266	57125	0.423744
0	-0.0215204	0.223335	274264	90577	0.910162
0	0.0336116	0.251083	266282	100183	-1.20622
0	-0.00706237	0.251872	274288	106480	3.50165
0	-0.0544598	0.16355	280294	118940	0.200236
0	0.0255365	0.128052	284256	132275	-6.61902
0	-0.0754508	0.192025	270328	126105	2.19008
0	-0.00753921	0.281003	264382	19974	0.0726824
0	-0.0142967	0.260759	268336	43094	0.0685253
0	-0.00454704	0.236655	264338	70981	-0.0102002
0	0.011621	0.222349	274340	91126	1.10888
0	0.0615804	0.230351	272314	86959	0.102425
0	-0.0336691	0.192109	274306	111944	0.341297
0	0.00835209	0.200587	282216	121214	1.45653
0	0.0279378	0.169105	280246	129691	-0.571097
0	-0.0252293	0.127856	274300	135062	7.68722
0	-0.00213952	0.266443	272264	24849	0.0153981
0	-0.0100366	0.23643	258358	39857	0.215045
0	0.0204008	0.206931	282182	62875	0.205796
0	-0.00984096	0.232241	294196	86250	0.76012
0	0.0118687	0.21441	266302	97130	-1.22822
0	0.00630324	0.206767	270288	107346	2.43209
0	-0.0303412	0.203477	272328	114834	3.40993
0	0.00220829	0.15678	282240	133000	1.67641
0	-0.0292188	0.160225	276258	131180	0.251038
0	-0.0468082	0.269696	278266	29887	0.201875
0	-0.038505	0.244761	276288	48044	-0.286925
0	0.0193925	0.247925	272306	70665	0.101182
0	0.0324701	0.233449	280258	77007	-0.705999
0	0.0138813	0.237032	268314	94259	-0.170515
0	-0.0196248	0.226246	268288	99203	-1.12872
0	-0.0240091	0.172423	274280	117098	2.30571
0	0.0258611	0.144475	274304	131318	6.00642
0	-0.0548019	0.142489	280262	129972	1.06215
0	0.00254569	0.203365	276306	35800	0.295608
0	-0.0163504	0.25881	282244	55970	-0.521204
0	-0.0464449	0.25111	276276	62962	0.549953
0	-0.0102851	0.240838	264312	85174	-0.639657
0	0.0226865	0.231019	270330	101960	-2.14577
0	0.0353947	0.188411	276264	112588	-1.94155
0	-0.00598705	0.189005	252430	107661	-1.69645
0	-0.00704978	0.162573	284200	135790	-2.82011
0	0.0226599	0.137563	278252	130943	-2.00913
0	0.0056813	0.262438	282236	25132	-0.257374
0	0.062017	0.23634	278266	38033	-0.0779084
0	0.0053246	0.224736	270318	71035	-0.119558
0	-0.00287811	0.216317	280266	80313	0.582582
0	-0.00594297	0.188693	280232	96797	0.301372
0	0.00338503	0.182747	252408	102373	-1.62191
0	0.0322229	0.195734	274286	119524	-0.325132
0	-0.0167636	0.175989	270270	123041	2.68444
0	-0.0154928	0.132155	272304	130797	-2.40628
0	-0.0170792	0.284398	264368	21029	-0.10873
0	-0.0389836	0.236273	270294	48004	0.0865218
0	0.0170289	0.245964	266254	70652	0.00533071
0	0.0226631	0.282439	268338	72692	-0.761045
0	0.0222064	0.23961	264340	90007	2.37459
0	-0.0264478	0.210865	264336	108430	2.88506
0	0.0266939	0.204332	284218	123924	-1.40959
0	0.000938528	0.162344	266312	124473	-1.01053
0	0.000939269	0.152172	264284	123929	-1.92586
0	-0.0110796	0.259641	284242	19956	0.00956685
0	-0.0322885	0.249144	260348	40900	-0.474747
0	-0.0105054	0.219944	264364	61991	0.108082
0	0.0378357	0.254343	276264	81249	0.848045
0	0.0202457	0.215458	268328	92005	1.49483
0	-0.0295232	0.210154	276244	109387	-0.715943
0	0.0404126	0.145343	288220	128195	-1.48208
0	0.0106101	0.159871	262298	125170	-0.68045
0	-0.0540448	0.140323	268318	127949	2.54573
0	0.0285073	0.26145	268352	19962	0.262784
0	-0.00732177	0.225108	276292	43924	-0.380867
0	-0.0130639	0.219136	282220	62474	-1.80196
0	-0.00271568	0.237088	276252	80769	-0.868085
0	0.0284151	0.198912	278258	104300	-2.29617
0	0.00495132	0.189006	242410	99103	-0.256787
0	-0.0277141	0.150933	284192	128505	-0.877837
0	0.00995279	0.163824	290158	132026	-2.6555
0	-0.0276574	0.169767	258352	122778	1.21498
0	0.0516488	0.236956	270306	25037	-0.253659
0	-0.00875819	0.249135	266348	53223	-0.0099254
0	0.0134419	0.23931	274256	66024	1.6025
0	-0.0184462	0.255318	276284	78944	-2.69368
0	-0.013347	0.236077	262350	95582	2.22083
0	-0.0406916	0.218793	278286	114053	2.47875
0	0.0254327	0.156488	264328	117322	1.34325
0	-0.00310158	0.170269	280240	126371	2.59231
0	0.00297907	0.111817	276262	134019	-2.82581
0	-0.0301792	0.270275	256368	15929	-0.0630323
0	-0.024399	0.254756	268284	47244	-0.447956
0	0.00875664	0.220251	272342	66952	0.358055
0	-0.0326603	0.276189	262338	72888	-0.421837
0	0.0185294	0.242935	264282	93729	-0.631834
0	-0.0127935	0.225257	264368	111906	-1.89298
0	-0.0461443	0.218886	274266	123131	0.476601
0	-0.00295865	0.147376	278304	125842	-3.01549
0	-0.0242152	0.169641	280234	128901	0.0112325
0	-0.0242552	0.251177	290176	23113	0.124954
0	0.00316494	0.284312	278250	39920	0.553597
0	-0.0353867	0.241857	280256	69912	0.272371
0	0.0113705	0.202674	278220	89786	0.728954
0	-0.0364612	0.297776	280306	89027	2.86448
0	0.0531688	0.177142	270334	113299	3.22042
0	0.019339	0.174868	272326	119117	2.15331
0	0.0683825	0.192758	280264	122961	-4.95824
0	-0.0462111	0.133756	274266	133628	2.7862
0	0.000171931	0.232662	276286	20860	0.0118463
0	-0.0519068	0.2593	288216	38221	-0.55994
0	-0.0406923	0.236519	272310	69949	0.237411
0	-0.0373531	0.221421	276282	85775	0.478441
0	-0.000436033	0.223458	272262	95959	0.700532
0	-0.00625769	0.196068	278280	119639	1.30567
0	-0.0118332	0.205008	264310	112061	0.041823
0	0.000673754	0.215602	282234	123612	-4.94805
0	-0.00607242	0.169736	276286	126016	-1.76346
0	-0.0194344	0.252532	282212	17912	-0.29207
0	-0.00584608	0.260279	274300	44252	-0.0360097
0	-0.0328763	0.275155	282196	65115	-0.0787976
0	0.000777768	0.235396	292182	84077	0.476848
0	0.0196659	0.241083	268308	95041	2.3463
0	-0.0147083	0.183776	272292	117326	-4.05142
0	-0.0117583	0.239145	264354	107899	0.871888
0	0.0114381	0.123609	278278	130752	-0.829436
0	-0.00142049	0.164918	264352	125148	2.49535
0	0.0200038	0.261949	266334	19009	0.0154304
0	-0.0119404	0.231879	266302	45001	0.415752
0	0.0465554	0.273402	276254	56830	1.38788
0	0.0254991	0.250882	276316	88592	-1.1242
0	0.0714876	0.233679	260334	94897	-0.0821573
0	-0.0214646	0.19001	268298	105236	-6.28502
0	-0.0369328	0.199127	282240	125859	-2.38388
0	-0.000825027	0.154305	276284	126408	0.524241
0	-0.0110264	0.115078	278244	131867	0.690171
0	0.0245524	0.25524	274294	27928	-0.199342
0	0.0171095	0.247072	278228	34042	0.639541
0	0.0526499	0.242557	266332	70879	0.662235
0	0.00763691	0.21622	272290	90698	1.03851
0	-0.00917584	0.237413	282224	97962	1.0169
0	-0.00967267	0.205948	282216	117468	1.78853
0	-0.000864379	0.215621	276220	120894	1.51872
0	0.0117887	0.17441	284232	130710	1.03658
0	-0.0112916	0.220272	266342	122164	0.590353
0	-0.0120867	0.217563	272286	23873	-0.243482
0	0.0476578	0.23254	266312	48954	-0.286551
0	0.03283	0.222722	270300	62162	-0.939278
0	0.00478395	0.211215	274298	81101	-0.0127073
0	0.0018712	0.222625	280226	99853	2.00893
0	0.0313108	0.222766	276280	113609	0.768708
0	0.0321266	0.180926	268352	121255	0.877376
0	0.00263426	0.166248	270300	127207	-2.8659
0	-0.0247964	0.156146	270296	124527	-2.53145
0	-0.00523585	0.277469	260378	20905	-0.126485
0	-0.00671802	0.234513	262288	45093	0.246691
0	-0.0321626	0.25007	268320	63045	-0.453682
0	-0.0226891	0.258804	268312	75900	0.0415731
0	0.0354876	0.221822	270338	94386	-0.233075
0	-0.0172059	0.235515	274284	103103	0.254635
0	-0.0117459	0.164976	266304	117924	-1.58946
0	-0.0347478	0.146276	278308	134122	1.4872
0	-0.0264889	0.161271	278300	135171	4.98694
0	0.0363596	0.270359	266328	21980	-0.0319837
0	-0.0164227	0.221826	278258	51954	0.0607219
0	-0.0338994	0.229586	262352	67111	0.116066
0	0.0108732	0.22147	274254	86872	0.860632
0	0.0298998	0.188454	272314	101927	0.713373
0	0.0163592	0.202172	268286	107908	-3.73163
0	-0.0294144	0.162193	272250	120152	-1.98418
0	0.00267071	0.164531	280270	125889	-3.71715
0	-0.0348837	0.138143	278238	134238	-2.25236
0	0.00935841	0.231623	272324	18922	0.11974
0	-0.0223087	0.254458	282184	42656	-0.603903
0	-0.0217747	0.259269	282262	70830	-0.125051
0	0.00327454	0.231484	276254	80283	0.743317
0	-0.0165106	0.210001	282256	110361	-0.453241
0	0.015906	0.173863	260342	113771	0.696174
0	-0.0171938	0.199166	266304	116353	2.14357
0	-0.0281279	0.177476	268324	123868	1.46422
0	-0.022708	0.177755	276280	132278	-0.600842
0	0.0404571	0.256982	276284	20057	0.0681613
0	0.0280734	0.20273	268320	52197	0.907471
0	-0.030581	0.234587	276300	69075	1.76552
0	0.042989	0.275902	270310	83902	-1.55075
0	-0.00236593	0.227848	266304	94923	-1.16986
0	-0.0168403	0.208696	274280	111057	3.61053
0	-0.0376722	0.169242	286240	128426	5.80962
0	0.0347949	0.166236	284242	128049	1.23965
0	0.00350364	0.123502	268300	133090	2.41815
0	-0.00625613	0.212947	274306	24962	0.104773
0	-0.0372836	0.252289	264340	49722	0.0959173
0	0.0021837	0.232397	268304	68882	-1.02256
0	0.0109693	0.227165	286220	89919	-0.623936
0	0.0161147	0.226463	284236	95977	-2.53199
0	-0.0215256	0.20441	274290	111963	1.90873
0	0.0126175	0.220255	274282	114864	1.72114
0	-0.0325796	0.189305	282254	132330	-1.65795
0	0.000659069	0.129503	268310	124688	-1.74952
0	0.0108932	0.278018	286200	22077	0.236289
0	-0.0141571	0.22603	264324	44902	-0.31703
0	-0.0147455	0.231768	270256	73699	0.622033
0	-0.00632185	0.238275	284178	89802	-1.39106
0	0.00751567	0.227136	278290	101540	1.04314
0	-0.0462994	0.224549	268356	105979	0.206971
0	0.0241469	0.184158	284212	124808	-1.39718
0	-0.0349647	0.20387	272326	126772	2.88801
0	0.00898017	0.113203	280268	137746	4.49601
0	-0.00281372	0.229115	280266	26894	-0.0856991
0	0.0428035	0.246043	284260	56041	0.0164955
0	0.00875801	0.252534	278260	64030	-0.301471
0	-0.00882391	0.198659	264352	80821	1.71507
0	-0.0365739	0.249358	270280	101838	-0.0489412
0	0.040679	0.19222	264350	115104	-1.95047
0	0.0363368	0.15515	270300	117251	3.77005
0	0.00872531	0.157923	278270	125987	-3.23656
0	-0.009449	0.154219	258322	120080	1.23735
0	-0.0234898	0.210772	284210	19064	-0.0574777
0	0.0292	0.23047	268308	51903	-0.43457
0	0.0218118	0.223874	268316	61704	1.56557
0	0.00885167	0.227973	278246	96798	-1.54629
0	0.0472718	0.1896	286254	97940	-0.649452
0	0.0310397	0.227987	270320	108976	-3.37512
0	-0.0185835	0.165362	280270	126151	5.14638
0	0.000836674	0.182278	264318	120149	3.44202
0	0.00544229	0.161518	276312	128613	-1.37888
0	-0.0332329	0.255348	252342	29076	0.276675
0	-0.0288654	0.225699	264306	47949	-0.136513
0	-0.00337216	0.204854	274270	68977	-0.42684
0	0.0565758	0.22353	268274	81957	-0.791704
0	0.0334856	0.210935	274284	98798	1.1353
0	0.0298856	0.222745	272274	108943	0.545594
0	-0.0275772	0.175446	280214	126343	-0.142047
0	-0.0438054	0.141448	272294	123182	0.615662
0	-0.0305656	0.13368	268332	127962	-0.884872
0	0.0599132	0.232431	272264	22159	0.211114
0	0.0145988	0.26186	274302	42866	-0.203457
0	0.0261364	0.258182	278274	73191	0.374774
0	0.0250506	0.24159	258384	79795	0.691136
0	0.06924	0.166894	286216	110135	0.279658
0	0.00847441	0.176362	278270	111975	-2.92754
0	0.00853481	0.172251	278298	119469	-2.67869
0	-0.0170432	0.120286	266332	126972	1.05373
0	-0.00590877	0.160655	282214	131834	-1.2494
0	0.00593725	0.210471	290226	17112	-0.178747
0	0.0279391	0.238181	280200	47121	-0.180654
0	-0.0491097	0.22767	262352	64827	0.429196
0	0.0429941	0.238902	274278	85080	-1.13698
0	-0.00344234	0.216259	266282	90989	1.68487
0	0.0228941	0.164015	282200	108640	0.650027
0	-0.0262421	0.160808	276266	128980	-0.354447
0	-0.0118765	0.172131	260326	118987	-0.237462
0	0.0215435	0.124778	274314	131528	-1.26927
0	-0.0370571	0.256492	266310	15874	-0.393014
0	0.00702756	0.246073	278280	53924	0.369784
0	0.0140235	0.215635	270296	63035	0.210058
0	0.0304874	0.273941	268314	77902	0.108166
0	0.0521763	0.212232	276226	102053	0.120458
0	-0.0137196	0.21285	258352	104957	-0.0542473
0	0.0268319	0.17194	278262	118738	0.0700195
0	0.00704655	0.19534	276260	123402	4.01191
0	0.0123918	0.174702	268322	127825	1.90224
0	0.0250762	0.227035	268274	25864	0.107063
0	-0.0269759	0.262562	272326	45244	-0.453908
0	-0.0465381	0.27568	270282	55126	-0.169633
0	0.0308736	0.228485	278242	76887	1.9268
0	0.0107462	0.203256	278260	92131	2.4177
0	0.0238132	0.271633	266324	100113	-1.52063
0	-0.00629236	0.142477	270330	121924	-1.72958
0	0.0260412	0.148158	276304	129856	0.959058
0	0.0283746	0.150905	254384	119960	0.000263729
0	0.0280573	0.249078	278242	26991	0.023683
0	0.0104999	0.242494	270272	47863	0.106212
0	-0.00511869	0.231922	268290	60942	0.800418
0	0.0480425	0.243761	288142	87738	-1.15063
0	0.0057486	0.24793	276290	99778	1.07002
0	0.0240553	0.20793	270274	106536	-3.3534
0	0.0419054	0.193715	276260	120519	-5.33914
0	-0.0267378	0.140422	268324	121260	1.27164
0	0.0123634	0.159491	276282	129328	2.95002
0	-0.0464066	0.241666	278288	14099	0.321056
0	0.000152245	0.248009	274298	37834	-0.491197
0	0.0260959	0.269307	278260	75634	-0.0874174
0	0.0111319	0.253762	272262	78157	0.214716
0	0.0145405	0.256173	278266	92456	0.324751
0	0.0125402	0.206485	276298	119265	-1.47925
0	-0.0539224	0.158411	280246	127256	1.5817
0	-0.0197568	0.177224	282180	121872	2.37917
0	-0.0206148	0.13743	272294	128777	4.44692
0	0.0160468	0.241047	262314	20939	-0.25608
0	0.0176766	0.242869	278266	44843	0.474861
0	0.0284683	0.264923	272316	63878	0.343526
0	-0.0189972	0.207119	276276	79060	0.572429
0	0.00542608	0.187257	264318	98093	-0.104814
0	-0.0308583	0.213117	284206	114544	1.68747
0	-0.0568848	0.165281	274270	122036	2.07716
0	0.0274506	0.198606	260356	120859	1.9025
0	-0.0147146	0.122719	274294	133982	2.35491
0	0.00351679	0.242318	278248	17955	0.0106337
0	-0.0190549	0.24683	286240	41059	0.231591
0	0.0525985	0.256052	286170	67448	1.34812
0	0.0157366	0.224217	274308	79707	0.853036
0	0.0259662	0.212483	248442	82930	-1.65184
0	0.0457131	0.181354	284258	117844	-1.58513
0	0.0246229	0.161167	278254	118986	0.298843
0	0.0143331	0.156178	278284	128930	1.46582
0	0.0417184	0.145005	262294	125380	-2.40867
0	0.0150825	0.234352	278308	19137	0.0825862
0	0.017603	0.245686	274286	53764	-0.830853
0	-0.0167301	0.203645	282204	64878	-0.342434
0	-0.00873468	0.218494	276318	86806	0.980259
0	-0.0333274	0.231559	266276	89656	4.22285
0	0.0266722	0.231752	272290	110948	-1.66293
0	0.0273039	0.171821	280254	122355	-3.72253
0	0.0141554	0.24005	282230	124100	-1.95746
0	0.0490299	0.174331	268340	121803	3.31766
0	-0.000311735	0.267033	262324	16102	0.146004
0	-0.00328388	0.234319	258382	44892	0.636475
0	-0.044616	0.231815	280226	52770	0.759856
0	0.012464	0.25176	272284	85611	1.30585
0	-0.0398319	0.217667	274292	97014	0.97068
0	-0.0125454	0.203193	268294	111790	2.11307
0	0.0132659	0.195822	272294	119220	2.7899
0	-0.0290373	0.149319	284274	131081	2.37462
0	-0.0412294	0.173146	274312	126186	0.914411
0	-0.00625149	0.244944	276256	26993	0.135779
0	0.0377967	0.254779	270330	43877	0.0369542
0	0.0130216	0.256698	262342	63836	0.588232
0	0.0403671	0.244669	264330	75926	0.57714
0	-0.00475834	0.162903	264412	102515	0.361254
0	-0.04035	0.224974	262334	107257	1.60178
0	-0.029071	0.219691	264350	116027	1.0196
0	0.0367739	0.211452	274270	127198	3.98683
0	-0.0164002	0.141722	282246	132072	0.701398
0	0.0307963	0.227071	270288	21926	-0.0830697
0	-0.0072172	0.237325	280280	42898	0.0583701
0	-0.0121671	0.220538	272248	63266	-0.866056
0	-0.0439284	0.234092	264358	77816	0.667349
0	0.00201045	0.198281	276268	99587	-1.39778
0	0.0202748	0.172738	266352	110824	3.42035
0	-0.0024474	0.170617	284208	122409	1.65047
0	-0.00209376	0.17564	264346	120621	-4.31996
0	0.0525151	0.119575	270294	128163	-1.02544
0	-0.0115359	0.284834	274278	19896	-0.14577
0	0.00283395	0.261426	272294	48027	0.370732
0	0.0104495	0.251333	266338	67130	-0.807355
0	-0.012217	0.234959	284240	85746	0.546641
0	-0.00243263	0.22089	270298	95444	1.39348
0	0.00331159	0.199143	274280	114086	2.99917
0	0.0355424	0.169612	278210	119633	-3.55153
0	0.0134712	0.190303	274270	126385	-2.16805
0	0.0374348	0.146311	280250	134854	-0.0761784
0	0.011353	0.227419	264344	30883	0.0585164
0	0.0283658	0.249877	266350	51968	-0.437512
0	-0.0714925	0.225783	268252	58912	1.9125
0	0.0387673	0.222317	284220	91721	-2.52749
0	-0.00685252	0.191935	260380	99676	0.942327
0	0.0198983	0.158997	272286	111329	2.74208
0	-0.0862716	0.150258	268334	117966	3.40319
0	-0.0527048	0.172826	264334	118151	0.41838
0	0.00458397	0.169862	272324	126095	-0.110863
0	0.019088	0.21951	272286	26808	-0.0811417
0	0.0101694	0.260667	254428	45250	0.257141
0	-0.0238946	0.219056	280274	72890	-2.04186
0	-0.0147528	0.221389	276280	87849	0.541957
0	-0.0176885	0.189427	276302	99407	1.78836
0	-0.0204518	0.221679	276272	110119	1.68861
0	0.00389466	0.202393	266364	112121	-2.8285
0	0.0213476	0.137447	274260	129824	-4.25098
0	-0.00530696	0.151188	270280	127900	0.265888
0	-0.0257313	0.242319	272298	22997	-0.00992668
0	0.00674269	0.24244	280280	46882	-0.824306
0	0.0627849	0.288971	264358	62077	0.739825
0	-0.0188661	0.257414	264302	70100	1.44675
0	0.0129247	0.240043	268324	93785	0.00390208
0	0.0490008	0.191844	264356	117051	2.12838
0	-0.00550751	0.157999	272326	119261	1.13425
0	0.0557513	0.192009	264328	118016	2.26204
0	-0.0602368	0.104373	274266	134801	-4.30239
0	0.0464487	0.230961	286220	21038	0.156331
0	-0.0241855	0.26033	280288	27891	-0.0637763
0	0.0183051	0.250306	274288	68595	0.710194
0	0.0212167	0.224924	268354	80852	-0.686067
0	0.0423659	0.220478	280252	98949	-0.748638
0	0.0323873	0.199057	286250	117029	0.390249
0	0.0150666	0.166024	284228	129031	-1.04798
0	0.0234554	0.155759	268310	123699	1.73598
0	-0.000944647	0.148409	274258	131136	3.01736
0	-0.0188147	0.246267	278248	20926	0.271981
0	0.0219749	0.233708	270326	50115	-0.23298
0	0.0591508	0.270746	262396	59992	-0.683262
0	0.0573297	0.213597	276296	85469	-1.87177
0	0.00840946	0.182062	254330	95915	-0.916787
0	-0.0443198	0.214482	280246	111916	-3.05739
0	-0.0176179	0.176887	270304	117548	2.4491
0	8.15033e-05	0.16995	254418	117727	3.23066
0	0.0384445	0.124779	272292	128825	-4.46431
0	0.0327273	0.253235	264348	27990	0.0337899
0	0.0440181	0.236253	284252	42760	0.157891
0	0.0513881	0.233245	270324	64771	-1.51403
0	-0.0201835	0.245576	270258	87884	1.63741
0	-0.00621307	0.209018	270324	96047	0.431401
0	0.0270914	0.233753	278282	102702	-2.28768
0	-0.0166276	0.202676	284184	124960	1.76567
0	0.00426898	0.167156	286174	137893	0.107607
0	-0.0180127	0.173808	284250	130418	-2.8321
0	-0.00626423	0.304851	272324	23931	0.251586
0	0.0168355	0.250805	278282	46738	-0.0317301
0	-0.0206491	0.240579	266316	66160	2.01218
0	0.0221847	0.223093	278212	84737	1.8046
0	0.0294595	0.229773	284232	95952	-0.109693
0	0.0361363	0.230059	280262	107898	-2.52948
0	0.0274736	0.208673	270302	112262	-5.42236
0	-0.0229081	0.21782	266336	119893	-1.12377
0	-0.0721692	0.129817	280272	133041	-0.562207
0	-0.026155	0.254955	284254	27860	-0.209862
0	-0.0350429	0.267706	270326	51101	-0.261352
0	0.025796	0.263801	240432	64066	0.427466
0	0.0351319	0.245215	276244	80021	0.53908
0	0.0399838	0.218747	278268	101478	-0.977706
0	-0.0198406	0.232584	280266	102682	-3.04839
0	-0.0180643	0.191077	272280	116617	1.59663
0	0.0251258	0.140413	260346	122877	0.486846
0	0.0397138	0.133465	262334	127215	-4.85245
0	-0.0272064	0.276658	274258	26996	-0.0840619
0	0.0235134	0.232377	260348	46131	0.0969588
0	0.0236831	0.264222	270350	56989	0.377782
0	-0.0100486	0.210553	268316	93225	0.559727
0	0.0694217	0.22333	270314	103712	-0.0970612
0	-0.00555047	0.184571	270300	117190	2.16133
0	0.0387284	0.214205	282240	124969	-0.926917
0	-0.00510834	0.178169	272274	125112	-1.73468
0	-0.00347729	0.122137	264314	129299	2.18565
0	-0.000879753	0.227986	260352	25038	0.0577494
0	0.0193923	0.206945	268328	38879	0.464197
0	0.0121518	0.240708	282222	62997	-0.137367
0	0.0116287	0.224672	266322	76137	-0.857434
0	-0.00207944	0.205049	268308	101700	-0.0372922
0	0.0284878	0.210233	264352	113969	-0.652945
0	-0.0450285	0.176969	260310	117819	3.62265
0	0.0242146	0.212299	268334	119214	2.14762
0	-0.00590828	0.179854	276246	131895	5.17778
0	0.0207302	0.235166	282254	28861	-0.150242
0	0.00609999	0.255711	274278	42836	0.0823908
0	-0.0383658	0.252934	280220	62613	0.861537
0	0.00836667	0.236887	274282	83030	0.461078
0	-0.00264351	0.261176	252414	95004	1.94562
0	-0.00137349	0.227196	262332	108961	0.703204
0	-0.00214431	0.217525	278266	123027	0.0232235
0	-0.0105393	0.137265	262334	121177	0.640294
0	0.00325446	0.157891	252390	120147	3.59827
0	0.0250607	0.250082	266306	23953	0.00814505
0	0.00212018	0.264156	266320	36889	0.5062
0	0.00794877	0.21348	272304	63841	-0.187197
0	-0.00779318	0.266774	264310	73306	0.000544816
0	0.00328965	0.204008	276224	96272	-1.84555
0	5.48412e-05	0.202953	274292	113810	-2.84151
0	0.0423311	0.190514	258348	113669	-3.53626
0	-0.0264326	0.17039	270324	123000	0.957295
0	-0.0208081	0.166852	266360	126973	0.661027
0	-0.00298637	0.258747	274274	26954	0.1901
0	-0.0299738	0.220974	286252	46849	-0.0474771
0	0.00131635	0.281238	276268	67914	0.486377
0	0.00902713	0.199172	280284	85641	-0.0135385
0	0.0203321	0.211105	266340	100563	-3.01526
0	0.0569082	0.244213	280282	113100	-0.69354
0	-0.00507613	0.195623	288200	120928	1.10152
0	0.00124345	0.206419	284226	125836	7.00302
0	0.0330475	0.15575	280254	133064	1.45486
0	-0.04274	0.277095	278244	15952	0.0656927
0	0.0272448	0.223148	280206	45998	-0.316299
0	0.0388723	0.237607	272298	67845	-1.07058
0	-0.0196503	0.211116	272286	89775	-1.76233
0	0.00712597	0.230741	274292	98468	-1.19696
0	-0.00855819	0.238404	276268	105983	0.923135
0	-0.0211537	0.150275	274224	125927	-2.44425
0	-0.0324422	0.169668	258350	117831	2.74509
0	0.0156528	0.179981	274302	125896	-0.199077
0	-0.0122699	0.270336	262272	31831	-0.24612
0	0.0363454	0.269516	268336	45986	-0.0901118
0	0.0098881	0.269435	266332	59827	0.29908
0	-0.011871	0.208744	274300	83173	1.3658
0	-0.0134382	0.197655	280196	99950	0.0577856
0	-0.00116974	0.22523	274290	107739	2.79143
0	-0.0876528	0.188792	266292	115111	-1.39781
0	0.00540292	0.144878	272288	127142	-3.86109
0	0.00187571	0.17811	280224	132801	-3.27171
0	-0.0211268	0.254888	280248	20012	-0.122326
0	0.0126181	0.261364	268326	39550	0.265169
0	-0.0295183	0.2049	266310	70961	-0.398857
0	0.00497681	0.212898	272260	84902	1.87205
0	-0.0450292	0.2424	276260	95713	1.44401
0	0.000344589	0.188394	280272	116866	-1.13389
0	0.00564181	0.208249	260312	116014	0.372135
0	0.0115075	0.142998	284256	127807	1.10868
0	-0.0241329	0.151271	266352	127854	-4.17815
0	0.00229125	0.257884	282240	16911	0.0487659
0	0.00596822	0.212585	270340	42913	-0.0617838
0	0.022636	0.24699	274332	66885	-1.18816
0	0.0225682	0.209077	272286	91040	-0.870458
0	-0.0370097	0.215803	278264	93141	-1.02204
0	0.0588537	0.240961	272304	106968	0.247621
0	-0.0147644	0.141719	274284	126526	1.10406
0	0.0247915	0.142259	276282	126317	-0.638342
0	0.0124978	0.167793	282248	132973	-5.93994
0	0.00965759	0.25405	282244	29981	0.13913
0	-0.00194572	0.232229	258364	43137	0.613973
0	0.0419132	0.273444	272282	60919	-0.992839
0	0.000506432	0.275062	264358	79981	-0.579798
0	-0.081763	0.24342	266336	98822	0.213705
0	-0.0553773	0.174496	272282	121841	0.21115
0	-0.0385516	0.21325	266358	114053	-1.70707
0	-0.0280883	0.152768	268298	120906	3.2685
0	0.0304567	0.120877	278256	136664	0.816633
0	0.00692785	0.235129	282278	21137	-0.0382468
0	-0.0640702	0.2359	278256	42931	-0.540823
0	0.022003	0.234972	272282	60769	-0.159304
0	-0.027117	0.243904	278264	93516	-0.222053
0	-0.0298183	0.197856	270290	109243	2.6402
0	0.0527441	0.227028	278296	112983	0.00313969
0	-0.039729	0.166822	272320	113079	-1.54466
0	-0.0243059	0.156846	288236	132930	-0.246292
0	0.0155102	0.152867	268366	126068	-1.256
0	0.00502344	0.218548	270296	19126	0.14183
0	0.0154193	0.265737	266324	42826	0.209898
0	-0.00807621	0.258506	262342	63771	0.696157
0	-0.0123857	0.238256	274258	80969	1.44121
0	-0.0360106	0.217219	276276	101080	3.01679
0	-0.0235014	0.177697	268324	108979	3.13385
0	-0.0416397	0.200295	286220	127800	1.35225
0	-0.0159529	0.185349	272308	129048	-2.07206
0	0.0151623	0.199559	276266	133047	0.900698
0	-0.0246079	0.277114	264310	21924	0.142087
0	-0.000667367	0.264262	258398	35939	-0.0851113
0	0.0762199	0.252786	268352	50098	-1.19554
0	-0.0150261	0.237965	282252	92942	-1.92557
0	-0.0497579	0.233116	274286	97296	1.04606
0	0.0229899	0.19547	272352	114643	-1.36217
0	-0.0156554	0.17896	266322	118997	-0.62028
0	-0.0246488	0.194089	278284	128305	1.0058
0	0.0593678	0.162432	260364	121010	-6.07394
0	-0.01311	0.242201	268330	22812	-0.028385
0	0.046311	0.22505	280234	43938	0.353577
0	-0.0319449	0.231108	282274	61976	0.605767
0	0.0266635	0.237178	262334	91015	2.5687
0	-0.00901667	0.176368	278232	99034	-0.248617
0	0.0189298	0.253817	268314	105610	-3.11923
0	0.0104857	0.186383	284212	126848	-0.880095
0	-0.00343052	0.15724	270342	125106	-4.00878
0	0.0111523	0.191082	264360	123542	-2.39211
0	-0.0164331	0.260335	272274	16959	-0.184875
0	-0.0541926	0.266056	280240	49137	0.388149
0	0.0199231	0.268502	286212	77038	-0.801167
0	-0.0118392	0.229423	286188	83048	0.133479
0	-0.0405312	0.244248	282250	97707	-0.300559
0	0.0172849	0.195574	274326	111006	0.49817
0	-0.0962483	0.183241	270286	121022	1.52996
0	-0.0368062	0.165129	262328	113173	-5.56149
0	-0.00253791	0.133626	280252	129875	2.10101
0	-0.00148632	0.217388	256390	23067	0.148724
0	0.0095055	0.247754	278246	43963	-0.152149
0	0.0404587	0.253281	274326	74973	-0.0955901
0	0.00676649	0.265233	270296	79060	-1.08653
0	-0.00185038	0.204499	276270	103327	1.36733
0	0.00888333	0.184514	266310	106019	-1.17481
0	0.0259647	0.208194	266314	115933	2.3818
0	-0.022131	0.179813	272294	125316	2.91214
0	0.00667349	0.151752	286212	133521	-2.69112
0	0.0378899	0.255696	290226	29845	0.139524
0	-0.00814127	0.211983	274310	50003	-0.302716
0	0.0375383	0.25624	262322	56752	0.0273869
0	-0.0375328	0.221484	264326	81908	0.648158
0	-0.0176571	0.169709	276304	98901	-0.514538
0	0.00278182	0.224293	276256	107988	0.0755752
0	-0.000219419	0.190902	268274	118306	0.59337
0	-0.038015	0.194049	262384	120022	2.90943
0	-0.00711031	0.122502	264330	129894	1.40902
0	-0.00314843	0.260773	268290	19094	0.0136078
0	0.00073178	0.245337	268328	41143	0.154001
0	-0.0124493	0.221576	272336	65112	0.105389
0	-0.0184696	0.278448	284260	91646	-0.259101
0	-0.0117267	0.264322	280216	91773	-1.69052
0	-0.0309638	0.186806	286218	111181	-2.46499
0	-0.00909484	0.20189	284182	126264	-0.495253
0	-0.0269422	0.185196	268322	118502	-1.12754
0	-0.00858235	0.133436	290182	142000	4.62518
0	0.0447231	0.231249	272266	18012	-0.0388607
0	-0.000283563	0.241969	280264	40801	0.106257
0	0.0287751	0.239666	282204	64893	-0.0104971
0	0.0117536	0.256516	274298	85672	-0.918615
0	-0.0169818	0.244913	270304	99957	1.05914
0	-0.00936047	0.256224	278274	101690	-0.683719
0	-0.0265409	0.213511	276284	116657	1.94809
0	0.0347076	0.154408	280248	124637	-0.887795
0	0.0210512	0.129722	268312	127842	2.71134
0	-0.0360081	0.270088	250392	15935	-0.150012
0	0.0114815	0.257482	264358	41932	-0.263586
0	-0.00892554	0.257646	280240	63857	-1.0882
0	0.00198053	0.249687	268320	81884	0.657273
0	0.00535066	0.259703	272302	94081	0.311002
0	-0.00910199	0.182978	282244	114146	-0.0113047
0	-0.0667531	0.203917	268282	112949	0.770059
0	-0.0253016	0.16052	282264	131065	3.11427
0	-0.0104087	0.130842	286246	137961	3.15071
0	0.0331111	0.263673	270302	24762	0.087887
0	-0.0223057	0.242035	266296	35941	-0.245618
0	-0.0475223	0.280742	258398	60970	-0.103023
0	0.00880805	0.208536	278266	76153	2.96734
0	-0.0381234	0.249612	274324	96121	1.26846
0	-0.010315	0.188695	260346	102899	-1.33612
0	-0.0438747	0.225367	268318	110929	-3.63124
0	0.0156674	0.181547	266306	121796	0.905127
0	0.0552399	0.11537	280264	133850	-1.59077
0	-0.0150187	0.21634	266354	21091	-0.0350737
0	0.00978691	0.243849	270282	46862	-0.415729
0	-0.0114589	0.224994	278266	65833	0.364342
0	0.0509922	0.203846	268334	78954	1.88116
0	0.0100702	0.207101	270286	95782	0.399725
0	0.0367217	0.18365	268322	111745	-1.48341
0	0.0198333	0.185678	276288	118000	-3.17637
0	-0.0209811	0.189669	278274	124023	1.66677
0	-0.000905923	0.157692	268328	130077	-2.69288
0	0.0188274	0.26153	266352	19078	0.16431
0	0.0131723	0.282657	272292	33021	-0.165143
0	0.0148145	0.236268	284262	74134	0.357978
0	-0.0413262	0.250266	284260	89765	0.144971
0	0.0423858	0.192277	270308	99103	-0.764248
0	0.000228951	0.242406	262338	94791	3.85909
0	0.00918977	0.200383	268296	115032	0.667307
0	0.0256428	0.163141	272314	127615	1.12691
0	0.013963	0.156394	270318	128025	3.38719
