0	-0.0390377	0.250385	274284	34011	-0.0648532
0	0.021834	0.235809	284244	99935	1.12203
0	-0.0246157	0.201276	276266	130019	0.879135
0	0.0242687	0.195637	282268	163977	-1.76449
0	0.0808491	0.214162	270326	190004	-2.38188
0	0.00750045	0.203087	290240	217990	-0.407437
0	-0.0194937	0.198085	282214	231960	-2.80864
0	-0.0191667	0.164111	258318	230101	0.163545
0	-0.0304605	0.0950381	280280	274127	-0.114196
0	-0.02302	0.28743	286234	41977	-0.0592115
0	-0.013663	0.269808	284248	87928	0.567068
0	-0.0134857	0.219776	274272	117965	-0.507179
0	0.0563049	0.211263	284248	177910	0.736375
0	0.0263551	0.232156	286236	183948	0.131216
0	0.0553166	0.208037	272316	208021	-0.0984572
0	0.0208568	0.19621	278256	235982	-2.74281
0	-0.0131143	0.174417	274274	246044	1.47693
0	-0.0056137	0.131791	268292	250118	-2.79846
0	0.011839	0.237777	276282	43977	0.116955
0	-0.00379181	0.228434	284246	77977	-0.0333954
0	-0.0143408	0.249773	288242	116001	0.659289
0	-0.0225247	0.200182	274320	169986	-1.99827
0	-0.0185729	0.22883	266274	169979	0.221453
0	-0.0330388	0.202536	276284	221994	4.26716
0	0.0338213	0.180179	282252	236072	-0.451886
0	-0.00977021	0.109836	286214	268051	6.73569
0	-0.012238	0.127242	274288	262136	6.20677
0	-0.0157471	0.233051	274246	40035	0.0806767
0	-0.0263534	0.276686	284254	81981	0.107227
0	-0.00700597	0.256956	284238	102051	0.660295
0	-0.0338211	0.226295	276258	159987	-1.15896
0	-0.0142041	0.196084	272268	201945	2.58255
0	-0.00794982	0.169172	280270	220024	0.757395
0	0.0427937	0.156213	282256	236078	2.89508
0	-0.000228064	0.155538	280260	244122	-4.3555
0	0.0119096	0.124201	290226	260090	0.389002
0	0.0210165	0.26671	278266	53944	0.142857
0	0.00759519	0.223611	274272	68027	-0.474809
0	0.00280705	0.270089	274280	112013	-0.276302
0	-0.0156705	0.23117	282226	167915	-0.31342
0	0.0403861	0.196613	272280	188021	1.68439
0	0.0344516	0.188061	276282	214076	1.34532
0	-0.0232496	0.151967	274304	244065	-3.08883
0	0.0241891	0.182693	272264	242052	-1.11688
0	-0.000215484	0.10463	268320	256168	5.2818
0	0.0132237	0.297154	280284	35968	-0.11438
0	0.0301398	0.24312	282246	73989	0.605667
0	0.0172575	0.270731	280248	112005	-0.336685
0	0.00535764	0.21645	280250	177900	-0.323871
0	-0.0213238	0.217506	274282	181955	1.89872
0	0.0349202	0.222524	284258	221997	2.03363
0	0.00625188	0.194675	288240	242028	-2.79035
0	-0.0351555	0.131976	280216	246065	6.09118
0	0.00496963	0.102459	276274	266115	-3.71632
0	-0.00537534	0.258568	288224	22053	0.0652863
0	0.0195546	0.269573	276286	71992	-0.949618
0	-0.00651917	0.256896	282244	133962	0.88836
0	0.0515395	0.198083	288226	165998	0.824614
0	0.0301745	0.205307	270316	200016	-0.682315
0	-0.0242863	0.211076	270280	212016	0.264146
0	0.0153347	0.163513	280260	238028	-0.265535
0	0.0367143	0.179283	272298	240076	-3.40007
0	0.0152147	0.129694	280256	266123	-0.94911
0	0.0315786	0.255889	286224	32012	0.027825
0	-0.0208249	0.221175	274282	58072	1.0878
0	0.00103615	0.283614	278288	129911	-1.49146
0	-0.00310537	0.267115	264320	159878	-0.354371
0	-0.00391986	0.198245	272306	209913	-2.5359
0	0.0634719	0.204835	272288	207986	-2.02558
0	0.0554637	0.171647	274300	240002	-0.32489
0	-0.0645103	0.177599	270324	246040	-3.6812
0	-0.0145513	0.0930434	282242	270123	3.36754
0	0.00433887	0.256829	284228	43971	0.260817
0	-0.0303781	0.222785	276284	85988	0.414144
0	0.0180995	0.290398	272310	109942	1.12719
0	0.020209	0.24047	278254	153944	-1.48617
0	-0.0654069	0.182926	282250	182025	-0.136142
0	0.0317294	0.194193	272310	204063	-2.37254
0	-0.0204735	0.207974	288208	224013	2.90074
0	0.0308482	0.155031	284220	254011	-8.87056
0	-0.0354927	0.104017	282226	270110	2.18966
0	0.0441555	0.237889	278284	37982	-0.163474
0	0.0274478	0.254182	282208	97891	-0.653943
0	0.0278359	0.256468	278272	125920	0.545929
0	0.0136785	0.249734	282258	147946	-0.670394
0	-0.0524024	0.22145	280234	187983	0.205443
0	0.0432879	0.18772	270308	216013	-9.4169
0	0.0136886	0.165812	274304	230091	-4.72009
0	-0.0011688	0.190446	280254	234061	-5.5337
0	0.0378189	0.116791	290206	262077	4.13955
0	0.0283838	0.242466	276240	45985	0.0582411
0	0.0545039	0.251366	276274	83967	-0.3117
0	-0.0467905	0.209102	284228	143927	-1.46491
0	-0.0119656	0.239273	284286	148012	1.63828
0	0.0564429	0.220125	274278	217872	0.85209
0	0.00120209	0.147413	278260	233991	1.98331
0	-0.0194985	0.164969	264306	226089	3.78115
0	0.0175013	0.158913	274328	244111	1.2146
0	0.0604668	0.144246	280238	264048	-1.72295
0	-0.00203675	0.229044	282246	55954	0.0680841
0	-0.00168033	0.272442	286230	77958	0.426518
0	-0.013648	0.237206	268262	103970	0.693988
0	-0.0183881	0.214445	272254	167945	-0.0295515
0	0.0271286	0.248671	276236	173993	0.738681
0	-0.00322787	0.237586	284226	217967	2.3513
0	-0.0681343	0.140855	282274	232095	4.30256
0	0.0142918	0.116662	286250	268065	-3.2456
0	-0.0799249	0.153811	280262	256112	3.53231
0	-0.00745427	0.281232	282258	33995	0.0471991
0	-0.014541	0.261311	286242	72002	0.141834
0	-0.00936538	0.237298	272306	125956	1.4353
0	0.0179734	0.210423	284274	183968	-0.79683
0	0.0576616	0.227891	276302	172039	1.27808
0	-0.0382743	0.174559	286238	241952	1.72287
0	0.00195819	0.184988	274278	236037	3.37469
0	0.0266801	0.148781	286226	252063	-0.193811
0	-0.0159738	0.110576	280266	260149	4.91056
0	-0.00291425	0.266491	270274	33999	0.247816
0	-0.00708267	0.236116	270290	79994	-0.671147
0	0.0219448	0.206242	266282	121971	-0.257403
0	-0.00535988	0.224885	290232	175912	-0.584204
0	0.019657	0.206219	276250	185978	-3.56471
0	-0.0055488	0.192125	278246	212001	5.9877
0	-0.0327621	0.173254	286254	224061	4.13622
0	0.0219639	0.123297	282240	260090	-4.25027
0	-0.0428145	0.137438	268324	256105	4.32973
0	-0.046506	0.269769	290224	45973	0.11123
0	-0.0381316	0.244505	288224	95943	-0.398966
0	0.0143984	0.242149	272298	131912	1.59943
0	0.0354218	0.227213	280260	169947	-1.5915
0	0.0186678	0.226208	282244	209916	-1.60645
0	-0.0252492	0.211813	282216	194050	0.558589
0	-0.0208901	0.14391	276282	234134	1.37001
0	0.0329507	0.119602	282256	260090	3.87953
0	-0.0607653	0.123494	278268	262109	2.85118
0	0.00358734	0.203717	276296	54013	-0.0168866
0	-0.019781	0.260426	278246	99896	0.507973
0	-0.0401965	0.248822	272302	125912	-1.32457
0	-0.0120708	0.226768	272274	155935	-0.103951
0	0.0148461	0.214493	278278	199968	0.20634
0	0.0214888	0.179756	278264	229937	2.23021
0	-0.00982575	0.158662	278278	240001	-0.544841
0	-0.000485583	0.128846	280228	254038	-4.78937
0	0.0292275	0.100718	294194	270094	-3.97942
0	0.00510903	0.26186	282248	43998	-0.0856943
0	0.0629001	0.232391	274278	91940	-0.342839
0	0.00484427	0.225445	272308	133996	0.0245403
0	-0.00181705	0.213051	286234	146013	0.264265
0	0.000636916	0.176388	284228	188046	-1.67259
0	0.0186912	0.178337	284236	206042	-6.21375
0	0.0215758	0.187059	274288	239999	2.86899
0	-0.0112646	0.132409	282232	260033	1.03474
0	-0.0431391	0.128866	262338	244178	5.88759
0	-0.0179016	0.284213	280284	37993	0.137986
0	-0.0422582	0.236637	270314	93945	1.0689
0	0.018643	0.24476	254334	116018	-0.478913
0	0.0142945	0.279792	268328	124023	1.74953
0	0.0284954	0.244384	264340	175980	0.487885
0	-0.0199768	0.198632	286186	225912	0.94374
0	0.00907699	0.180756	282220	237986	3.87549
0	-0.00694215	0.128784	276266	250102	1.35367
0	-0.000150207	0.117529	272244	252102	-1.59902
0	-0.0110784	0.259573	278272	38012	0.00920418
0	-0.0321	0.248174	280254	81966	-0.531305
0	-0.0108182	0.218677	276276	119999	0.201939
0	0.044558	0.247085	278254	161928	-1.16863
0	0.0268822	0.211037	284258	195976	-0.496121
0	-0.0311205	0.185359	280238	217988	-0.236743
0	0.0436985	0.13993	272302	248073	-2.46783
0	0.0263743	0.140739	270262	246076	-5.40972
0	-0.0434785	0.0953365	278278	264155	-0.624156
0	0.0280864	0.261574	272306	30003	0.389042
0	-0.00993864	0.225898	280260	84035	0.404194
0	-0.0093542	0.219955	270294	125994	-2.91486
0	-0.00172822	0.237988	280244	140009	-1.16432
0	0.0343708	0.196976	272314	197995	-4.08291
0	-0.00239042	0.170537	252350	208038	1.94573
0	-0.0117182	0.135538	286186	244031	-5.67659
0	0.0212079	0.137528	282216	258006	-6.03202
0	-0.0049903	0.134925	282238	262087	-5.58516
0	0.0505709	0.237761	282248	47945	0.0697129
0	-0.00885656	0.249117	280260	97921	0.0195869
0	0.0212576	0.231991	286204	145933	-0.742204
0	-0.0252818	0.259771	286226	167885	-0.643022
0	-0.000265243	0.224574	262340	172052	-1.70369
0	-0.0373991	0.209835	286240	213962	1.491
0	0.0414496	0.148094	284222	244050	-3.46182
0	0.0157763	0.155829	284228	246074	-3.07104
0	-0.0145038	0.0891683	274268	262169	2.41904
0	-0.0308318	0.270528	280242	41985	0.132756
0	-0.0274052	0.254177	272286	74006	0.453901
0	0.0102569	0.21977	288240	116005	-0.092034
0	-0.0343733	0.271936	266302	141979	0.0920556
0	0.0186836	0.231303	268258	185927	-0.678108
0	-0.0142319	0.192997	278276	229920	-1.46148
0	-0.0424098	0.193067	268298	226043	-0.643759
0	-0.0219069	0.12025	286266	258142	2.66899
0	-0.00637351	0.131319	288188	262073	-5.34126
0	-0.023437	0.251646	282248	59922	-0.120512
0	0.00502091	0.282575	270288	81935	-0.0031925
0	-0.0392171	0.244083	282256	141924	1.42147
0	0.0172328	0.194202	286178	173893	-1.02975
0	-0.0263388	0.29656	282276	179924	-0.172242
0	0.0554265	0.166209	278280	223983	2.54311
0	0.0100532	0.14908	284262	234063	4.93904
0	0.0691234	0.171505	280262	240076	-5.18051
0	-0.0489172	0.132223	282228	262061	3.59802
0	-0.000363107	0.232605	282262	46013	0.172358
0	-0.0546004	0.257924	270302	67999	0.248156
0	-0.0365422	0.235337	272308	125985	-1.00763
0	-0.0316684	0.211864	286226	163987	-1.22694
0	0.00123611	0.213396	278204	175959	0.19889
0	-0.00583285	0.177965	284244	210074	1.17822
0	-0.0106568	0.187198	268290	222059	-0.311112
0	0.00441198	0.175382	266318	238062	-6.06952
0	-0.0100873	0.14995	268294	252102	-0.558985
0	-0.0199763	0.251864	270280	45970	-0.129508
0	-0.00688994	0.260005	270296	81977	0.277148
0	-0.0362632	0.271681	274262	121973	0.937277
0	0.00308074	0.232414	278262	167982	-0.214045
0	0.0154628	0.235145	284236	193926	3.60721
0	-0.0299664	0.177463	270276	206000	0.526013
0	-0.0203311	0.244216	276292	198113	3.44371
0	0.0196814	0.11631	280258	252107	-3.30241
0	0.0183976	0.125269	284260	268089	-3.45008
0	0.0209157	0.26253	280256	42006	-0.258148
0	-0.0114002	0.231513	266288	77984	0.253691
0	0.0551601	0.269915	290192	111956	-1.19353
0	0.0245668	0.245206	276316	165910	-0.844498
0	0.0699624	0.221644	284242	201956	0.375391
0	-0.0339592	0.177755	276258	215959	-2.53665
0	-0.0359066	0.180677	284224	230063	-2.69174
0	-0.0134915	0.128362	286260	264034	4.32417
0	-0.0143959	0.0970414	278246	264097	1.70102
0	0.0254457	0.255746	280266	45972	-0.467319
0	0.0189443	0.247991	278264	62010	0.0890942
0	0.0600658	0.241022	272276	125942	-1.56251
0	0.00994703	0.219305	274270	148014	0.345477
0	-0.00394164	0.231462	270296	171969	-0.553358
0	-0.00452626	0.200015	286212	211953	0.24461
0	0.0103712	0.188173	280220	235952	-1.85195
0	0.0174266	0.155756	284226	246036	-0.654777
0	-0.00637759	0.175467	272294	244111	-0.883838
0	-0.0132576	0.2164	282254	34025	0.107808
0	0.0466094	0.232033	272264	84015	0.0279666
0	0.0365577	0.223196	274276	114056	-2.05759
0	-0.00256316	0.21201	274288	167982	2.19143
0	0.00023332	0.223759	268292	168089	2.5003
0	0.039069	0.200815	282248	225965	-1.55877
0	0.0257208	0.152874	286262	254020	2.79912
0	0.010009	0.163876	268284	246077	-5.07833
0	-0.0438283	0.118589	282240	262136	3.17813
0	-0.00518796	0.277298	270350	39953	-0.140853
0	-0.0060322	0.233126	272262	83991	0.040945
0	-0.036489	0.250603	280284	120011	0.844232
0	-0.0114602	0.256212	282254	150042	-3.32708
0	0.0375707	0.204537	282262	187990	-0.858014
0	-0.0169758	0.221761	274272	210008	0.185601
0	-0.0161017	0.142659	276272	244044	-0.2827
0	-0.0184946	0.117417	282260	256066	-3.38875
0	-0.0071221	0.108709	270318	254149	-0.823098
0	0.0356451	0.270431	284248	43977	0.182364
0	-0.0186181	0.221601	274274	78026	0.719353
0	-0.0301601	0.230889	286222	131942	-1.00572
0	0.0011889	0.212413	274256	171864	3.76591
0	0.0411239	0.180831	278280	208018	-2.65385
0	0.00190633	0.184748	286230	208030	0.604225
0	-0.0378984	0.133315	278248	234090	0.56102
0	-0.000560085	0.124678	282260	258096	-2.74791
0	-0.0399285	0.118568	278246	264100	-0.738943
0	0.00915953	0.23173	274302	38018	0.179404
0	-0.0216152	0.254598	272262	75985	-0.811968
0	-0.0220975	0.261429	276296	123977	-0.0282122
0	0.00336819	0.230361	276274	163918	0.715221
0	-0.0154131	0.19899	274292	194010	-0.782499
0	0.0348186	0.165819	270274	220030	-4.97762
0	-0.0339544	0.191319	280276	226079	7.17175
0	-0.000280319	0.154394	272308	252057	-6.89006
0	-0.0049204	0.1359	278250	266027	-5.93714
0	0.0402413	0.255422	288220	38002	0.132891
0	0.0289339	0.204373	272300	100009	0.649307
0	-0.0192815	0.231773	286254	118032	-1.62435
0	0.0355083	0.268978	282242	145982	0.693472
0	-0.00639363	0.211661	280238	195938	0.0384542
0	-0.0061385	0.196514	274302	198060	0.399976
0	-0.0209434	0.158699	280270	240062	0.790975
0	0.0343071	0.155113	276274	252085	1.38599
0	-0.0031568	0.104027	272288	264158	4.41628
0	-0.00612556	0.213022	282246	38023	0.0656044
0	-0.03442	0.252163	268308	74031	-0.76318
0	0.00333155	0.234897	284222	139902	-1.36691
0	0.0154617	0.224855	280250	159920	-1.97167
0	0.0110499	0.224921	276272	179981	-1.01256
0	-0.0288414	0.193171	286226	206024	4.10346
0	0.0276183	0.189236	276274	238020	-2.7791
0	-0.0216741	0.167585	286234	254048	-4.9296
0	0.0112532	0.0997836	280244	274074	-4.92775
0	0.011842	0.277912	282228	38001	-0.0483369
0	-0.0164998	0.223764	266312	97941	0.385763
0	-0.00771089	0.229024	256330	122006	-1.48834
0	-0.0127395	0.244856	278238	145916	0.534242
0	0.00751911	0.224867	280274	194004	1.0421
0	-0.0456154	0.208748	290230	225920	0.00176469
0	0.00827269	0.175844	284224	238027	3.36506
0	-0.0228308	0.182207	284266	252031	-0.752151
0	0.0117691	0.0822218	282268	274145	3.65935
0	-0.00347025	0.230491	278272	45990	0.111261
0	0.0444217	0.244821	280280	84011	-0.468973
0	0.0107137	0.257233	284218	114021	-0.888179
0	-0.00341708	0.19401	284232	179942	0.0930196
0	-0.0372019	0.237812	264308	187986	0.139446
0	0.0308028	0.171258	282266	222066	1.01239
0	0.0324394	0.130227	278274	242092	4.93927
0	-0.00562601	0.145524	284250	254069	1.06883
0	-0.00868114	0.123275	282240	260099	1.00699
0	-0.024508	0.210806	266306	28043	0.247987
0	0.0266031	0.233312	276246	80014	0.344496
0	0.0283237	0.222654	268308	106009	-0.388008
0	0.00715555	0.21587	282244	171934	-1.03745
0	0.0545425	0.19505	280274	204001	-2.83064
0	0.0136919	0.208481	286244	231918	1.82923
0	-0.000529852	0.146143	290248	256053	-0.269712
0	0.00178584	0.143976	276266	256031	3.15727
0	-0.00534925	0.118959	286268	272068	1.85858
0	-0.0334466	0.25494	276240	55948	0.340795
0	-0.0288588	0.226692	282230	78020	-0.138474
0	-0.00786605	0.205259	270294	135977	0.921329
0	0.0472473	0.216847	268280	148003	2.00687
0	0.0235997	0.214919	282244	199892	4.10106
0	0.0285035	0.210353	272260	223898	0.960222
0	-0.0396507	0.150077	276242	246055	3.48
0	-0.02533	0.121184	272286	254108	-4.92695
0	-0.0393548	0.105142	278292	266130	1.75191
0	0.0594063	0.232718	282240	43977	0.363185
0	0.0134104	0.261667	272306	85981	0.153074
0	0.0214923	0.259421	286248	129962	1.76802
0	0.0246475	0.222304	276274	173931	0.81207
0	0.0683283	0.159884	282240	213969	0.553152
0	6.01329e-05	0.153233	292212	242013	-0.403251
0	-0.00128253	0.142618	282280	240096	0.26651
0	0.00121385	0.101224	280252	260120	-4.42339
0	-0.0112494	0.13264	286194	274000	0.35279
0	0.00524702	0.210404	288234	34012	0.0283229
0	0.0271009	0.238841	270256	81987	0.0708142
0	-0.0454191	0.226617	282278	122057	-0.678002
0	0.0379017	0.232844	278270	175930	0.390729
0	-0.00899412	0.216265	272284	189971	3.3504
0	0.0225467	0.162854	264288	196041	0.754254
0	-0.032639	0.137777	288226	260045	1.56464
0	-0.00861627	0.161206	274252	244010	-1.21555
0	0.00889664	0.0908362	288248	280131	2.52479
0	-0.0380396	0.255714	278238	32032	-0.0982404
0	0.00619499	0.24586	278276	77995	0.619553
0	0.010825	0.212892	284238	137964	1.1696
0	0.0310664	0.271507	280234	127973	-0.065516
0	0.0622246	0.207389	274248	195980	-2.89403
0	-0.00367552	0.190587	272294	208027	-3.06747
0	0.0358923	0.164896	284228	249970	-2.64811
0	-0.00277657	0.157943	268290	238076	6.95884
0	-2.55553e-05	0.132723	268312	252134	5.62744
0	0.0252609	0.227873	276218	41983	0.0516404
0	-0.0301415	0.263548	282286	97883	0.495763
0	-0.0503321	0.27803	276252	115927	0.968565
0	0.038906	0.225419	268300	145984	-0.482918
0	0.0186067	0.200347	272302	188061	0.0595735
0	0.00639099	0.246548	272298	188019	3.70602
0	-0.0077377	0.124853	286252	250010	-1.29597
0	0.0360374	0.137355	278268	242113	-2.03979
0	0.0407343	0.134429	268296	250148	-3.70763
0	0.0284432	0.248622	282240	51949	-0.0920726
0	0.01276	0.239622	274272	95968	-0.571826
0	-0.00834961	0.227504	276260	123952	1.76969
0	0.0428899	0.239885	284236	175871	0.395139
0	-0.00246437	0.234966	282256	189914	3.53391
0	0.0113397	0.19309	272252	213978	0.46128
0	0.0247238	0.167707	284232	236018	-0.184662
0	-0.0326121	0.123347	276288	252114	3.03393
0	0.0160256	0.151878	282256	264093	1.85134
0	-0.0465147	0.241474	282278	38030	0.353505
0	-0.0010659	0.245249	288238	83970	-0.125755
0	0.0241503	0.265027	286232	133912	0.496265
0	0.00414829	0.249337	286216	169916	2.30981
0	0.0181634	0.244074	282256	179959	-0.762117
0	0.0199988	0.204934	262340	198018	-3.71682
0	-0.0539771	0.142912	282240	256015	1.59812
0	-0.00405147	0.163468	280198	259967	-2.33245
0	0.00626271	0.102934	284250	278109	-3.61632
0	0.0158545	0.24138	276226	49962	-0.198373
0	0.0141461	0.242102	272280	89988	1.53401
0	0.0299869	0.26406	270318	129936	-0.11207
0	-0.0214371	0.201528	280244	152011	1.30439
0	0.00565134	0.17004	284234	186082	-0.17239
0	-0.0199994	0.177694	280228	225984	-1.57021
0	-0.0476584	0.134131	278258	248051	-0.690759
0	0.0447398	0.166711	278258	252014	-3.28425
0	-0.0255355	0.113878	276276	260145	5.60116
0	0.00488766	0.241874	272298	34019	-0.400629
0	-0.0178439	0.247004	280268	85941	-0.131714
0	0.058193	0.259465	276234	123908	-0.330213
0	0.0222649	0.218503	280268	155954	-1.10547
0	0.0209088	0.207443	278290	189988	-0.134636
0	0.0496104	0.164821	284262	233962	-2.75432
0	0.0261876	0.149948	286240	236048	-0.170563
0	0.0160871	0.145125	284248	263997	0.939623
0	0.0233581	0.106563	274240	258081	3.0994
0	0.0145256	0.234216	282260	31999	0.249658
0	0.0205585	0.244683	284234	97975	-1.71749
0	-0.022006	0.208103	276276	120013	1.24035
0	-0.00879138	0.213527	276296	153994	0.99727
0	-0.0207029	0.223899	276252	162051	0.43548
0	0.0450627	0.210428	282232	219975	-7.18009
0	0.031645	0.141018	286210	246038	-5.02487
0	0.0104344	0.181258	280224	240013	-0.841164
0	0.0614765	0.151163	288240	264069	-0.416317
0	-0.000285206	0.267165	284216	39975	0.138045
0	0.000921747	0.233251	274304	93932	-0.625214
0	-0.0389903	0.225044	288212	106001	-0.927839
0	0.0172796	0.246591	268282	159913	-0.138849
0	-0.0431171	0.201562	276284	182009	1.95625
0	-0.00955194	0.213869	280238	216007	1.21504
0	0.0311981	0.190623	262328	212081	-2.58975
0	-0.0270078	0.148066	282278	256112	1.76578
0	-0.0512693	0.146212	280270	256088	3.92638
0	-0.00615156	0.245517	268332	45982	0.105801
0	0.0396093	0.250902	286260	85950	-0.506816
0	0.00923211	0.255196	272270	119959	1.72507
0	0.0393701	0.245953	272276	131990	0.876239
0	-0.00770562	0.156204	284284	200025	1.24544
0	-0.0435595	0.211889	278280	221966	2.56463
0	-0.0325759	0.189596	272290	232042	2.07109
0	0.0619513	0.191284	264314	246040	-3.56641
0	-0.0261423	0.118236	292214	278080	3.62403
0	0.030693	0.227604	266316	41998	-0.0520532
0	-0.00673584	0.234499	278282	81996	-0.0860388
0	-0.0175006	0.217978	276236	119955	0.733988
0	-0.0424388	0.233335	270310	151943	0.220474
0	0.00373082	0.186809	288206	207909	-1.9139
0	0.036958	0.170721	284262	230021	-1.5846
0	0.0110462	0.152736	292186	247990	-2.3976
0	-0.0142113	0.162333	264320	222184	-0.68469
0	0.035184	0.10526	270266	258122	4.1739
0	-0.0113905	0.284985	272302	30013	-0.189394
0	0.00314253	0.259607	282232	93890	0.27816
0	0.011457	0.25091	282248	121900	-1.10959
0	-0.0116658	0.236259	286230	167958	0.381277
0	0.00402812	0.219508	290206	170016	-0.544747
0	0.0249825	0.181512	280238	239905	-3.50211
0	0.020228	0.157549	266286	232012	1.04277
0	0.00278047	0.166648	286222	244029	1.03918
0	0.0398271	0.119985	280240	262100	-0.793849
0	0.0122361	0.227636	266340	57966	-0.206413
0	0.0274163	0.252889	284246	79993	-0.152661
0	-0.0712851	0.227339	274226	108048	1.85027
0	0.0304801	0.217149	270312	157962	-0.0413415
0	0.00841167	0.185729	282274	213891	-3.63693
0	0.0172227	0.146901	272282	224070	3.54476
0	-0.0656415	0.137978	278284	224140	-2.78583
0	-0.0484148	0.153429	280266	252085	-0.868621
0	0.00554164	0.143811	288242	272033	-0.398164
0	0.0178965	0.220444	286236	57968	0.276318
0	0.0151109	0.262511	278276	75955	-1.2253
0	-0.0228111	0.213285	270310	118054	-2.36691
0	-0.017445	0.221319	282238	171892	1.34963
0	-0.014706	0.179696	280266	180086	0.893601
0	-0.0279711	0.207159	282256	208024	3.94441
0	0.00678535	0.194599	270308	240013	-3.69571
0	0.023438	0.123228	288206	266043	-4.87811
0	-0.022104	0.114855	288204	272095	5.30499
0	-0.026117	0.241542	274286	44009	0.105774
0	0.00446338	0.240767	276302	89933	-0.140512
0	0.0659126	0.282578	274296	125939	-0.19849
0	-0.0118929	0.250401	270280	130011	-0.645213
0	-0.00156342	0.222275	276262	193945	4.35034
0	0.0514009	0.181001	284270	220027	1.40837
0	-0.00748642	0.143464	288256	248008	1.72793
0	0.0594151	0.199866	288208	240024	1.16289
0	-0.0721981	0.0724062	282232	272107	-0.714003
0	0.0468285	0.23087	274278	36016	0.0423944
0	-0.0209901	0.260924	284258	85985	-1.0224
0	0.0153008	0.246129	280252	143902	1.6115
0	0.0141366	0.222019	272302	159979	1.43793
0	0.037582	0.215636	278274	195960	0.686511
0	0.0131348	0.197018	284274	220045	6.16601
0	0.00345236	0.150217	270282	220096	2.43628
0	0.0312266	0.145162	286240	264025	-0.59538
0	0.00157556	0.129351	282234	256128	2.2613
0	-0.0171798	0.247271	278248	41994	-0.218501
0	0.0178863	0.232123	280276	87979	0.993599
0	0.0560079	0.263489	280294	133936	0.259622
0	0.0566981	0.201433	276280	171955	-1.68229
0	0.010588	0.18344	272260	186026	-1.57036
0	-0.0487285	0.211658	288230	223949	-1.73476
0	-0.0286394	0.162776	280244	238035	5.75553
0	0.0239237	0.145582	284254	254060	-3.922
0	0.0514038	0.114714	282242	260080	-8.35208
0	0.0328409	0.252924	276290	45957	-0.000286588
0	0.0423118	0.236352	290222	83942	0.669779
0	0.0466442	0.232542	278270	127966	-0.0908727
0	-0.019911	0.243876	272244	139978	1.55567
0	-0.00626456	0.208554	274294	180074	0.446851
0	0.0171698	0.218946	272310	200008	0.688796
0	-0.00436291	0.194906	282222	249929	-1.91372
0	-0.00631402	0.144629	276256	254028	3.28251
0	-0.0212781	0.124774	288230	266123	-1.85247
0	-0.00602376	0.30495	276300	39963	0.179447
0	0.0149126	0.247631	284236	83982	0.54513
0	-0.0159254	0.235898	286200	133937	0.595079
0	0.0317756	0.216956	278232	139968	-1.07267
0	0.025049	0.225659	272288	189929	1.21345
0	0.0253562	0.224916	288220	207996	0.704539
0	0.00450913	0.202575	286232	226039	1.46699
0	-0.034578	0.191992	286238	255988	2.37721
0	-0.0612169	0.120941	284260	272084	-3.8479
0	-0.0261497	0.254753	278262	45959	-0.211459
0	-0.0344576	0.267987	260350	103906	-0.436934
0	0.0282239	0.258666	274274	110005	-0.300897
0	0.0319668	0.250484	278234	161895	1.48863
0	0.0472781	0.202622	276258	201923	-3.16597
0	-0.0274285	0.228267	278272	201988	-0.772038
0	-0.029925	0.163586	278244	236018	5.15484
0	0.0261366	0.117219	270294	256096	0.183597
0	0.0275066	0.101808	290224	278076	-1.1903
0	-0.0275867	0.27748	278262	53944	0.0300214
0	0.0224618	0.229785	278230	91955	0.412431
0	0.0284478	0.264102	284228	117961	-1.05165
0	-0.0128527	0.21234	282256	181902	1.40096
0	0.0853601	0.220594	272288	203942	-4.87857
0	0.000294138	0.182614	270294	221980	0.407945
0	0.0489607	0.202631	272304	228042	-3.99661
0	-0.0019138	0.149013	276258	252064	-2.69305
0	0.0118435	0.104	268282	254156	-2.41059
0	-6.57218e-05	0.229318	278268	43991	-0.18646
0	0.0166691	0.204025	272300	72071	1.28116
0	0.00712439	0.236236	272262	121952	1.37085
0	0.015803	0.222888	280250	151956	-2.10971
0	-0.00361601	0.205036	276280	193960	0.423679
0	0.026262	0.189997	276258	210001	0.0147929
0	-0.0493566	0.155027	266280	234039	4.9211
0	0.0460837	0.162794	270314	244084	-4.41312
0	0.0197762	0.140907	266290	250127	-2.52755
0	0.0211702	0.236475	280274	55943	-0.282244
0	0.00677005	0.256114	264322	85942	-0.118625
0	-0.0384911	0.251894	278244	125957	0.899103
0	0.00396956	0.233755	292190	145956	1.78021
0	0.0115004	0.249391	288228	197894	-2.29756
0	0.0112199	0.211656	276278	211999	-3.0748
0	-0.0112322	0.19272	276288	234035	2.7496
0	-0.0332129	0.137428	260338	232157	7.44238
0	0.0107918	0.140195	250356	224235	1.33706
0	0.0249955	0.249615	270274	37976	0.0277314
0	0.00367503	0.263158	270306	71997	0.0397437
0	0.00462	0.212169	274278	121985	0.811434
0	-0.0139907	0.262977	268274	167945	1.85981
0	-0.00909952	0.201121	276246	183982	1.8712
0	-0.0181326	0.185699	284252	218025	2.61472
0	0.0392443	0.185919	284222	237994	-2.61021
0	-0.0248162	0.160101	280262	244050	0.472363
0	-0.0124303	0.118745	276304	256133	-1.85233
0	-0.00288055	0.259303	288204	37996	0.158354
0	-0.0310526	0.221094	280272	78003	0.276165
0	0.00253259	0.279087	284216	113953	0.121506
0	0.0117367	0.199779	286240	147989	-0.826422
0	-0.0038368	0.206568	268322	185959	4.2354
0	0.0553212	0.2284	278288	229913	-0.21742
0	-0.0114845	0.168871	278244	228042	3.02402
0	0.0292969	0.194163	282240	244023	-1.41303
0	0.0452041	0.12861	276256	260102	-2.19212
0	-0.0429236	0.277004	270278	32014	0.120773
0	0.0240086	0.2204	284218	95942	0.654568
0	0.0312776	0.23408	270272	129993	1.20783
0	-0.0164135	0.209165	268308	160023	-2.73338
0	-0.00265102	0.218322	280260	187996	1.73614
0	-0.0155113	0.226311	268292	202006	3.00908
0	-0.0165002	0.123441	264274	244042	-3.84031
0	-0.0329334	0.140591	274276	258021	2.89245
0	0.013732	0.149534	286252	280032	0.377176
0	-0.0125759	0.269573	274226	57928	-0.154327
0	0.0374268	0.265077	288226	91936	-0.414532
0	0.00971169	0.26413	270306	111984	0.352005
0	-0.00879326	0.202651	258350	161976	0.442464
0	-0.0122271	0.192051	264264	182019	-0.305533
0	0.00845841	0.220629	276270	209964	-0.0970131
0	-0.0910491	0.181481	284232	240073	-0.378913
0	-0.0133716	0.114412	274276	262103	1.77128
0	-0.012356	0.142065	278238	268039	0.997809
0	-0.0212646	0.254101	276300	40031	-0.0809849
0	0.0136595	0.259422	264334	73943	-0.0472476
0	-0.0344489	0.205329	274250	121996	1.08031
0	0.00263407	0.208149	262330	162007	2.57488
0	-0.0429137	0.238605	280254	178024	0.809385
0	-0.00391559	0.168301	288244	222042	0.144162
0	0.00275339	0.176584	264294	222036	1.23866
0	0.0247922	0.122288	274296	254091	-2.87674
0	-0.0419164	0.11126	290222	274053	1.15689
0	0.00229244	0.257459	284216	31997	0.0484089
0	0.00799091	0.212597	282292	87991	-0.668589
0	0.0208984	0.250361	280296	111974	-0.666875
0	0.0171244	0.20045	278252	183887	0.762703
0	-0.0356778	0.206684	280286	180070	-1.42162
0	0.0538566	0.237199	268330	207948	1.74675
0	-0.0284348	0.125071	286230	262002	5.2052
0	0.0221787	0.117194	264322	242180	0.145515
0	-0.0241464	0.110773	276256	260098	5.05333
0	0.0107873	0.253686	272302	57906	-0.199783
0	-0.00126264	0.230783	280242	83953	0.409051
0	0.0368828	0.271645	286234	95997	0.516302
0	0.00283777	0.276608	272272	138009	-1.2792
0	-0.0808064	0.236946	270304	185983	-0.0732914
0	-0.0609279	0.177012	272296	227978	1.87632
0	-0.0492679	0.193225	280286	226099	1.50783
0	-0.0190547	0.121894	274268	242140	0.558422
0	0.0528114	0.0841196	284238	278093	-5.88978
0	0.00617534	0.235526	272304	28006	0.187506
0	-0.0646974	0.238158	282232	72043	-0.352655
0	0.0223051	0.234631	276280	131905	-0.249915
0	-0.0261418	0.235645	278254	144010	-0.514621
0	-0.0226659	0.195495	278250	207953	0.494466
0	0.0576687	0.218406	286246	202005	-1.47425
0	-0.0220135	0.14569	270336	240079	-6.85929
0	-0.0155799	0.142674	288226	256070	-2.86411
0	0.0267934	0.131043	282242	264085	-4.64096
0	0.00634932	0.218379	278254	38021	-0.255936
0	0.0147674	0.266117	268296	81950	0.405478
0	-0.00861686	0.253784	270308	102039	0.858355
0	-0.0141345	0.238364	278242	149966	1.96583
0	-0.0322833	0.207352	284256	180006	1.89859
0	-0.00848535	0.163349	276266	227996	-1.37096
0	-0.0458174	0.163373	280252	232018	2.60557
0	-0.0329054	0.161152	276286	252067	3.01369
0	0.0274498	0.146974	276258	260120	-2.78554
0	-0.024618	0.276901	276258	35998	0.145119
0	0.00119355	0.262199	270320	75977	-0.643385
0	0.0755387	0.247199	284250	100055	-0.991185
0	-0.00694315	0.24068	290228	163885	-4.35046
0	-0.0487488	0.227655	278272	187993	0.74335
0	0.0330473	0.188507	282288	216038	-4.37942
0	-0.0240175	0.163889	284226	246013	1.88836
0	-0.0228882	0.164127	280278	260022	0.477622
0	0.0516031	0.127099	276282	260127	-3.74455
0	-0.0132597	0.242437	274302	45969	0.016498
0	0.0473793	0.225437	268282	68041	0.0331114
0	-0.0269483	0.23207	286240	102065	-0.893215
0	0.0331841	0.232157	272284	159949	0.612519
0	-0.0213649	0.161374	280230	204011	3.45585
0	0.0108013	0.234411	278240	202004	-0.680681
0	-0.00688857	0.15751	278246	244040	4.33218
0	-0.0245889	0.109642	286258	266090	2.33873
0	-0.0114667	0.136563	280272	270059	4.39359
0	-0.0167029	0.260292	270298	33997	-0.103928
0	-0.0513671	0.264424	284236	71987	-0.459504
0	0.0237777	0.263438	282234	125943	-1.95755
0	-0.00924252	0.222491	278228	167902	-0.645531
0	-0.0354825	0.238239	270300	183993	-1.81518
0	0.027062	0.186764	280296	218018	-2.43498
0	-0.089926	0.167944	274270	224109	-0.366721
0	-0.0627758	0.148943	266306	244061	2.22937
0	0.00484933	0.103517	282254	276084	-0.115161
0	-0.000741996	0.216797	268318	36038	-0.0745731
0	0.00970173	0.246185	282230	85921	-0.211015
0	0.0387205	0.254452	278298	131931	0.425888
0	0.0041731	0.261158	290202	153971	-0.30851
0	0.00115609	0.208756	274260	185916	0.465386
0	-0.000786001	0.17392	274274	225979	1.72599
0	0.0417051	0.201789	272274	226034	-2.34033
0	-0.0179604	0.138405	268302	242088	1.66096
0	-0.0109056	0.107661	280252	266125	2.5826
0	0.0386394	0.254851	272308	51943	-0.0853409
0	-0.00715002	0.210492	276296	85992	-0.600091
0	0.0355793	0.253084	266334	107995	0.615083
0	-0.0325134	0.215431	284228	167935	-0.857649
0	-0.0245025	0.16632	286244	197996	1.53909
0	-0.00811264	0.21638	274272	211965	3.34391
0	-0.00674149	0.186205	280224	245920	2.54999
0	-0.0274045	0.158814	286246	258040	-0.273699
0	0.0163172	0.101874	278246	264112	-5.61922
0	-0.00336661	0.260185	266310	33991	0.0790604
0	-0.00134946	0.246283	276310	87940	0.778373
0	-0.00968534	0.221487	280258	119981	-0.723793
0	-0.0229377	0.270223	270340	179905	1.08132
0	-0.0161932	0.254243	278262	197892	-0.350554
0	-0.0410749	0.171887	288240	221996	0.568336
0	0.00748896	0.196301	270264	225993	-5.47039
0	-0.0392328	0.145022	294206	268017	2.55964
0	0.0110079	0.112378	276218	268079	-1.2519
0	0.0439085	0.231792	278236	32035	0.205527
0	-0.00122752	0.243027	276264	77986	0.389444
0	0.0300045	0.242081	282234	108038	-0.379303
0	-0.0029762	0.25332	272292	145947	3.50034
0	-0.00932068	0.245189	276272	168003	-1.23921
0	-0.0225788	0.24109	276274	196003	3.28178
0	-0.0163948	0.186203	274300	226082	-1.09575
0	0.0376848	0.137995	284230	264027	-1.78097
0	0.0282853	0.101177	256336	250171	0.541097
0	-0.0362001	0.269357	282234	39966	-0.0924013
0	0.00781759	0.25896	282244	83976	0.835581
0	-0.00580847	0.258605	274250	133863	-2.02332
0	0.00208126	0.242815	274290	151966	0.627053
0	0.00855045	0.265395	272296	179975	-0.648935
0	-0.000857923	0.16968	282248	235885	-2.48453
0	-0.0512635	0.18895	282240	239984	-3.87682
0	-0.024106	0.1329	274290	258084	2.75558
0	-0.00847065	0.109685	284248	270117	2.56931
0	0.0321064	0.263392	276266	41994	0.389306
0	-0.0221781	0.241596	274260	81977	-0.283891
0	-0.0447061	0.276507	282286	114008	-0.947896
0	0.0244531	0.205531	286238	155972	-1.72618
0	-0.0318286	0.24596	284278	193955	-0.62
0	-0.00503298	0.183646	274254	200115	-2.92074
0	-0.0536719	0.201328	270298	222036	-0.692072
0	0.00271662	0.14985	282234	258012	4.79036
0	0.0560088	0.100533	284258	270127	-1.82144
0	-0.0154847	0.215883	276302	34001	0.104724
0	0.00755793	0.241902	278234	99953	0.252967
0	-0.014446	0.22142	288222	117985	1.26047
0	0.0606212	0.206522	276280	138038	-1.00755
0	0.00813574	0.204585	276240	183971	0.980064
0	0.0405259	0.176931	278266	220073	-2.62467
0	-0.00564074	0.175389	280274	240004	4.46583
0	0.00747587	0.154681	280264	256026	-6.87032
0	-0.0168865	0.121527	276280	262139	2.1013
0	0.018546	0.262281	282266	47975	0.24871
0	0.0159183	0.285576	282240	54020	-0.988942
0	0.0159769	0.237463	288234	127994	0.00925596
0	-0.0428857	0.24492	274300	155995	0.612829
0	0.0381991	0.180791	282244	194023	0.49175
0	0.00448921	0.232865	278264	223952	2.58101
0	0.0126321	0.179055	282218	245986	-0.365392
0	0.0181001	0.128887	278286	256061	3.38972
0	0.0180806	0.122339	270310	252166	2.1519
