0	-0.0393029	0.250577	274284	34008	0.0147025
0	0.0229381	0.234778	284244	101924	0.790803
0	-0.0230169	0.198875	270290	136018	0.399499
0	0.0219368	0.193422	278284	169969	-1.06493
0	0.0788158	0.20219	282258	193986	-1.7719
0	0.00303381	0.18644	286258	227978	0.932556
0	-0.0380781	0.178455	272264	235981	2.76669
0	-0.0182166	0.147642	262294	240068	-0.121481
0	-0.0407015	0.0760925	278288	270150	2.95812
0	-0.0232498	0.287406	286234	41980	0.00974795
0	-0.011938	0.267841	286228	85935	0.0495682
0	-0.0127914	0.220245	274266	115954	-0.715457
0	0.0554656	0.204412	284250	181903	0.988179
0	0.0337876	0.226969	280266	193910	-2.09855
0	0.0471549	0.191702	274308	196079	2.35008
0	0.0232506	0.189488	272278	237973	-3.46093
0	-0.00667347	0.151462	290206	263984	-0.455337
0	-0.0184334	0.117576	264314	252139	1.04746
0	0.0121119	0.237737	270314	43980	0.0350829
0	-0.00517043	0.228008	280262	74002	0.380188
0	-0.0106281	0.247009	288250	127954	-0.454514
0	-0.0343783	0.197931	284282	168003	1.55783
0	-0.0195455	0.224307	266280	162031	0.513239
0	-0.0258692	0.201305	266332	220003	2.11628
0	0.0305708	0.151636	276272	240061	0.523277
0	0.00874686	0.0917233	292196	278027	1.18057
0	0.00314161	0.102303	276278	268129	1.59287
0	-0.0156388	0.232809	274246	40031	0.0481812
0	-0.0263964	0.27568	276292	78004	0.120119
0	-0.00681967	0.256752	282250	116002	0.604407
0	-0.0378203	0.217449	274266	173964	0.0408233
0	-0.0122442	0.186327	278252	207953	1.99458
0	-0.00727369	0.15013	276294	224032	0.554558
0	0.0494646	0.133878	278276	248057	0.893788
0	-0.0102288	0.14339	278270	246125	-1.35526
0	0.00792638	0.107472	282274	266102	1.58398
0	0.0211895	0.266718	278266	57926	0.0909649
0	0.00550494	0.22252	272282	70024	0.152263
0	0.00180807	0.26551	272286	119982	0.0233912
0	-0.0222402	0.224313	280234	163915	1.6575
0	0.0519685	0.189891	284228	180049	-1.79032
0	0.0318884	0.17532	276282	198129	2.11431
0	-0.028551	0.142301	284258	244069	-1.49843
0	0.0269702	0.1527	274256	254016	-1.95121
0	-0.00289014	0.0821511	276290	264162	6.0842
0	0.0128683	0.29725	280284	37965	-0.00776503
0	0.0322331	0.242321	282248	77975	-0.0223005
0	0.0142523	0.263901	280240	117995	0.564864
0	0.00569972	0.212568	274278	167933	-0.426494
0	-0.0214778	0.217744	266338	179984	1.94492
0	0.0403981	0.216965	284256	225969	0.390255
0	-0.00564824	0.17818	286244	245996	0.779681
0	-0.0203771	0.119016	284202	250074	1.65765
0	-0.00446857	0.0734372	274282	268135	-0.884862
0	-0.00490795	0.258281	288224	22055	-0.0749316
0	0.0175023	0.26927	276288	66003	-0.33395
0	-0.00783765	0.254953	286224	135925	1.2839
0	0.0570122	0.198174	286234	169961	-0.817199
0	0.0304433	0.200864	276284	203986	-0.762966
0	-0.0179205	0.198415	268288	210026	-1.64559
0	0.0181004	0.137191	278268	248039	-1.09524
0	0.0295309	0.169754	282262	250053	-1.24506
0	0.0202326	0.103766	284238	264152	-2.45446
0	0.0322911	0.25638	286224	32014	-0.18593
0	-0.0170715	0.221358	274284	60068	-0.0381981
0	-0.00570082	0.283422	280266	111977	0.529631
0	-0.00449475	0.26852	264324	143940	0.0624427
0	-0.0114413	0.19984	276278	197938	-0.279486
0	0.0485837	0.190831	260334	210000	2.4409
0	0.0529474	0.151183	270314	236095	0.430005
0	-0.0765522	0.166482	270332	248050	-0.0686379
0	-0.00759872	0.0848257	284234	266144	1.28176
0	0.00460331	0.256808	284228	43971	0.181486
0	-0.0316054	0.222132	282250	85989	0.782348
0	0.0199563	0.286296	274294	115915	0.570149
0	0.0110304	0.237171	284232	165927	1.26742
0	-0.0635427	0.16583	286228	188035	-0.695373
0	0.027449	0.176324	272310	218040	-1.08843
0	-0.0233618	0.187613	288192	222049	3.76724
0	0.000254554	0.139369	278252	256010	0.307516
0	-0.0291429	0.0761776	282224	278091	0.2847
0	0.044071	0.237745	278284	33999	-0.138113
0	0.0248952	0.253746	278230	103888	0.11183
0	0.0334916	0.255244	274300	121939	-1.15079
0	0.00664385	0.244548	274290	145964	1.44001
0	-0.0547258	0.218025	274260	189979	0.902455
0	0.0269274	0.175593	276282	214028	-4.50876
0	0.00995303	0.150876	270318	232098	-3.59942
0	-0.0146478	0.159506	280256	250023	-1.48998
0	0.0379891	0.0968087	286218	266057	4.08849
0	0.0286989	0.242649	276240	45977	-0.0362885
0	0.0528857	0.249394	278266	91932	0.173757
0	-0.0463056	0.206337	280240	147918	-1.61037
0	-0.00842408	0.233328	286272	151993	0.575822
0	0.0605069	0.221572	282236	205919	-0.367124
0	0.00826303	0.143246	280256	216065	-0.134971
0	-0.0160192	0.158127	276252	232063	2.73737
0	0.0158642	0.123711	278298	260082	1.70575
0	0.0577185	0.120583	278238	264089	-0.898466
0	-0.0016662	0.228648	276276	53964	-0.0430816
0	0.000570863	0.270868	282246	71988	-0.248841
0	-0.0130658	0.23605	278222	115936	0.519341
0	-0.0223738	0.213251	278236	167953	1.16618
0	0.0276287	0.235512	286162	185923	0.588652
0	0.00402745	0.223333	278258	221976	0.174704
0	-0.0678254	0.126716	276298	236095	4.2099
0	0.00989465	0.0913399	264338	250157	-1.92645
0	-0.0703687	0.130709	288230	260109	0.665447
0	-0.00743138	0.281029	284250	33993	0.0403327
0	-0.0137102	0.259742	282266	77976	-0.107423
0	-0.00434615	0.231684	276284	133953	-0.070468
0	0.0152454	0.210066	284276	195925	0.0215608
0	0.0568434	0.216809	280280	180013	1.52354
0	-0.0287223	0.163323	284242	235978	-1.14275
0	0.0146066	0.163627	278240	240037	-0.419834
0	0.0288845	0.130355	278258	264054	-0.855116
0	-0.0125401	0.0832384	282260	266137	3.88044
0	-0.00256121	0.266424	264304	34003	0.141905
0	-0.00865714	0.234775	268302	81994	-0.198807
0	0.0205567	0.202567	272254	114012	0.159022
0	-0.0100079	0.221944	290230	165961	0.810211
0	0.0112866	0.198783	270294	187986	-1.05359
0	0.016305	0.188823	266300	194091	-0.568428
0	-0.013821	0.156519	278294	232048	-1.54614
0	0.0155645	0.11658	280252	266064	-2.33045
0	-0.0374131	0.105261	282260	268080	2.70933
0	-0.0467309	0.269663	290222	51955	0.178704
0	-0.0392262	0.242883	284246	99929	-0.0705798
0	0.0166975	0.239126	272294	131912	0.909677
0	0.0325995	0.224623	278264	152015	-0.744822
0	0.018375	0.219243	276278	211930	-1.51864
0	-0.0261388	0.198488	276246	210007	0.825466
0	-0.0217689	0.124595	278278	248094	1.63364
0	0.0372382	0.105844	270304	252121	2.59329
0	-0.0596433	0.0948774	286238	266121	2.51459
0	0.00344741	0.203656	280276	59990	0.0250925
0	-0.0180728	0.260676	278246	97904	-0.00447667
0	-0.0440961	0.250533	266328	133889	-0.154689
0	-0.0153403	0.225973	266300	153955	0.876902
0	0.020041	0.210216	278264	211940	-1.35213
0	0.0350125	0.161105	280252	218030	-1.82691
0	-0.000156748	0.151309	276296	234087	-3.44554
0	-0.0176207	0.135053	280232	254051	0.351179
0	0.018967	0.0814973	290212	270129	-0.901283
0	0.00509285	0.262006	278272	47989	-0.0808397
0	0.0611347	0.232525	278258	87951	0.186804
0	0.0043912	0.226002	278280	133988	0.160464
0	0.00095645	0.209255	286232	150006	-0.567786
0	0.0023055	0.17096	276262	194041	-2.17317
0	0.00277865	0.161482	284232	218015	-1.43999
0	0.0314278	0.158802	274286	244042	-0.0865993
0	-0.00116611	0.126509	280240	254061	-1.99482
0	-0.0342784	0.0977985	266320	252161	3.22941
0	-0.0179246	0.284141	280284	35998	0.144898
0	-0.0409681	0.235854	272304	95947	0.681872
0	0.01634	0.244945	266284	120001	0.211995
0	0.0185509	0.274058	270320	133995	0.472615
0	0.0307377	0.234956	280264	191928	-0.184785
0	-0.024266	0.189744	278252	225955	2.23052
0	0.0180192	0.177567	280242	235986	1.19283
0	-0.00584114	0.109033	276264	264068	1.02337
0	-0.00399022	0.0957611	272246	256119	-0.447012
0	-0.011149	0.259486	280262	38012	0.0304056
0	-0.0333018	0.249375	276262	64042	-0.170775
0	-0.0112361	0.217949	274284	131950	0.327309
0	0.0420652	0.245856	270298	159964	-0.420809
0	0.0262875	0.199723	284256	182041	-0.317703
0	-0.0246724	0.178074	282224	218008	-2.17119
0	0.0429936	0.115111	282264	246121	-2.25636
0	0.0109932	0.122948	276236	258012	-0.79538
0	-0.0460278	0.084467	274296	266163	0.140622
0	0.0289115	0.261525	272306	30003	0.141527
0	-0.00830745	0.224861	268320	84038	-0.0851633
0	-0.0167026	0.218853	260338	116025	-0.710331
0	-0.00474938	0.229113	276266	147998	-0.257973
0	0.0254699	0.191729	280268	203996	-1.41263
0	0.00313457	0.169379	270272	220026	0.288235
0	-0.0233976	0.125218	290174	242031	-2.17278
0	0.00964893	0.121499	286194	267978	-2.56434
0	-0.0297318	0.108301	286216	270063	1.83727
0	0.0506937	0.237574	282250	47945	0.0328817
0	-0.00978797	0.248862	282246	95930	0.29901
0	0.0171582	0.231867	282226	137952	0.487611
0	-0.0255878	0.255232	288226	177842	-0.55121
0	-0.00830091	0.22325	278268	178015	0.707009
0	-0.0344118	0.19603	284250	217969	0.594815
0	0.0239043	0.117376	284218	252058	1.80177
0	0.00834438	0.132953	286224	260041	-0.841474
0	-0.0176731	0.073364	278248	272112	3.36984
0	-0.030497	0.27039	280242	41982	0.0323312
0	-0.025217	0.254418	268312	74014	-0.202554
0	0.0130418	0.219563	288246	115990	-0.927498
0	-0.0308375	0.270618	252372	136018	-0.968674
0	0.0175595	0.230756	268262	189891	-0.340867
0	-0.0177837	0.196905	284258	225933	-0.395938
0	-0.0425326	0.181102	266310	234034	-0.606917
0	-0.016672	0.100898	284268	262137	1.09851
0	-0.0194073	0.114421	290182	260096	-1.43113
0	-0.0237218	0.250993	284238	57927	-0.0350731
0	0.00527307	0.282986	274272	77948	-0.0788397
0	-0.0384907	0.242033	286234	141924	1.20357
0	0.0164082	0.191829	286166	169924	-0.78236
0	-0.0297138	0.292009	282284	169965	0.840277
0	0.0574502	0.158432	266342	210067	1.93601
0	0.0236844	0.143368	284262	246039	0.849691
0	0.0577738	0.153388	268312	224165	-1.77565
0	-0.0429129	0.104625	282230	262089	1.79672
0	0.000187337	0.232441	282262	44015	0.00722451
0	-0.0539226	0.258678	272298	69996	0.0447986
0	-0.0361595	0.234864	278276	125978	-1.12244
0	-0.0366137	0.208914	286222	171972	0.256622
0	0.00255474	0.207738	284184	199888	-0.196699
0	-0.0110534	0.1697	282252	218064	2.7444
0	-0.00501805	0.163758	274264	230036	-2.00274
0	-0.013186	0.151313	284238	246043	-0.790129
0	-0.02287	0.134188	280244	258074	3.2758
0	-0.0199849	0.251821	274262	41987	-0.126919
0	-0.00660417	0.260389	284230	85941	0.191418
0	-0.0337878	0.27045	278246	112012	0.194656
0	5.42297e-05	0.223828	280252	156025	0.693909
0	0.0310631	0.225961	280258	189970	-1.07286
0	-0.0306652	0.162003	268286	216006	0.735665
0	-0.0182462	0.208679	278282	212053	2.81825
0	0.00896999	0.0858898	280256	262122	-0.0889984
0	0.00815584	0.102954	270318	256154	-0.377547
0	0.0204404	0.262447	280256	43995	-0.115561
0	-0.0106566	0.231246	270270	77988	0.030621
0	0.0498324	0.270984	280236	99974	0.404784
0	0.0202557	0.242595	276310	167914	0.448834
0	0.0721739	0.218191	272296	192022	-0.288042
0	-0.0385518	0.17114	276260	209989	-1.15886
0	-0.0300224	0.16354	282240	238058	-4.45701
0	0.0042401	0.122897	288248	262059	-0.995298
0	-0.0140576	0.0776028	280238	272091	1.59952
0	0.024892	0.255557	282250	43981	-0.301223
0	0.0193799	0.24697	278262	62005	-0.0415893
0	0.0576295	0.240475	278248	127923	-0.831626
0	0.00836398	0.208991	282236	163969	0.820391
0	-0.00404814	0.229572	268302	181951	-0.521407
0	-0.00429589	0.185637	282226	225910	0.175499
0	-0.00141251	0.180061	276238	234000	1.68316
0	0.0121701	0.130576	284230	256031	0.922159
0	0.00285631	0.154421	276280	252088	-3.65401
0	-0.0133333	0.216726	282252	34032	0.130503
0	0.0469719	0.230789	268280	93989	-0.0807985
0	0.0310552	0.220254	282234	118033	-0.406844
0	0.00439878	0.206358	276282	167997	0.102845
0	0.00491411	0.212942	264312	184031	1.09606
0	0.0299861	0.198655	282252	217976	1.16609
0	0.0326845	0.141818	290246	260011	0.710001
0	0.00110593	0.13651	270286	250085	-2.40741
0	-0.0249725	0.104949	282242	266131	-2.47863
0	-0.00541779	0.277473	282276	41947	-0.0719043
0	-0.00770554	0.232097	268272	81997	0.542947
0	-0.0330413	0.248142	280284	118033	-0.190073
0	-0.017996	0.251513	282254	154032	-1.36634
0	0.03179	0.20312	272310	170071	0.876195
0	-0.0102998	0.20041	286226	217973	-1.81719
0	-0.0121474	0.132404	276274	232091	-1.46898
0	-0.0222315	0.115777	278286	250109	-2.2677
0	-0.0122488	0.0965147	278288	264133	0.714921
0	0.0360325	0.270284	282258	41984	0.06613
0	-0.0189611	0.221142	272286	89987	0.822256
0	-0.0322176	0.228276	282252	131962	-0.38848
0	0.00609802	0.214655	272258	163890	2.29317
0	0.0306389	0.173837	286244	225940	0.491628
0	0.00941942	0.174455	276268	210049	-1.6497
0	-0.030778	0.126371	268292	230102	-1.5751
0	-0.000578601	0.118502	280266	256070	-2.74235
0	-0.0505443	0.0888138	282226	270088	2.4458
0	0.00942965	0.231642	274302	40012	0.0983672
0	-0.0236666	0.254661	282230	79984	-0.19653
0	-0.0244729	0.258858	280274	127970	0.6844
0	0.00784946	0.230326	278264	167899	-0.629158
0	-0.0170805	0.196156	272292	197968	-0.28228
0	0.0319704	0.151292	276244	218039	-4.12315
0	-0.00794601	0.159017	276294	232070	-0.63077
0	-0.00968069	0.14282	274292	248095	-4.06995
0	-0.023573	0.121038	274274	256093	-0.341367
0	0.0406353	0.255962	290212	38003	0.0147013
0	0.0313667	0.201769	274286	105980	-0.0805191
0	-0.0229688	0.231085	280286	133964	-0.518132
0	0.0386524	0.268524	276270	132023	-0.249771
0	-0.0160959	0.207509	280242	197934	2.94914
0	-0.0106086	0.189853	274290	198062	1.74102
0	-0.0158514	0.142739	274296	244064	-0.73662
0	0.0306536	0.120558	278266	248135	2.48205
0	0.00532858	0.0921903	276274	264164	1.87066
0	-0.00605635	0.212976	282246	42008	0.0448395
0	-0.0355889	0.251967	270300	74036	-0.412483
0	-0.00130248	0.232264	288200	141904	0.0232964
0	0.00998767	0.214798	284226	167885	-0.329462
0	0.00523771	0.222931	284230	177957	0.731097
0	-0.01862	0.182515	282242	218006	1.03704
0	0.0223646	0.182174	268312	228056	-1.203
0	-0.0312931	0.153462	282260	248094	-2.04392
0	-0.00121901	0.0839285	278258	266143	-1.18609
0	0.0118443	0.278076	282228	39989	-0.0490228
0	-0.01664	0.223813	262342	87987	0.427838
0	-0.0118422	0.227174	262284	131965	-0.24894
0	-0.00937599	0.23617	278250	151910	-0.474816
0	0.00305043	0.20935	284258	205976	2.38271
0	-0.0437685	0.198092	272302	211977	-0.552322
0	0.0212395	0.151632	278256	244036	-0.524989
0	-0.0212308	0.14958	274314	252060	-1.23216
0	0.0162927	0.0696542	276292	266192	2.30226
0	-0.00314999	0.230091	278272	49968	0.0151814
0	0.0428023	0.244455	282266	85990	0.0168452
0	0.00701302	0.251589	284216	118006	0.222026
0	-0.00564612	0.1918	282242	160007	0.761732
0	-0.0387322	0.223729	270290	189991	0.598543
0	0.0262645	0.175938	276292	214091	2.3739
0	0.0414209	0.116932	272298	246099	2.24484
0	-0.00505524	0.11847	280264	262079	0.897602
0	-0.0157653	0.100453	286220	274069	3.13224
0	-0.0242481	0.210616	266306	30033	0.170009
0	0.0280725	0.231652	276246	82007	-0.0963309
0	0.0281877	0.220852	266322	104007	-0.3472
0	0.00119914	0.219336	274274	171936	0.749474
0	0.0458266	0.177102	280278	194030	-0.215864
0	0.0200444	0.201117	284254	235891	-0.0765176
0	-0.0128044	0.126909	284266	254080	3.41266
0	0.00623181	0.132204	276266	250075	1.82348
0	-0.00197281	0.109691	286262	270105	0.845648
0	-0.0329382	0.254937	274250	53952	0.188266
0	-0.0279141	0.225986	274278	80009	-0.42189
0	-0.00468874	0.201106	272288	126024	-0.0318654
0	0.056417	0.216199	264304	153982	-0.744045
0	0.029822	0.203159	280248	199901	2.2344
0	0.0217627	0.188268	270274	217974	2.98246
0	-0.0358555	0.140027	280214	246040	2.34145
0	-0.0359239	0.104443	282230	256114	-1.74879
0	-0.0260002	0.0837725	286248	276110	-2.25448
0	0.0600385	0.232858	282240	41984	0.173529
0	0.0133404	0.260566	268328	80002	0.174076
0	0.0233562	0.256542	284256	133950	1.20882
0	0.0308003	0.225947	286216	169929	-1.03379
0	0.0769065	0.153975	286222	215951	-2.0203
0	0.00848492	0.149931	284246	232049	-2.93069
0	0.0121037	0.134974	286268	244091	-3.74937
0	-0.00242105	0.0826202	274278	260129	-3.33292
0	-0.0129323	0.110768	282216	260069	0.857672
0	0.00552543	0.210306	288234	32019	-0.0551996
0	0.0279179	0.238209	272248	83988	-0.174298
0	-0.0474946	0.224554	280280	126053	-0.0553528
0	0.0366377	0.226463	280258	173934	0.769924
0	-0.00242056	0.20606	268322	178021	1.37834
0	0.0168588	0.137209	264288	206056	2.46061
0	-0.0247036	0.130806	280260	242116	-0.815983
0	-0.01528	0.135924	274264	240064	0.783568
0	0.0208657	0.0821282	288250	276163	-1.06594
0	-0.0382624	0.255676	272282	30035	-0.0314068
0	0.00604496	0.245556	278274	74018	0.664564
0	0.0125817	0.208699	284242	143947	0.64258
0	0.028892	0.269609	278246	131979	0.586806
0	0.05678	0.202377	290180	211925	-1.26064
0	-0.016166	0.190249	272290	210005	0.679665
0	0.0208735	0.14026	286218	242005	1.85752
0	0.00757458	0.138657	272280	244089	3.8535
0	0.0154686	0.108018	278270	264112	0.979195
0	0.0249679	0.227599	276222	49949	0.139556
0	-0.0275951	0.261255	284278	93909	-0.268158
0	-0.0498042	0.276358	280232	115924	0.810219
0	0.0361499	0.219842	266308	138015	0.343924
0	0.0145425	0.19356	268318	178077	1.27881
0	0.0220639	0.234268	268326	205969	-0.995834
0	-0.011731	0.110025	290236	250061	-0.0979955
0	0.0329238	0.118709	274288	252097	-1.10572
0	0.0234403	0.10357	270294	260132	1.48056
0	0.0287744	0.248647	282240	49960	-0.191441
0	0.013392	0.240614	274266	105923	-0.761434
0	-0.00316882	0.226851	276260	117944	0.215457
0	0.0438311	0.235813	292182	183866	0.112786
0	0.00030933	0.240179	280260	203854	2.7018
0	0.0140519	0.183301	266280	211986	-0.352401
0	0.0316405	0.167595	282242	237994	-2.25967
0	-0.0190516	0.101722	280272	252130	-1.03422
0	0.0155603	0.113526	282260	266108	1.99092
0	-0.0454819	0.241438	282278	38028	0.0436482
0	-0.0021949	0.246284	288240	79984	0.212945
0	0.0251186	0.2642	286226	131934	0.205781
0	0.00545477	0.243286	280258	167923	1.91787
0	0.0222043	0.241959	278266	193938	-1.9744
0	0.0100434	0.191469	268318	204007	-0.730206
0	-0.0536466	0.135493	286218	252035	1.49898
0	-0.00342051	0.142503	282196	259996	-2.52173
0	-0.0077745	0.0993317	284250	274106	0.59484
0	0.0158708	0.241586	274236	49962	-0.203284
0	0.0171557	0.243392	274272	86002	0.631135
0	0.0310074	0.26435	274294	125940	-0.418208
0	-0.0223807	0.196941	274272	144043	1.58746
0	0.00550082	0.165853	276270	190094	-0.127236
0	-0.028686	0.173024	280224	227958	1.03577
0	-0.0426996	0.113743	286230	262017	-2.17839
0	0.0333039	0.152479	272280	242075	0.146514
0	-0.0140157	0.084382	282252	264148	2.14523
0	0.00446825	0.242234	272298	32026	-0.274805
0	-0.0184903	0.247141	282262	83948	0.0621965
0	0.0576932	0.256805	274246	113953	-0.180279
0	0.0244929	0.214114	276292	153974	-1.77387
0	0.0205935	0.204522	284268	193983	-0.0400304
0	0.0506388	0.162599	286254	218039	-3.06283
0	0.020545	0.123532	278276	242083	1.5222
0	0.01551	0.126076	288234	268021	1.11278
0	0.031674	0.101745	272248	262090	0.604639
0	0.0146673	0.234634	280268	33996	0.207157
0	0.0176034	0.244067	282244	103967	-0.830973
0	-0.0177386	0.203725	274288	116040	-0.0398691
0	-0.0058348	0.212706	276296	163959	0.110294
0	-0.0168865	0.220335	272276	172033	-0.709428
0	0.0310847	0.205061	280244	227945	-2.98669
0	0.0236273	0.129796	286204	246062	-2.61955
0	0.0111799	0.176326	270274	230088	-1.06483
0	0.0607071	0.108347	292224	272064	-0.185499
0	-0.0001189	0.266841	284216	37981	0.0881535
0	-0.000414041	0.23164	266332	87965	-0.224477
0	-0.0423273	0.223761	282242	104018	0.0732536
0	0.0157037	0.244303	272282	153958	0.33393
0	-0.0343484	0.195466	274290	168070	-0.674354
0	-0.00910746	0.192197	282236	224016	1.0817
0	0.0215447	0.174932	272296	238005	0.306276
0	-0.0153266	0.121986	286262	268101	-1.73859
0	-0.037758	0.100756	284254	268081	-0.127017
0	-0.00612881	0.244838	276280	47979	0.0989765
0	0.0385388	0.250967	288258	83952	-0.185691
0	0.0137382	0.254801	276258	129911	0.373242
0	0.0395431	0.242686	270288	122044	0.82436
0	0.00211605	0.14448	290258	194078	-1.70106
0	-0.0396532	0.206968	282256	208034	1.39274
0	-0.0302344	0.16715	288212	234057	1.36862
0	0.0509251	0.165007	280246	256000	-0.258536
0	-0.00690124	0.0990161	290222	272112	-2.14829
0	0.0310253	0.227765	260354	40008	-0.151759
0	-0.00736948	0.234517	276292	81992	0.104052
0	-0.0169043	0.217883	276226	119969	0.555122
0	-0.0369377	0.228762	274288	151947	-1.42985
0	-0.000161085	0.184921	288202	203933	-0.746326
0	0.0390882	0.158772	284260	226041	-2.22366
0	0.000961158	0.139865	290198	263957	0.627906
0	-0.0126176	0.133215	264318	246103	-1.16281
0	0.0446831	0.0810007	272258	260146	1.32418
0	-0.0115041	0.285273	272302	32006	-0.155312
0	0.00259189	0.259138	276264	93887	0.443352
0	0.0114289	0.249923	282248	131890	-1.10116
0	-0.0101361	0.230416	284242	169961	-0.0776301
0	0.00526307	0.209878	286232	185957	-0.915231
0	0.0151433	0.176133	278244	212021	-0.55033
0	0.0208798	0.131718	272250	232055	0.847252
0	-0.00344282	0.135966	276268	248060	2.90616
0	0.0379972	0.10257	284228	260128	-0.244894
0	0.0118838	0.22766	266340	59961	-0.100706
0	0.0267714	0.251667	282256	83975	0.0408018
0	-0.0695055	0.223226	276222	122000	1.31641
0	0.031875	0.211286	262354	161956	-0.459821
0	0.000835123	0.174067	282278	215873	-1.36396
0	0.0259992	0.137692	268300	232061	0.91181
0	-0.072809	0.12515	280280	238094	-0.635594
0	-0.0453752	0.140084	284246	246116	-1.78048
0	0.00323572	0.13175	274310	258094	0.293613
0	0.0186308	0.219664	286236	53985	0.0560418
0	0.0118662	0.260866	272302	71988	-0.251906
0	-0.0313861	0.210617	276282	135990	0.205571
0	-0.0129625	0.21517	284224	181885	0.00488066
0	-0.0134265	0.178258	276284	192034	0.50975
0	-0.0157098	0.199056	290224	216003	0.266024
0	-0.00103248	0.174088	274288	218099	-1.35036
0	0.00737444	0.105838	282230	270046	-0.0590495
0	-0.0150372	0.0977689	282236	268129	3.18497
0	-0.0256919	0.242581	274286	44013	-0.0217514
0	0.00325235	0.240962	276290	79980	0.222797
0	0.0659727	0.281362	268324	127938	-0.21651
0	-0.0162649	0.247823	270286	130007	0.666401
0	-0.00057771	0.216994	274278	195956	4.05462
0	0.0485697	0.173539	278292	224011	2.25771
0	-0.00150065	0.131208	284288	250035	-0.0678055
0	0.0636196	0.169149	282242	230086	-0.0984454
0	-0.0685358	0.0621635	282234	278089	-1.81269
0	0.0470252	0.230953	274278	36017	-0.0166101
0	-0.0235475	0.258801	286250	82009	-0.25519
0	0.0159402	0.245617	282238	129938	1.41969
0	0.0134884	0.214727	272300	171931	1.6324
0	0.0378748	0.202246	274290	201968	0.59868
0	0.026781	0.185616	282282	220045	2.07213
0	0.0156655	0.138337	270290	240010	-1.22765
0	0.0359957	0.127783	280268	260063	-2.02611
0	0.00810373	0.10332	278258	260137	0.302846
0	-0.0172817	0.246772	278248	41999	-0.187918
0	0.0204576	0.23199	280276	87985	0.222187
0	0.0582681	0.263734	276312	135931	-0.418467
0	0.0489442	0.201253	288232	177928	0.643905
0	0.00680839	0.178344	264296	189994	-0.436468
0	-0.0535673	0.199012	290224	214035	-0.283119
0	-0.011591	0.146228	276260	246033	0.64102
0	0.0146973	0.128374	280270	256057	-1.15408
0	0.0243819	0.0820104	290212	278044	-0.245512
0	0.0328842	0.252857	276290	41967	-0.0132967
0	0.0434532	0.236076	290222	81949	0.327375
0	0.0459819	0.231102	284240	141920	0.107827
0	-0.0207776	0.238138	278222	147973	1.81565
0	-0.00578103	0.1978	284254	192022	0.301792
0	0.011569	0.216995	284250	213937	2.36903
0	-0.012957	0.166426	276246	247966	0.6645
0	0.00649092	0.121458	276256	250060	-0.558976
0	-0.0281003	0.0976927	286240	276119	0.194184
0	-0.00566069	0.305047	278290	39964	0.0705235
0	0.0151427	0.248802	284236	79999	0.476121
0	-0.0155992	0.232787	282222	139922	0.497222
0	0.0269072	0.220159	286202	153917	0.387844
0	0.0325725	0.216782	276266	187961	-1.0436
0	0.0368921	0.211808	288222	219961	-2.75623
0	0.00764859	0.17902	284244	228052	0.525149
0	-0.0351652	0.154528	284240	252056	2.55335
0	-0.0726502	0.0974067	284256	272113	-0.417913
0	-0.02675	0.254732	276274	45953	-0.031353
0	-0.0342429	0.26631	252392	99929	-0.50135
0	0.028551	0.257099	276268	112000	-0.399054
0	0.0329375	0.245105	272262	165899	1.19741
0	0.042825	0.199811	270286	187981	-1.83005
0	-0.0282449	0.2125	282262	215943	-0.527102
0	-0.0173103	0.150358	282230	238012	1.37043
0	0.0316465	0.102781	276260	260102	-1.46936
0	0.0163026	0.0842349	290226	282065	2.17091
0	-0.0275899	0.277266	278262	53944	0.0310043
0	0.0232408	0.229052	282202	87978	0.178734
0	0.0276905	0.259923	286220	111998	-0.824449
0	-0.00983467	0.206935	284242	185893	0.495551
0	0.0740187	0.209391	274280	201946	-1.47614
0	-0.000127652	0.178757	266312	206054	0.534482
0	0.0288641	0.182612	282256	242001	2.03237
0	-0.00944082	0.132215	280240	250095	-0.434939
0	0.00897947	0.0733127	272268	260156	-1.55138
0	-0.000520414	0.228719	278270	45990	-0.0500521
0	0.0183438	0.203818	276280	78045	0.778744
0	0.00953833	0.236633	274256	119936	0.646664
0	0.0156018	0.218479	276266	153960	-2.04937
0	-0.00937583	0.18932	280262	196003	2.15163
0	0.0242125	0.182412	270296	217965	0.629662
0	-0.0383843	0.14389	264288	226071	1.62941
0	0.041096	0.153922	276288	246060	-2.9168
0	0.00686382	0.129602	266290	252148	1.34615
0	0.020816	0.236002	280274	55943	-0.175956
0	0.00560993	0.255338	264322	89933	0.22941
0	-0.0365905	0.249781	272274	127968	0.328941
0	0.00370084	0.228915	284238	151941	1.86083
0	0.00573737	0.238526	284250	199932	-0.568647
0	0.00497974	0.203142	280264	200047	-1.20277
0	0.00226812	0.181125	292200	257933	-1.30051
0	-0.017519	0.1113	256370	234178	2.73421
0	0.00337948	0.130041	258326	236196	3.56076
0	0.0248774	0.249782	270274	43959	0.0631615
0	0.00563527	0.261677	262350	73989	-0.548326
0	0.00726305	0.210945	276268	119990	0.0185196
0	-0.00917308	0.259843	272258	161954	0.414513
0	-0.000786703	0.195121	280226	195931	-0.622641
0	-0.0128914	0.177508	282260	210084	1.04236
0	0.035551	0.163855	282240	249975	-1.50222
0	-0.0216604	0.134375	280264	246072	-0.474378
0	-0.0194576	0.0933125	282278	272108	0.255855
0	-0.00270439	0.259092	288206	35998	0.105505
0	-0.0305079	0.219009	270322	78005	0.112762
0	0.00354726	0.27771	284216	111951	-0.182896
0	0.00797834	0.192109	284264	157970	0.3011
0	0.00354036	0.198236	272310	199903	2.02225
0	0.0540908	0.223954	292226	210002	0.151687
0	-0.00935503	0.165731	276256	236023	2.38519
0	0.0213141	0.168041	286222	257997	0.981833
0	0.0346157	0.121796	266294	246162	0.984398
0	-0.0428762	0.277168	270278	30021	0.106551
0	0.0269579	0.221117	286210	85977	-0.230232
0	0.0324642	0.231813	274262	143934	0.851848
0	-0.0279121	0.20874	268310	160004	0.71621
0	0.00150326	0.211847	270312	193982	0.489854
0	-0.0167879	0.203497	276262	217962	3.39205
0	-0.0252355	0.115428	274234	252035	-1.21972
0	-0.0187332	0.123256	266308	252080	-1.36763
0	0.0088584	0.120049	286248	276070	1.83925
0	-0.0121792	0.269595	274226	53942	-0.273331
0	0.0354439	0.264473	288226	87947	0.180345
0	0.0121415	0.263449	284228	109977	-0.376936
0	-0.00966114	0.201644	278268	163955	0.702828
0	-0.00875032	0.182492	266254	185992	-1.34858
0	0.00489579	0.199534	276274	211994	0.971772
0	-0.0905307	0.161639	282242	242075	-0.534437
0	-0.00938991	0.119455	276266	254110	0.576759
0	-0.0250695	0.121191	276248	260082	4.81186
0	-0.0213602	0.254119	276300	40031	-0.0523043
0	0.0140832	0.260303	266324	75930	-0.174347
0	-0.0313353	0.202823	278230	125987	0.146246
0	0.0104652	0.203685	278256	171949	0.225523
0	-0.0441475	0.232305	288224	182025	1.17951
0	-0.00536658	0.160591	288242	224028	0.579459
0	-0.00434846	0.171951	264296	226041	3.36922
0	0.028482	0.102685	274290	250139	-3.98366
0	-0.0369058	0.0980641	288232	278039	-0.346263
0	0.00239203	0.257534	280234	26025	0.0185328
0	0.00770704	0.212211	288260	93966	-0.58343
0	0.0228803	0.247464	276316	106010	-1.26144
0	0.021184	0.20042	272276	169942	-0.455198
0	-0.03402	0.194132	270328	184062	-1.91894
0	0.0594789	0.221722	274310	213971	0.0600575
0	-0.0181577	0.116424	284238	248044	2.12206
0	0.0333884	0.11809	264328	242179	-3.21742
0	-0.0160532	0.102765	276264	258117	2.62538
0	0.0104081	0.254182	274292	53921	-0.0860373
0	-0.00138232	0.231148	280244	81961	0.444953
0	0.0416985	0.272115	286228	101973	-0.928423
0	0.00160908	0.273358	272274	132032	-0.910592
0	-0.0811453	0.231779	280264	193962	0.0283858
0	-0.0540959	0.153648	276282	231988	-0.17327
0	-0.0454415	0.17835	290242	238053	0.35992
0	-0.00953966	0.105811	274270	242167	-2.29608
0	0.0440769	0.0678642	282246	276118	-3.26944
0	0.00639748	0.235186	272304	30000	0.120863
0	-0.0641685	0.235363	282238	76038	-0.511333
0	0.0226925	0.232182	270302	119959	-0.366141
0	-0.0312014	0.234977	272296	148000	1.00325
0	-0.0205257	0.184262	278250	223923	-0.147588
0	0.0516388	0.208515	284256	200042	0.334719
0	-0.0289718	0.134299	268348	234121	-4.77181
0	-0.0170623	0.116739	290228	264081	-2.41937
0	0.0174845	0.104543	274272	254114	-1.84831
0	0.0059952	0.218248	278254	36025	-0.149698
0	0.0158037	0.265098	272274	77961	0.0945911
0	-0.00584061	0.253792	270310	117985	0.0254774
0	-0.0124171	0.23496	274246	147987	1.45063
0	-0.027484	0.202177	274302	185992	0.458793
0	-0.0113949	0.153857	278268	226026	-0.498082
0	-0.0417907	0.163506	260342	234024	1.39757
0	-0.0305031	0.143169	274300	254089	2.293
0	0.0251439	0.131005	276260	258129	-2.09379
0	-0.0247021	0.276974	276258	36000	0.170337
0	0.000912447	0.263157	274304	75967	-0.559056
0	0.0712937	0.24526	282260	108025	0.282327
0	-0.0152345	0.241023	292218	157923	-1.86306
0	-0.0506886	0.221602	284246	201945	1.32527
0	0.0185638	0.176954	278304	220021	-0.0343448
0	-0.0244091	0.146158	280236	240051	2.00585
0	-0.0112213	0.147325	288250	262039	-3.02244
0	0.0492738	0.10738	280266	258146	-3.04575
0	-0.0131781	0.242313	272312	45965	-0.0079745
0	0.0473724	0.22494	280210	77997	0.035167
0	-0.0293501	0.228702	280266	108035	-0.172693
0	0.0364874	0.230702	266316	155989	-0.378469
0	-0.0119699	0.15298	286196	200006	0.637339
0	0.0122887	0.218343	272274	206011	-1.12692
0	0.00695744	0.149696	268288	234107	0.178375
0	-0.0127066	0.110028	282266	258100	-1.22595
0	-0.00920303	0.126673	284258	264090	3.7145
0	-0.0169812	0.260269	270298	37984	-0.0204364
0	-0.0523641	0.263794	280250	75981	-0.160385
0	0.0196207	0.264089	282238	131922	-0.710432
0	-0.00875341	0.220469	278232	159916	-0.792266
0	-0.041503	0.234137	280238	170072	-0.00902166
0	0.0252062	0.171284	278306	214041	-1.87823
0	-0.0980137	0.1421	282248	248045	2.0596
0	-0.0502788	0.132552	274264	248079	-1.51974
0	-0.00226386	0.0868679	282256	268127	2.0188
0	-0.000907812	0.216827	268318	34046	-0.0248282
0	0.00981339	0.247316	272284	83944	-0.244515
0	0.0392188	0.249876	266354	127956	0.276396
0	0.00551524	0.258911	292194	167934	-0.711153
0	-0.000730009	0.197984	270278	181934	1.03121
0	-0.00200509	0.160075	270286	216052	2.09172
0	0.0384465	0.171595	268286	232050	-1.36275
0	-0.00797169	0.136366	268294	246068	-1.33565
0	-0.000474121	0.0896006	282246	266132	-0.546833
0	0.0384435	0.255083	272308	49952	-0.0265739
0	-0.00909366	0.211496	284254	95941	-0.0169998
0	0.036103	0.253028	270310	94049	0.457981
0	-0.0362356	0.212657	280238	171921	0.258999
0	-0.0241252	0.1505	284256	209967	1.42588
0	0.0068657	0.199619	284212	221919	-1.14959
0	0.0038458	0.15976	276240	245959	-0.626194
0	-0.0357374	0.147576	288244	264018	2.22618
0	0.00643727	0.0787309	278246	264114	-2.65525
0	-0.00323773	0.260097	268298	33989	0.0403964
0	-0.000225983	0.24545	276292	85956	0.44133
0	-0.013102	0.222521	274288	106036	0.301198
0	-0.0204672	0.266739	284272	183878	0.340184
0	-0.0215408	0.256263	276266	181964	1.25372
0	-0.035311	0.157555	282262	222015	-1.16084
0	-0.00520664	0.17989	266270	220040	-1.66171
0	-0.0412069	0.136896	278280	242115	3.15187
0	0.000947509	0.0997349	276236	260122	1.76622
0	0.0447788	0.231379	278236	36017	-0.0555566
0	-0.000870528	0.241386	272286	81965	0.282347
0	0.0233246	0.240185	276256	125979	1.62465
0	0.00635248	0.251317	278268	163887	0.701735
0	-0.0131645	0.234013	274282	173993	-0.0860765
0	-0.0116685	0.233545	280258	201984	0.0086906
0	-0.0151396	0.163711	274298	234086	-1.4723
0	0.027835	0.11105	286222	262047	1.17398
0	0.0326908	0.0809857	266296	260139	-0.780537
0	-0.0364482	0.269475	282234	35981	-0.0179656
0	0.0101619	0.257179	284232	83978	0.132286
0	-0.0109309	0.254608	278232	131867	-0.4866
0	0.0018462	0.24507	278268	147977	0.697571
0	0.00625256	0.251882	278274	185952	0.0404311
0	-0.0130796	0.155308	288214	223958	1.18197
0	-0.0570194	0.182832	282226	247952	-2.15007
0	-0.0221281	0.109516	278270	256120	2.16223
0	-5.30446e-05	0.0903943	284260	270138	0.0440268
0	0.0328709	0.263416	276266	39994	0.159951
0	-0.021724	0.239528	274260	83975	-0.420133
0	-0.0448789	0.273701	286260	121968	-0.896057
0	0.0190873	0.201242	288218	153965	-0.116444
0	-0.0330819	0.236842	282292	185999	-0.243998
0	-0.0113028	0.165088	282220	222022	-1.03979
0	-0.0453213	0.187505	276258	226016	-3.19728
0	0.0105987	0.128999	282242	252082	2.42575
0	0.0465792	0.07103	284256	278126	1.00743
0	-0.0149498	0.215718	280282	34003	-0.0557332
0	0.00846736	0.240423	274256	97968	-0.0198646
0	-0.0106307	0.219491	286230	117998	0.115891
0	0.0603316	0.201635	278272	148010	-0.92066
0	0.014112	0.191276	276256	182004	-0.812822
0	0.0319605	0.164206	282254	214094	-0.0550498
0	0.00660676	0.175352	280272	242022	0.791579
0	-0.0133053	0.140127	286246	256030	-0.635966
0	-0.00698445	0.10607	264334	252181	-0.869324
0	0.0187094	0.26204	282266	41998	0.199711
0	0.0134111	0.283997	278264	61995	-0.236782
0	0.018002	0.23594	286244	133975	-0.598276
0	-0.0429835	0.238676	280266	165955	0.642157
0	0.0416558	0.172186	278258	204011	-0.545262
0	0.0116822	0.216448	278266	229934	0.423105
0	0.0130496	0.164148	280228	245993	-0.490636
0	0.029891	0.116189	276288	252094	-0.147567
0	0.0145817	0.103605	258356	242246	3.20156
