0	-0.0398027	0.24964	234310	82625	0.164635
0	0.0218198	0.222386	238488	147648	1.1263
0	-0.0301235	0.158631	221464	178745	2.53148
0	0.0225384	0.0917238	229522	203426	-1.2454
0	0.0741365	0.1111	221728	206264	-0.368088
0	0.00535485	0.0804087	246206	235939	0.236242
0	-0.0488454	0.0684562	240418	232697	5.99687
0	-0.0139081	0.035565	244588	240612	-1.41402
0	-0.0392157	0.0244873	237222	233449	2.51236
0	-0.0235418	0.286754	240392	78444	0.0973494
0	-0.0118882	0.259885	241662	150431	0.0346065
0	-0.0204777	0.163676	240614	192448	1.59043
0	0.0514057	0.11398	233786	214753	2.20614
0	0.0274743	0.123649	242478	230684	-0.204547
0	0.0489711	0.100468	238660	220405	1.8052
0	0.0254454	0.0800726	240022	231599	-4.11937
0	-0.0151101	0.0479958	231540	227557	2.07566
0	-0.0190184	0.0505659	251586	248720	1.22295
0	0.0117559	0.237674	238568	80354	0.141889
0	-0.00257901	0.215801	234864	141728	-0.397236
0	-0.00962586	0.199349	246060	192379	-0.755196
0	-0.0326435	0.119332	236498	211517	1.03738
0	-0.0201248	0.117171	238370	222040	0.687029
0	-0.0271531	0.0922005	241022	229950	2.50146
0	0.0342128	0.0670832	243520	234644	-0.569336
0	0.00304553	0.026378	240940	239124	2.89097
0	0.00698494	0.0427014	253858	250828	0.439875
0	-0.015383	0.231672	247736	99884	-0.0285423
0	-0.0238815	0.262957	222904	133198	-0.634347
0	-0.0103112	0.200233	253054	201100	1.65186
0	-0.042659	0.12184	222140	205043	1.49243
0	-0.00691931	0.0645997	240720	232090	0.397102
0	0.00285825	0.0516923	256414	245943	-2.48503
0	0.0540056	0.0481998	253806	245955	-0.468487
0	-0.0105437	0.0394471	247014	243379	-1.26079
0	0.0112557	0.0143418	258596	256629	0.585197
0	0.0203654	0.266226	244874	79099	0.338198
0	0.0047993	0.205701	239940	148384	0.363957
0	-0.00242037	0.224693	220544	171319	1.29192
0	-0.0180954	0.133149	255930	214498	0.414034
0	0.0541707	0.0931122	231180	215905	-2.45097
0	0.0230799	0.0638901	244366	237662	4.75686
0	-0.0254372	0.0758514	229222	220172	-2.43254
0	0.0260944	0.0499321	248620	243726	-1.68848
0	-0.00846332	0.00538239	243396	242138	7.75615
0	0.0121566	0.295565	227426	75634	0.205733
0	0.0284684	0.236729	222212	132948	1.1071
0	0.00139596	0.204924	230376	187330	4.42177
0	0.00217014	0.149545	234348	205752	0.632381
0	-0.0259813	0.137232	236004	216309	3.29596
0	0.0299212	0.105935	243454	234494	3.53333
0	-0.0188146	0.0764463	240526	228210	4.72959
0	-0.0325377	0.0186488	231328	228030	5.30582
0	-0.00683583	0.0226574	228930	226274	-0.174683
0	-0.00445373	0.257661	236276	73896	-0.211198
0	0.0197808	0.262391	220370	115701	-1.01749
0	-0.0121447	0.216023	234594	172779	2.57603
0	0.0622342	0.112282	238808	216410	-2.38379
0	0.0357672	0.0944809	236606	220023	-2.36015
0	0.00285224	0.080517	241048	229309	-7.87741
0	0.026256	0.0597409	234074	226247	-3.54192
0	0.026607	0.0684048	245594	238000	-0.367888
0	0.0183353	0.0404299	237854	231889	-1.88528
0	0.0334812	0.255492	245986	70770	-0.542941
0	-0.015912	0.203412	246552	154536	-0.386039
0	-0.0111748	0.20934	251444	194688	2.17182
0	-0.00238224	0.163842	250080	216521	-0.57131
0	-0.00489197	0.0976354	243526	221542	-2.24427
0	0.0527479	0.0772437	248398	237443	1.19163
0	0.0642485	0.0722272	218260	210186	-2.96033
0	-0.0810697	0.0698863	237278	229924	1.28663
0	-0.0100699	0.00185101	265930	265679	2.02312
0	0.00334978	0.255985	248532	89291	0.557545
0	-0.0330345	0.206355	229574	141977	1.21107
0	0.0254483	0.249592	254730	192601	-1.07748
0	0.0107798	0.153351	236062	203972	1.3426
0	-0.0672416	0.0447732	233052	222506	0.414285
0	0.0224886	0.0672468	232456	220012	0.399682
0	-0.0110565	0.0785363	252600	245645	0.07564
0	-0.00122096	0.0396016	243638	240043	0.75017
0	-0.0240868	0.0171462	232214	231194	-1.23213
0	0.0433873	0.236886	243138	62809	0.0669981
0	0.0231228	0.243707	247154	150490	0.643535
0	0.0316227	0.207616	225274	178713	-0.590112
0	0.0162079	0.15772	243592	211872	-1.42921
0	-0.0566446	0.129692	228800	209688	1.47808
0	0.0230121	0.0813136	237448	227741	-3.33415
0	0.0105933	0.0654766	243710	234184	-3.79149
0	-0.00785732	0.0363834	228052	224007	-3.52714
0	0.0357067	0.0290177	250452	245650	4.77321
0	0.0294303	0.24038	238660	91906	-0.255706
0	0.0564495	0.239946	243484	158223	-0.89536
0	-0.0493061	0.166221	246636	207864	-0.71021
0	-0.0111869	0.149528	236570	209962	1.40466
0	0.0635906	0.116453	233852	215379	-1.29224
0	0.00630189	0.0473833	256420	247408	0.453369
0	-0.0252441	0.0257661	251696	245084	5.50484
0	0.0236262	0.0483915	253176	249949	-0.622861
0	0.0693849	0.0341646	254552	250645	-4.39838
0	-0.000572086	0.227397	247096	76770	-0.371315
0	0.00224786	0.262245	248292	146777	-0.751941
0	-0.0119	0.195707	244180	193044	0.169584
0	-0.0205158	0.111828	242208	217982	0.608766
0	0.0295512	0.154272	249348	225852	0.0119064
0	0.00725775	0.162149	217832	200014	-0.794387
0	-0.0651229	0.044357	244896	238164	3.39917
0	0.00101054	0.0392024	242408	237114	0.73878
0	-0.061647	0.0544284	244038	239084	-1.95107
0	-0.00669581	0.28035	244538	72772	-0.180338
0	-0.0101204	0.241896	235172	139726	-1.18437
0	-0.00339778	0.195334	253504	202141	-0.354977
0	0.00882431	0.13345	237790	216480	1.9479
0	0.04154	0.116826	241842	223984	6.11454
0	-0.0357393	0.0663761	241736	230223	0.962353
0	0.014196	0.0377034	244974	238582	-0.296647
0	0.0285529	0.0321433	253084	249230	-0.755628
0	-0.0125387	0.0259345	243638	239229	3.88004
0	-0.00341271	0.265736	231506	69356	0.397357
0	-0.00929963	0.220664	241734	148362	-0.00605992
0	0.0220053	0.152486	228530	184593	-0.275564
0	-0.0150055	0.100448	238438	214802	2.30949
0	0.00437767	0.0982244	252862	236696	1.0191
0	0.0100427	0.0699085	232870	224907	1.31025
0	-0.0285488	0.0232968	244150	239360	2.87222
0	0.0270112	0.0475094	248252	243441	-5.76447
0	-0.0343616	0.038511	239492	235026	1.79388
0	-0.0469497	0.268402	228890	70383	0.244329
0	-0.0418193	0.219333	248310	167388	0.707341
0	0.0170078	0.195565	234048	182852	0.816586
0	0.0344172	0.162098	244410	206801	-1.29011
0	0.0299147	0.110243	256340	246216	-4.98053
0	-0.0226903	0.103387	251432	238998	-0.209092
0	-0.0198168	0.0314224	230784	225759	1.04804
0	0.048201	0.031421	235448	230669	-0.695556
0	-0.0706284	0.0220585	258674	256233	5.81012
0	0.00449863	0.202046	240760	92491	-0.290274
0	-0.0209023	0.247817	237050	141019	0.844368
0	-0.0466902	0.192379	236990	179104	0.623545
0	-0.0143251	0.149446	246860	221001	0.572328
0	0.0192562	0.11892	246872	228854	-1.11668
0	0.0272453	0.0669603	252530	244527	0.503276
0	-0.00786437	0.0546295	250416	246284	-1.13326
0	-0.0100234	0.0452063	232670	228992	-1.92801
0	0.0118229	0.0323233	240756	238900	1.24196
0	0.00537234	0.260646	246672	80645	-0.164687
0	0.0600462	0.210446	254128	162148	0.513325
0	0.00796866	0.188098	250448	208344	-0.912776
0	0.00573967	0.129749	251098	216587	-2.00275
0	0.00595193	0.0882736	246492	231030	-3.2671
0	0.0112176	0.0783586	241694	227507	-3.97169
0	0.0363981	0.0610458	246808	241218	-1.57767
0	-0.00444193	0.0454943	255934	250646	-1.01207
0	-0.0442404	0.0187403	229924	228165	6.21799
0	-0.0170371	0.283339	233192	75903	-0.121348
0	-0.0441903	0.223683	254100	170023	1.64855
0	0.0124775	0.196072	243794	197833	1.37075
0	0.0183658	0.151693	255816	234987	0.528146
0	0.0252357	0.150628	219478	196052	1.46581
0	-0.0248567	0.12044	252768	235905	2.40773
0	0.0279087	0.0693933	247488	240145	-1.77401
0	0.00473542	0.0426648	245506	242352	-2.1496
0	0.00520474	0.0361447	234030	229435	-3.2055
0	-0.0104824	0.258766	249206	76792	-0.169589
0	-0.0347568	0.237601	231508	137304	0.265736
0	-0.0197391	0.145834	237074	191924	2.87819
0	0.0439817	0.160252	215728	187565	-0.995748
0	0.0227966	0.096917	237598	219727	0.729566
0	-0.0155358	0.103548	237580	222398	-4.91217
0	0.0449945	0.0479247	235336	231563	-2.85664
0	0.0221669	0.0293875	241430	237855	-4.14749
0	-0.0432324	0.0255317	249496	247600	-0.69798
0	0.0293659	0.261174	233184	58806	0.00519988
0	-0.00768584	0.212277	241952	156336	-0.271646
0	-0.0278956	0.149536	250736	191444	2.64757
0	-0.00523193	0.172199	249976	210062	-0.113209
0	0.0230889	0.10597	258886	242424	-0.698338
0	0.00352042	0.0902472	229620	216293	0.172481
0	-0.0178083	0.0445021	242188	234733	-3.84957
0	0.0123794	0.0354988	243590	240899	-3.38349
0	-0.0315604	0.0091771	231544	230635	2.38586
0	0.0508966	0.236937	227542	79312	-0.0279933
0	-0.00893601	0.230203	243246	155507	0.0434207
0	0.0261191	0.174978	234044	190933	-2.20066
0	-0.0340433	0.146463	221976	192007	1.98545
0	-0.0107092	0.0987362	209560	190470	1.42951
0	-0.0281976	0.0839281	242014	230413	-1.26943
0	0.0240038	0.0351084	247958	242552	1.77193
0	0.0137905	0.0498145	253854	248191	-2.47532
0	-0.0144746	0.0168767	244200	241839	2.41027
0	-0.0315439	0.270395	239992	79037	0.346381
0	-0.0242028	0.242041	240602	147073	-0.50681
0	0.00976152	0.186482	251454	197762	0.056592
0	-0.0257302	0.180762	243924	212539	-2.50087
0	0.0163055	0.141152	237676	219775	0.035334
0	-0.024739	0.124761	236038	220041	1.69064
0	-0.0416666	0.0700747	247348	238576	-0.866695
0	-0.0174397	0.0286398	231078	227535	1.32883
0	-0.023052	0.0215091	257660	254695	-0.33773
0	-0.0241586	0.250381	244258	85871	0.0959822
0	0.00398391	0.277443	239700	146238	0.307908
0	-0.0381621	0.189051	234746	193866	1.10498
0	0.0115127	0.121117	249108	225479	0.6863
0	-0.024282	0.180203	252168	227893	-0.789285
0	0.0450281	0.0647613	253210	243054	5.66263
0	0.0238712	0.050349	255056	246258	0.793629
0	0.0593924	0.0677567	242282	230041	-2.26121
0	-0.0449656	0.0276948	234672	232287	2.41253
0	-1.69729e-05	0.231658	239038	84435	0.0685175
0	-0.0495892	0.245608	219464	131667	-1.2552
0	-0.0381542	0.182813	240558	191317	-0.524039
0	-0.036456	0.134664	236968	210992	0.209325
0	0.00092795	0.0969736	230778	214579	0.291337
0	-0.0194615	0.0650434	260998	252722	5.26683
0	-0.00339439	0.0480642	234076	228008	-2.48983
0	-0.00851762	0.0295126	254594	251187	-2.19064
0	-0.0240739	0.031706	255776	252896	3.637
0	-0.0202273	0.25134	253790	67013	-0.0542132
0	-0.00922548	0.250652	241780	157910	0.977809
0	-0.038904	0.198155	237710	192965	1.72952
0	-0.000270109	0.146013	239134	211310	0.791211
0	0.0257807	0.116744	251982	238252	0.511841
0	-0.0276608	0.0729576	241094	233107	-0.165648
0	-0.0230015	0.0863994	251054	241589	4.24484
0	0.0136646	0.0282334	251974	249228	-1.49737
0	0.00131728	0.0188823	253746	250156	1.67402
0	0.0198866	0.261893	251040	76050	0.0505858
0	-0.0101014	0.220004	240914	135331	-0.135948
0	0.0426913	0.245494	240426	173711	2.54711
0	0.0146706	0.180431	230640	207229	2.12437
0	0.0686884	0.129908	248846	233712	0.757585
0	-0.0502582	0.0697716	242374	228700	2.35307
0	-0.0307829	0.0736517	247232	239860	-4.22884
0	-0.00447819	0.0457206	249484	241329	1.62019
0	-0.0170688	0.00738946	235568	234730	2.50287
0	0.0258204	0.254627	245024	77787	-0.579722
0	0.0184816	0.232022	248370	137100	0.227925
0	0.0550321	0.204614	225584	175628	-0.052415
0	0.0144594	0.134034	217758	192114	-1.00824
0	-0.00664357	0.10272	226880	217024	0.257221
0	0.00175128	0.083429	244768	238618	-1.63865
0	-0.000782885	0.0410594	237036	231571	1.49427
0	-0.00013018	0.0230376	238890	236365	4.61224
0	-0.00649598	0.030663	247252	243383	-0.848321
0	-0.0141516	0.216223	253524	90537	0.376005
0	0.0472582	0.216128	242032	151845	-0.166663
0	0.0327732	0.175391	234980	188493	-0.922233
0	0.00700692	0.114832	231338	208644	-0.679598
0	0.010313	0.150973	249830	230379	-0.523615
0	0.0300572	0.0727825	241452	229645	1.14476
0	0.0373983	0.0506644	238626	235043	-0.704139
0	0.00170414	0.0409289	246956	242684	-2.58687
0	-0.0232923	0.0427876	247890	244320	-2.98269
0	-0.0057786	0.276861	218476	69998	0.0363384
0	-0.00819071	0.215042	244366	154896	0.688499
0	-0.0334397	0.196344	237582	186544	-0.0705439
0	-0.0193269	0.198926	238956	197645	-0.96708
0	0.0270336	0.0651107	248246	234773	2.30313
0	-0.00620247	0.105854	253116	239049	-3.0464
0	-0.0135336	0.0527552	244562	237053	-1.05315
0	-0.0243564	0.0269189	257956	255164	-1.63024
0	-0.0111451	0.0177439	256428	252564	0.383792
0	0.0352382	0.269618	245522	88513	0.30442
0	-0.0200691	0.210017	235218	155153	1.15466
0	-0.0375008	0.167115	215928	179492	1.19648
0	0.0116045	0.118556	228432	205749	0.641234
0	0.0383891	0.069311	237710	224497	-1.83343
0	0.0166842	0.0476417	247574	236883	-3.82914
0	-0.0318561	0.0326677	234316	230294	-1.25166
0	0.00667249	0.0276648	247528	243606	-4.91768
0	-0.0541688	0.0198924	234002	231202	3.53316
0	0.00950701	0.231191	226872	69047	0.0751601
0	-0.0229117	0.244566	251036	160546	-0.423019
0	-0.024981	0.203053	229280	185692	0.836834
0	0.00511502	0.156627	250464	219840	0.191173
0	-0.024563	0.0978848	238232	222984	1.96248
0	0.0346797	0.0593369	259062	251726	-4.93593
0	-0.00751487	0.0168404	226432	223203	-0.760113
0	-0.0046699	0.070714	230422	222420	-5.57319
0	-0.0175731	0.0195267	258008	255852	-2.14133
0	0.0401979	0.255283	252538	86432	0.145916
0	0.0303792	0.172451	242950	157429	0.215724
0	-0.0187698	0.148096	244844	196594	-1.77785
0	0.0420208	0.18427	246006	216878	-1.26028
0	-0.0234996	0.116559	229718	209805	5.17025
0	-0.00548493	0.11252	246572	227335	0.203907
0	-0.00652799	0.0435647	249260	246651	-3.53364
0	0.0303373	0.0366343	245362	241015	2.57694
0	0.00221389	0.0304266	238150	236533	2.80507
0	-0.00714697	0.212541	230180	80771	0.372026
0	-0.038423	0.233826	238018	167419	0.437744
0	-0.00465084	0.180881	242264	196157	1.0278
0	0.0128505	0.151943	247654	215226	-1.18831
0	0.0150654	0.127228	240484	215251	-2.21722
0	-0.0243265	0.0725253	236814	223733	2.74899
0	0.0181386	0.0515734	249776	241293	0.0648171
0	-0.028873	0.0439168	253544	249469	-2.76996
0	0.0028593	0.0119755	241500	239758	-2.40959
0	0.0115921	0.276854	244254	56593	0.026615
0	-0.0174626	0.207813	245332	153267	0.674602
0	-0.00689395	0.186877	224876	180375	-1.73342
0	-0.0132482	0.151037	222240	195394	0.686839
0	0.00200531	0.120651	244308	226497	2.69624
0	-0.0348967	0.0884576	239058	226169	-3.21385
0	0.01254	0.0618427	248106	239337	2.08487
0	-0.0288796	0.0478059	245098	240328	1.06249
0	0.0212961	0.0265412	252602	248952	0.801233
0	-0.00325167	0.229507	253334	84356	0.0456859
0	0.0432341	0.231704	234478	155273	-0.112696
0	0.00429596	0.21158	240518	183491	1.03714
0	-0.0100065	0.132346	248994	220498	2.06984
0	-0.0376837	0.123295	251600	234698	0.283996
0	0.0247826	0.069691	259116	250331	2.81848
0	0.0507883	0.0363398	255110	250746	-0.565402
0	0.00589463	0.0553149	245144	238955	-2.38736
0	-0.0198354	0.0356489	232582	229110	4.35326
0	-0.0233914	0.209673	237960	72859	-0.0869981
0	0.0278448	0.219882	243824	144208	-0.0280149
0	0.037264	0.182193	248022	189593	-3.07009
0	0.0104155	0.102008	243812	223203	-2.01542
0	0.0488148	0.0971929	254668	234473	-1.11233
0	0.0153399	0.0757692	242860	237016	1.33484
0	-0.00110835	0.0353704	250774	246149	-0.0961612
0	-0.000713769	0.0481992	254392	250651	3.90715
0	-0.0117175	0.0198481	252832	251348	3.76904
0	-0.0326372	0.254679	235106	99202	0.097982
0	-0.0271446	0.214221	244774	158242	-0.652733
0	-0.00966926	0.173082	228968	180851	1.46229
0	0.0464742	0.107592	250116	220574	2.23878
0	0.0322021	0.0973958	242070	228129	1.52034
0	0.0159254	0.0561913	234228	230739	4.73367
0	-0.0367143	0.0668899	228222	222112	2.59908
0	-0.0313526	0.0306698	243028	237385	-3.12018
0	-0.0221879	0.0156325	254206	251843	-3.39819
0	0.0604608	0.231733	241716	84089	0.0468458
0	0.0141807	0.246786	233520	145497	-0.0780251
0	0.0293197	0.204747	237262	197388	-0.580224
0	0.0347312	0.169001	240926	203656	-2.21304
0	0.0906506	0.0713714	241854	224658	-6.14353
0	0.0145377	0.0453605	242160	233834	-4.74653
0	0.0158802	0.040404	240990	236503	-4.88231
0	-0.0100869	0.0248871	255244	253369	-1.03316
0	-0.0201193	0.0154315	252556	251586	3.01376
0	0.0059074	0.209249	250600	83742	-0.169793
0	0.0278006	0.224056	219038	135392	-0.139091
0	-0.0415595	0.182124	237428	188414	-1.83587
0	0.0333676	0.16522	240568	212220	1.75095
0	-0.00444749	0.104373	244692	230522	1.98641
0	0.0207438	0.0540293	242118	232357	1.29511
0	-0.0186041	0.0511704	246364	238335	-2.64585
0	-0.0189978	0.0379568	258192	252673	1.8989
0	0.0196979	0.0178377	247362	245115	-0.715595
0	-0.037832	0.255422	246562	70416	-0.160541
0	0.00453067	0.23096	260126	174600	1.11885
0	0.00923318	0.17233	239210	185447	1.64715
0	0.0302483	0.153617	239838	212174	0.179912
0	0.0572449	0.112288	229704	210388	-1.40012
0	-0.0179122	0.0814637	242116	231319	1.20354
0	0.026888	0.0595341	252350	246350	0.0531799
0	0.021778	0.0481521	223578	218715	-0.407545
0	0.00933052	0.0239695	242428	239642	2.82061
0	0.0245743	0.227533	221996	74836	0.257619
0	-0.0275919	0.251973	239242	135037	-0.269127
0	-0.0566908	0.242962	255766	196090	2.87618
0	0.0369631	0.123555	235676	211364	0.0999701
0	0.022377	0.117034	233236	215318	-1.07154
0	0.0206878	0.139292	250606	232725	-0.583013
0	-0.0134242	0.0326823	223812	218291	0.409966
0	0.0316747	0.0402188	243672	238818	-0.730992
0	0.0170279	0.0395421	250224	248053	3.40426
0	0.0297662	0.248549	244000	79356	-0.488975
0	0.0148939	0.229521	248414	156778	-1.212
0	-0.0108377	0.178962	239196	189967	2.51611
0	0.0382814	0.15275	230398	209059	1.77769
0	-0.00405175	0.124208	256038	240197	4.01012
0	0.0207411	0.0631512	251564	242448	-2.35916
0	0.0276267	0.0844077	234488	224832	-1.05555
0	-0.0330644	0.0256251	259578	256519	3.16964
0	0.0190388	0.0401909	243046	237010	0.947392
0	-0.0449961	0.240121	218846	75931	-0.10208
0	-0.00467562	0.232348	238286	136817	0.957162
0	0.0237154	0.228665	249222	190283	0.626734
0	0.00547765	0.175717	237940	205475	1.911
0	0.0234716	0.13498	238552	222880	-2.35456
0	0.011189	0.0776854	253586	242814	-1.07387
0	-0.0477172	0.0627815	262366	254703	-0.279849
0	-0.00498666	0.0321733	253380	248559	-2.05189
0	-0.00957985	0.00519401	254026	253121	1.13645
0	0.0145639	0.240284	246792	90383	0.188804
0	0.0152759	0.230865	239964	153463	1.19506
0	0.0290121	0.210889	233556	180732	0.180388
0	-0.0165741	0.113728	238770	211653	-0.154519
0	0.00459084	0.0834384	252670	233902	0.145757
0	-0.037435	0.0731592	243654	232031	3.66046
0	-0.0368713	0.0458645	245654	238509	-3.9269
0	0.0380446	0.043809	255486	251708	-1.2757
0	-0.0113887	0.023224	242342	239417	1.35712
0	0.00456846	0.241392	261248	84733	-0.304868
0	-0.0181742	0.234186	238264	145296	-0.0326331
0	0.0575455	0.224123	243596	192319	-0.135973
0	0.0210666	0.150246	254948	223023	-0.745989
0	0.0340456	0.121602	238814	219509	-4.07566
0	0.0465832	0.0847392	247536	232699	-1.84616
0	0.0188419	0.0373919	235888	229010	2.03313
0	0.00641604	0.0277805	260212	255832	3.84095
0	0.0264612	0.0142256	248002	245868	2.16848
0	0.0158236	0.234062	246954	75286	-0.139735
0	0.0163539	0.228154	238270	160757	-0.456124
0	-0.0192926	0.144799	227230	192844	0.426308
0	0.00118391	0.10463	251260	229277	-1.99532
0	-0.0162635	0.13615	228272	207159	-0.89632
0	0.0214853	0.0972822	240764	228477	-0.106853
0	0.0321601	0.0329486	255852	253289	-5.1794
0	0.00856925	0.0541022	253048	244206	-0.281632
0	0.0524836	0.0369669	250636	247774	2.28154
0	-0.000409656	0.265954	243732	73998	0.17538
0	0.00319127	0.212911	241620	147188	-1.30607
0	-0.0386254	0.175341	236244	189162	-1.03733
0	0.0077602	0.152888	235056	205478	2.71698
0	-0.031391	0.0958	243284	228989	-1.56157
0	0.000154198	0.0941068	249864	239442	-1.6968
0	0.032316	0.0758489	225772	221683	-2.92511
0	-0.0220851	0.0788092	250594	239619	0.288967
0	-0.033661	0.0109197	238078	235881	-1.35613
0	-0.00559684	0.244397	235210	76312	-0.0606134
0	0.04077	0.239856	235806	142711	-0.855027
0	0.0168729	0.223768	241682	192870	-0.567174
0	0.0443649	0.130342	235662	210183	-0.622179
0	0.00244154	0.047983	235464	224321	-1.79871
0	-0.0417699	0.114612	243598	228465	2.02776
0	-0.0330229	0.0838696	242644	231950	2.20519
0	0.058382	0.0665256	222356	218194	-2.49562
0	-0.00194371	0.0214125	238908	237368	-3.63555
0	0.0319701	0.226791	233172	72458	-0.435206
0	-0.00490196	0.22344	221074	132399	-0.636202
0	-0.0229386	0.188266	258160	205087	2.36539
0	-0.0420851	0.175733	243482	210639	0.114363
0	-0.00770515	0.104756	232002	212847	1.5169
0	0.0408358	0.0574821	249826	243125	-2.74794
0	0.00507796	0.0475253	248924	241991	-0.607136
0	-0.0181424	0.0403309	237074	231767	0.494623
0	0.0387417	0.0222892	232038	229373	3.10657
0	-0.0112033	0.284656	254696	79532	-0.245561
0	0.00500786	0.250624	254102	142985	-0.281441
0	0.0117678	0.175165	245104	192017	-1.20284
0	-0.00115814	0.147838	234620	208700	-2.77101
0	0.00421738	0.12884	236516	215233	-0.601524
0	0.0158617	0.0548386	237426	229236	-0.76585
0	0.0246173	0.0495287	249314	243607	-0.274019
0	-0.00237262	0.0531631	245946	239460	2.58511
0	0.0338675	0.0316801	240968	237988	0.994015
0	0.012103	0.226855	251348	95553	-0.166468
0	0.0274835	0.236796	232824	139931	-0.172815
0	-0.0725243	0.152817	242628	196661	2.22203
0	0.0362838	0.123134	221760	199142	-1.78245
0	-0.00223055	0.0991224	237172	222145	-0.444264
0	0.0169729	0.0793725	252962	241809	3.6197
0	-0.0762839	0.0290726	252004	249390	0.406894
0	-0.0436292	0.0321043	246378	241477	-2.3043
0	0.00510479	0.0492427	248890	244219	-0.26711
0	0.0184526	0.218574	247614	98590	0.109485
0	0.0116954	0.2493	246498	144800	-0.200656
0	-0.026929	0.160939	241096	199193	-1.13154
0	-0.0149624	0.161064	236288	209582	0.604845
0	-0.0123174	0.091543	257074	238950	0.17703
0	-0.0106913	0.0935968	238504	226520	-1.23955
0	0.0109086	0.0561748	249502	241134	-4.93269
0	0.0110048	0.0475812	251466	246810	-1.14817
0	-0.00858167	0.0326434	251376	247756	1.2483
0	-0.025986	0.241686	236084	79435	0.0664759
0	0.00325992	0.224274	260624	166775	0.220526
0	0.0636328	0.228643	247528	203282	0.485448
0	-0.019375	0.138071	235334	203809	1.59942
0	0.000910909	0.103579	242370	218886	3.60804
0	0.0488411	0.0601742	248534	239262	2.1763
0	-0.00535607	0.0320248	239344	233739	1.08882
0	0.0652357	0.0248866	244078	240969	-0.583285
0	-0.0656606	0.00659905	245298	244454	-2.67526
0	0.0477061	0.230067	264892	86798	-0.220898
0	-0.0204794	0.249717	240028	142116	-1.17561
0	0.0240167	0.176384	242370	192267	-1.00328
0	0.0182937	0.140956	244624	215674	0.190811
0	0.0358194	0.103011	250794	232414	1.2153
0	0.0202006	0.0891061	233924	217547	4.04624
0	0.0248029	0.0406581	259348	252263	-3.96889
0	0.0283372	0.0246241	232024	228828	0.271426
0	0.00112466	0.0363136	244800	239331	2.39657
0	-0.017541	0.246345	242006	75303	-0.110134
0	0.0213304	0.22419	236022	148046	-0.0396434
0	0.0573019	0.217152	227972	177895	-0.128578
0	0.0395842	0.127679	239274	214467	3.45188
0	0.00597404	0.0874542	249366	235219	-0.186162
0	-0.0589716	0.0854321	236206	228151	1.33817
0	-0.018777	0.069809	244570	238119	2.79681
0	0.019521	0.0488048	254648	247151	-2.60118
0	0.0227282	0.01052	255464	254322	0.250581
0	0.0328608	0.251656	254772	89797	-0.00626888
0	0.0426275	0.225793	227448	140851	0.575081
0	0.0470662	0.176284	224280	181666	-0.217463
0	-0.018796	0.139877	236584	212113	1.22116
0	0.000852905	0.113958	233358	216289	-1.68839
0	0.0143813	0.0929788	229150	219680	1.52535
0	-0.0157329	0.0766193	233598	222904	1.49727
0	0.000736903	0.0218514	256268	253608	1.16723
0	-0.0192192	0.0342735	234508	232153	-2.47015
0	-0.00590986	0.304322	259712	76380	0.145276
0	0.0173426	0.236527	239844	151867	-0.183864
0	-0.0162666	0.168429	237168	198956	0.69743
0	0.0275773	0.130421	243746	220742	0.186819
0	0.0371921	0.111756	245054	227561	-2.42948
0	0.0298453	0.11435	245452	231005	-0.642178
0	0.0102128	0.0701862	262014	253055	-0.244123
0	-0.0251793	0.0428387	251214	245098	-0.442413
0	-0.0816702	0.0399757	244430	241704	2.28811
0	-0.0268077	0.254533	247898	78013	-0.0140565
0	-0.0354664	0.250735	238950	152153	-0.134286
0	0.0286181	0.207754	238412	185848	-0.419164
0	0.0359258	0.155131	237386	213102	0.300931
0	0.0407267	0.116121	230404	208839	-1.20055
0	-0.0187017	0.0834109	235096	229755	-3.39008
0	-0.0238045	0.0838755	243156	232349	3.31868
0	0.0330853	0.0301039	237598	235813	-1.901
0	0.021522	0.0322056	252008	248898	0.605084
0	-0.0275944	0.276272	244294	78888	0.0323333
0	0.0227461	0.215827	235818	150392	0.32713
0	0.0294321	0.21722	220202	161633	-1.34691
0	-0.00898022	0.0905976	241168	220322	0.239215
0	0.0751271	0.0889479	223926	210296	-1.80868
0	0.00481443	0.0772022	219500	206359	-0.948142
0	0.0221588	0.0794888	236912	231374	4.04395
0	-0.00659571	0.0535519	241858	237455	-1.28847
0	0.00602763	0.0166143	244962	242561	-0.665827
0	-0.000899716	0.227531	231280	84223	0.0637383
0	0.0208332	0.191061	227150	151054	0.0319287
0	0.0026311	0.189747	259546	208916	2.71884
0	0.0152626	0.161385	237724	197044	-1.94761
0	-0.00523869	0.100632	240582	224657	0.910484
0	0.0240579	0.0892774	256682	248980	0.676028
0	-0.0382924	0.03484	249730	245895	1.60184
0	0.0452749	0.069168	232150	222814	-4.17047
0	-0.00460897	0.0469251	226608	224236	4.78799
0	0.0198616	0.234304	245238	94160	0.110339
0	0.00486962	0.246434	239324	150672	0.451502
0	-0.0369206	0.192406	245800	193598	0.427964
0	-0.000360945	0.151379	232656	201590	3.07936
0	0.0111886	0.127571	254936	239387	-2.20401
0	0.00109585	0.082247	229288	218768	-0.0375978
0	0.00593181	0.0800894	242692	234455	-2.39961
0	-0.0191662	0.0321376	239124	234706	3.22837
0	-0.00896538	0.057477	223132	216317	7.26422
0	0.0257041	0.248372	254322	75693	-0.184863
0	0.00650235	0.246907	239650	148378	-0.808452
0	0.00820471	0.169624	239184	188659	-0.26398
0	-0.012347	0.1898	229340	198659	1.3667
0	0.00740965	0.0922469	237802	219985	-3.08155
0	-0.00482592	0.0809648	221620	213116	-1.37728
0	0.0327545	0.0839338	248338	239454	-0.663274
0	-0.0209584	0.028966	245958	243523	-0.684961
0	-0.0310265	0.0201758	257376	256149	3.72653
0	-0.00279702	0.259131	241962	72139	0.133295
0	-0.0352281	0.201172	239166	159070	1.52883
0	0.00183424	0.233782	247944	206660	0.33101
0	0.0142359	0.119075	257616	221477	-1.57616
0	-0.00774568	0.104261	248242	232329	5.40806
0	0.0493841	0.111504	256394	239573	1.56369
0	0.00174199	0.0513569	251654	242836	-0.943912
0	0.0116902	0.0760632	244582	236818	3.86899
0	0.0355386	0.0144884	241052	238546	0.70751
0	-0.0426491	0.277161	241868	78623	0.0384305
0	0.0302543	0.192323	249814	161037	-1.21913
0	0.0346823	0.183302	229370	179275	0.186423
0	-0.0246983	0.144331	252712	227033	-0.24795
0	-0.0117053	0.115047	242648	224430	4.45241
0	-0.032718	0.0884685	255606	241988	8.17108
0	-0.0184864	0.0378551	240198	236715	-3.24445
0	-0.0208823	0.0454755	226174	220485	-0.722894
0	-0.00145098	0.0315953	237784	236331	4.93207
0	-0.0126482	0.268765	233592	80104	-0.132648
0	0.0364786	0.247865	244336	152673	-0.130068
0	0.0115161	0.18815	232154	175927	-0.189324
0	-0.0149696	0.124057	245684	224425	2.29536
0	-0.0120526	0.0685661	250570	239084	-0.357903
0	0.00933204	0.106733	250590	235464	-0.359101
0	-0.0948862	0.091065	250940	241845	0.772207
0	-0.00820203	0.0462594	241900	235913	0.220396
0	-0.0281533	0.0353029	258404	254905	5.73699
0	-0.0209308	0.253288	242186	81634	-0.181118
0	0.0170249	0.247391	258200	160077	-1.05687
0	-0.0300915	0.148239	244388	198792	-0.226897
0	0.0148657	0.121652	227560	206764	-1.0946
0	-0.0371511	0.140891	239424	221479	-0.919419
0	-0.00695828	0.0558901	238602	232769	1.05697
0	0.00266752	0.0581418	244202	235028	1.26442
0	0.0327099	0.0378136	244174	240045	-5.25202
0	-0.0277459	0.00880584	236336	235584	-3.09425
0	0.00159568	0.257771	244772	68448	0.257437
0	0.00329921	0.197639	245170	161079	0.73892
0	0.0272167	0.206238	235968	184043	-2.56236
0	0.0114808	0.129512	260318	237260	2.45579
0	-0.0364373	0.0886581	243184	228039	-1.19378
0	0.0520875	0.0917313	247252	234299	2.27748
0	-0.017458	0.0416365	249666	242715	1.91214
0	0.0312782	0.0424499	247074	242217	-2.58434
0	-0.0110073	0.0346745	246220	241218	1.11161
0	0.0105772	0.253773	250590	96765	-0.136742
0	0.00218141	0.211776	246230	140633	-0.624163
0	0.0387666	0.235631	256292	188741	-0.0488423
0	-0.00411637	0.174013	250322	215604	0.807043
0	-0.0697862	0.149248	237784	216642	-3.37933
0	-0.0475626	0.0758526	249850	238279	-2.13326
0	-0.0373077	0.0845139	230876	220735	-2.08023
0	-0.021453	0.0517376	252962	246691	1.27792
0	0.0489268	0.00606013	249092	248171	-4.72439
0	0.00632153	0.234138	240442	76898	0.143648
0	-0.0619773	0.210082	250738	158989	-1.16869
0	0.0204849	0.165828	233494	193499	0.296122
0	-0.0292742	0.15303	220632	194091	0.425091
0	-0.0114412	0.0886698	220548	210606	-2.87295
0	0.0585126	0.0947162	252060	236814	-1.7274
0	-0.0300374	0.0469672	256566	249314	-4.45214
0	-0.0098818	0.0395678	253756	250010	-4.57353
0	0.0261996	0.0254114	244168	241323	-4.46283
0	0.00542922	0.217453	242180	72624	0.0200958
0	0.0130463	0.256304	239378	133539	0.921794
0	-0.00340768	0.210655	249278	186497	-0.7044
0	-0.00709928	0.184424	253352	218693	-0.144727
0	-0.0247466	0.115445	261972	242721	-0.36242
0	0.00152325	0.0539812	242730	238369	-4.37354
0	-0.0457096	0.054444	245304	240958	2.57324
0	-0.0345663	0.0474208	248430	242781	3.51195
0	0.0309041	0.0561825	245846	242077	-3.82184
0	-0.0259088	0.276246	235480	69608	0.532363
0	0.00184442	0.251769	236824	142311	-0.838646
0	0.0787231	0.174736	231598	181890	-1.9465
0	-0.0145369	0.118746	239626	215264	-2.07234
0	-0.0561808	0.116351	218506	202812	2.97294
0	0.025701	0.0986307	242516	228395	-2.17552
0	-0.0273929	0.0559065	224850	215508	2.90097
0	-0.0166496	0.0443945	246974	242519	-1.39396
0	0.0482886	0.0211389	257158	256819	-2.7502
0	-0.0135318	0.241208	236058	68656	0.0981286
0	0.0468116	0.212831	238408	146906	0.203405
0	-0.0349646	0.165976	237608	177075	1.51166
0	0.0401956	0.131798	251074	220989	-1.49091
0	-0.0130242	0.0772038	233898	223465	0.953643
0	0.0146217	0.143914	246226	228550	-1.8268
0	0.000308102	0.0662486	240044	232443	2.17318
0	-0.0132961	0.00836294	232046	231434	-1.04909
0	0.0074673	0.0454602	252214	247813	-1.2866
0	-0.0161286	0.259173	250402	80246	-0.276224
0	-0.0501089	0.254872	241304	145914	-0.836941
0	0.0238553	0.19854	239074	190976	-1.98081
0	-0.00145019	0.132631	230664	204057	-2.98323
0	-0.0395452	0.118049	250904	233820	-0.596358
0	0.0313508	0.103459	241626	229062	-3.72162
0	-0.0911593	0.062764	242036	233212	0.00327474
0	-0.0502427	0.0355382	240828	236846	-1.53055
0	0.00492209	0.014215	244790	242794	-0.136988
0	-0.00138664	0.215642	246140	95490	0.118821
0	0.0122857	0.23745	242104	133335	-0.986194
0	0.0406455	0.232955	229946	170916	-0.151628
0	0.00277288	0.167415	237382	205268	0.111555
0	-0.00727352	0.0992058	239072	221292	2.99427
0	-0.00783485	0.07427	248698	236556	3.84065
0	0.030186	0.0929534	237666	229490	1.1154
0	0.00311475	0.0459462	236064	231373	-4.66158
0	-0.0117815	0.00402123	246610	245289	2.84537
0	0.0389625	0.252849	253844	90202	-0.182273
0	-0.0103721	0.200743	248570	159536	0.366545
0	0.0347835	0.22957	237428	179264	0.853845
0	-0.0324586	0.125322	249138	226090	-0.874097
0	-0.0234999	0.069006	232666	223299	1.23829
0	-0.013536	0.0917308	233630	224177	4.97094
0	0.00236328	0.0639634	237396	230984	-0.18144
0	-0.0309036	0.0445084	244562	240584	0.776013
0	0.00649715	0.005369	251438	250491	-2.67322
0	-0.00293059	0.259217	246332	73731	-0.0517443
0	-0.00425789	0.234977	240288	147431	1.6509
0	-0.0155733	0.172244	237034	187663	1.04261
0	-0.0265976	0.144179	227858	199652	2.17931
0	-0.0185419	0.134228	246212	228551	0.354061
0	-0.0241748	0.0850261	255242	243276	-4.50168
0	0.00410569	0.0707063	245890	238388	-4.45541
0	-0.0495777	0.0373039	257668	254112	5.6631
0	0.00417764	0.025049	250704	247402	0.797184
0	0.0450711	0.230381	232270	78891	-0.143269
0	-0.00208166	0.223798	224558	134776	0.645685
0	0.0232959	0.198503	243914	188702	1.63326
0	-4.47225e-05	0.172788	245960	217380	2.6209
0	-0.0270662	0.132929	241272	217223	4.08446
0	-0.0156034	0.119542	234730	223376	1.18915
0	-0.0186039	0.0693901	254146	245548	-0.433017
0	0.0330913	0.0396423	234048	229374	-0.402913
0	0.0460247	0.0128525	240152	239474	-4.78072
0	-0.0363543	0.268502	227868	84235	-0.0461297
0	0.0114367	0.2466	249264	135189	-0.250139
0	-0.0148526	0.19369	237572	186275	0.689908
0	-0.00209722	0.187208	225774	184115	1.8806
0	0.0106984	0.148545	234432	215534	-1.29332
0	-0.00404822	0.0461151	244164	235680	-1.52744
0	-0.047857	0.0854428	247880	236498	-4.89878
0	-0.0204869	0.00881984	253436	251054	1.66986
0	-0.00767982	0.024151	241092	238495	2.33206
0	0.0341353	0.261715	230858	78261	-0.219374
0	-0.0233698	0.223976	255596	153125	0.0736162
0	-0.0418473	0.246641	228076	171349	-1.80554
0	0.0210739	0.134875	233672	199067	-0.712405
0	-0.0398356	0.148546	234824	213212	1.78212
0	-0.0154673	0.0668413	226992	215710	0.209545
0	-0.0422689	0.0596774	257560	248613	-4.113
0	0.00504496	0.0306623	240464	235196	4.09186
0	0.0492013	0.0125684	240574	240387	0.220794
0	-0.013991	0.214655	259554	92624	-0.343391
0	0.00869147	0.228186	242816	153312	-0.0870971
0	-0.0171015	0.183077	244258	190260	2.05711
0	0.0576989	0.127283	230324	196161	-0.130855
0	0.0249815	0.078798	246378	228404	-4.07365
0	0.0319032	0.0999814	239026	223618	-0.0378618
0	0.00277307	0.064256	252942	245285	1.94169
0	-0.00855848	0.0360251	254852	250759	-2.06002
0	-0.0147663	0.0320409	257476	253662	1.46524
0	0.0182923	0.260975	249498	86481	0.324826
0	0.0144377	0.274515	250608	137201	-0.544758
0	0.0163218	0.210533	249730	201096	-0.0942045
0	-0.0444615	0.157726	233744	199143	1.08556
0	0.0488109	0.0798708	239306	223106	-2.6918
0	0.0108546	0.125556	250780	238396	0.671404
0	0.0257312	0.0588286	250420	239675	-4.29512
0	0.0334978	0.0365027	242868	238235	-1.22961
0	0.012917	0.0203129	247728	245210	3.70097
