0	-0.0383402	0.248888	265986	76496	-0.274097
0	0.0262963	0.218863	254372	139760	-0.216651
0	-0.0135594	0.164182	254240	190245	-2.43776
0	0.0442829	0.104754	250906	198225	-7.76874
0	0.0544895	0.116066	253646	209534	5.52599
0	-0.0116114	0.121904	252674	218844	5.32613
0	-0.0237426	0.102302	255618	225849	-1.53396
0	-0.00885069	0.0560175	247378	220061	-2.93125
0	-0.0404725	0.0442348	241912	219473	2.88941
0	-0.0235093	0.286434	247302	78794	0.0875951
0	-0.00878678	0.256453	230734	140860	-0.895813
0	-0.0112129	0.165795	243352	185828	-1.18901
0	0.059774	0.134054	247158	216102	-0.304366
0	0.0358002	0.113813	252482	236103	-2.70233
0	0.0626302	0.111264	235500	217352	-2.29253
0	0.0206547	0.110436	252916	238197	-2.68217
0	-0.00562487	0.071356	244654	236292	-0.769914
0	-0.00930026	0.0688455	246530	239900	-1.69249
0	0.0122966	0.237249	248124	78093	-0.0203213
0	-0.00335793	0.216507	243136	139174	-0.163561
0	-0.00958611	0.204338	233900	182133	-0.76712
0	-0.0319688	0.121123	241082	211255	0.834978
0	-0.0161187	0.106013	245664	227166	-0.514813
0	-0.0285159	0.136105	241648	224265	2.9103
0	0.0237063	0.0591852	246364	235074	2.58264
0	0.0184298	0.0311495	257278	253432	-1.72431
0	0.0030299	0.0510175	262688	256269	1.62639
0	-0.0159292	0.23164	234424	89308	0.135311
0	-0.024671	0.262574	235820	136808	-0.397492
0	-0.0110865	0.192871	244144	191594	1.88447
0	-0.0409229	0.135835	244478	221265	0.971601
0	-0.0110708	0.0693665	250836	237116	1.64255
0	-0.00418674	0.0590593	246294	233536	-0.371529
0	0.0363942	0.0638023	246258	237558	4.81492
0	-0.0228427	0.0386017	253542	248842	2.4289
0	0.00674494	0.0470866	238996	233754	1.93841
0	0.021759	0.265577	247714	68568	-0.0798871
0	0.00698725	0.202993	243076	146763	-0.292429
0	0.00384305	0.221521	225606	166963	-0.587102
0	-0.0177249	0.133364	254688	217236	0.302891
0	0.0413868	0.101767	240162	219882	1.3842
0	0.0316196	0.0877242	262854	247903	2.19493
0	-0.0187219	0.0861747	238890	225927	-4.44714
0	0.0117459	0.0609091	245178	239310	2.61607
0	-0.00230724	0.00874044	239876	237939	5.90933
0	0.0122976	0.295926	242188	69062	0.163437
0	0.0321905	0.227639	241502	132472	-0.00954654
0	0.0144234	0.201563	256164	201931	0.513528
0	-0.00291694	0.144746	239670	211752	2.1585
0	-0.021492	0.138521	250940	232704	1.94918
0	0.0297854	0.0991332	237200	229145	3.57407
0	-0.00543226	0.0674424	251348	241406	0.714888
0	-0.0180309	0.0339637	229216	221891	0.953781
0	-0.0218584	0.0221567	253584	250124	4.33208
0	-0.00474773	0.256907	242036	74454	-0.122998
0	0.0184239	0.255824	240084	129090	-0.610416
0	-0.00734657	0.198406	240820	172877	1.13658
0	0.0502891	0.10079	247316	223945	1.19972
0	0.0285431	0.0889223	242928	224254	-0.192919
0	-0.0198987	0.0921881	247088	233591	-1.05214
0	0.00620531	0.0519179	250844	242313	2.47327
0	0.0181888	0.0702882	240650	230884	2.15758
0	0.0147663	0.034389	247036	242024	-0.81458
0	0.0319175	0.255893	225298	63942	-0.0738362
0	-0.0194123	0.202222	251608	143509	0.664037
0	-0.00126275	0.243387	250524	186335	-0.801789
0	-0.00566032	0.165527	234634	200578	0.412112
0	-0.00792681	0.108448	265432	242020	-1.33382
0	0.0578568	0.0699579	251272	236795	-0.341029
0	0.0588351	0.0639862	248174	238731	-1.33631
0	-0.0729621	0.0616343	241620	236268	-1.14565
0	-0.0153549	0.0140026	243484	241980	3.60861
0	0.00417696	0.255556	244834	83490	0.309391
0	-0.0319356	0.20686	233576	137710	0.881405
0	0.0232226	0.263014	251432	177724	-0.409745
0	0.00585559	0.163839	249664	216586	2.81986
0	-0.0544076	0.053179	248052	235495	-3.43591
0	0.0158814	0.0748778	240754	231076	2.38185
0	-0.0158177	0.0886608	235808	228034	1.50401
0	-0.00239082	0.0400757	235348	232787	1.10113
0	-0.0279749	0.0127319	257924	256573	-0.0657026
0	0.0449738	0.238306	230960	32526	-0.408965
0	0.0143059	0.245435	238706	79500	3.28863
0	0.0257721	0.229082	245024	104380	1.16506
0	-0.00666764	0.210459	230740	113555	5.43345
0	-0.0142555	0.138353	243496	139647	-11.2386
0	0.0421857	0.114492	246076	150596	-9.08626
0	-0.02517	0.091727	227214	138131	6.9375
0	-0.0142543	0.098169	244284	158993	-1.60804
0	0.00852001	0.0692744	244886	157980	12.9292
0	0.0281066	0.242554	241752	68498	0.141393
0	0.0541301	0.235803	241258	124146	-0.199543
0	-0.0489454	0.161581	254968	182638	-0.818428
0	-0.0130217	0.166262	247678	197225	1.95511
0	0.0567966	0.168453	238022	191912	0.745973
0	-0.00168315	0.0727275	247308	217308	2.84888
0	-0.0144148	0.0683518	232936	211140	2.25603
0	0.0159855	0.0782572	231224	208461	1.66934
0	0.0305278	0.0764521	255980	231720	7.25876
0	-0.00175307	0.227631	241324	69251	-0.0170201
0	0.00107821	0.258856	237878	125021	-0.401045
0	-0.0131065	0.194506	238000	181930	0.531559
0	-0.018048	0.124313	248824	212906	-0.131573
0	0.0248653	0.14361	251680	223412	1.41766
0	-0.00166109	0.154194	237922	214804	1.88127
0	-0.032763	0.0564197	252642	239479	-6.30882
0	-0.00334503	0.0349803	242728	237563	2.04545
0	-0.0527021	0.0712487	253130	244121	-4.63452
0	-0.00757656	0.280327	252122	63986	0.0838849
0	-0.0147704	0.238385	236874	131860	0.210639
0	0.00543205	0.18631	249580	200508	-3.00393
0	0.00640166	0.135272	222158	197871	2.6747
0	0.0584371	0.129223	244068	221123	1.04542
0	-0.0174945	0.0545053	240342	229641	-4.5111
0	0.00383258	0.0577065	230526	224885	2.81238
0	0.0307038	0.0455683	260604	253026	-1.40092
0	-0.00790803	0.0261942	230914	226004	2.49083
0	-0.00228996	0.265276	243972	69750	0.060531
0	-0.00811424	0.214912	238712	143809	-0.361677
0	0.0212625	0.157111	237978	184091	-0.0527089
0	-0.00662562	0.129031	235636	204810	-0.204481
0	0.00387446	0.0935525	235512	220428	1.17006
0	0.0156159	0.0819591	253098	239166	-0.361707
0	-0.0265254	0.039799	248436	240655	2.2652
0	0.0070652	0.0524319	258662	252666	0.219333
0	-0.042246	0.0370944	259394	255992	4.15919
0	-0.0466817	0.268341	232780	71915	0.163946
0	-0.0410407	0.222396	243580	156021	0.473761
0	0.0193633	0.200038	238356	181570	0.109954
0	0.0304043	0.128608	258026	222243	-0.0862579
0	0.00938916	0.0786664	254860	242764	1.17713
0	-0.0147172	0.123343	242814	228381	-2.601
0	-0.0205071	0.04033	228846	221882	1.25512
0	0.0336971	0.0223801	239212	235225	3.65562
0	-0.0402181	0.0187041	238654	235492	-3.31297
0	0.00270835	0.202122	220596	74642	0.246809
0	-0.0180589	0.246142	244478	143682	-0.00865871
0	-0.0420066	0.187223	253050	198964	-0.781532
0	-0.0175884	0.147196	244550	210906	1.55132
0	0.015802	0.10529	224182	206668	-0.0804096
0	0.034594	0.0609541	246958	240268	-1.70135
0	-0.0108848	0.0561747	239964	236590	-0.227137
0	-0.0106085	0.0455073	248656	244110	-1.75249
0	0.0151408	0.0326203	252466	250021	0.246603
0	0.00505075	0.260829	235030	72201	-0.0682094
0	0.0627601	0.215621	244144	145145	-0.300836
0	0.00556409	0.182669	236652	190204	-0.191406
0	0.00297214	0.123593	241872	206296	-1.17249
0	0.000487705	0.0933477	233926	210709	-1.62783
0	0.00968006	0.0785378	247086	236421	-3.51042
0	0.0363641	0.0634474	245246	237857	-1.56748
0	0.0023979	0.0409838	250138	246002	-3.06402
0	-0.0224105	0.0204422	248244	246058	-0.330981
0	-0.0173015	0.283472	226646	58806	-0.0420359
0	-0.038638	0.22026	256594	164383	-0.0171415
0	0.0112815	0.182044	247590	194279	1.72954
0	0.0209358	0.177661	233182	199457	-0.242858
0	0.0289437	0.153674	212842	188148	0.353401
0	-0.015292	0.107896	252688	237261	-0.461693
0	0.0325784	0.0778928	248432	239197	-3.17494
0	0.00641784	0.0313182	246786	242130	-2.65432
0	-0.00318646	0.0274696	236452	233047	-0.688142
0	-0.0118212	0.258903	247560	26190	0.232065
0	-0.0338969	0.247782	230690	43027	0.00776922
0	-0.00806438	0.205094	244020	79137	-0.624215
0	0.0731169	0.212991	233854	86766	-9.73631
0	-0.00359226	0.169931	222560	96713	8.64622
0	-0.0320619	0.151725	240100	118968	0.0456721
0	0.0169695	0.0773111	238534	116794	5.55086
0	0.0196381	0.0671769	237012	119833	-3.38886
0	-0.059079	0.0794533	237472	116608	4.05599
0	0.0317942	0.263163	241848	38005	-0.723288
0	0.000448975	0.212956	243600	98847	-2.71209
0	-0.0266787	0.164564	256810	152047	2.28248
0	-0.0050455	0.185787	243066	154163	-0.169138
0	0.00287183	0.116749	237684	166292	5.36679
0	0.00455474	0.102616	245900	183692	-0.137813
0	-0.037345	0.0657139	249472	193672	2.01145
0	0.00748357	0.0847412	237118	181669	-1.91473
0	-0.0206532	0.0393978	246568	200275	-0.886281
0	0.0514246	0.236957	220380	46600	-0.186402
0	-0.00903072	0.239096	245600	129897	0.0718335
0	0.0071883	0.197329	236648	172030	3.47858
0	-0.00138596	0.185906	242160	189328	-7.81176
0	0.012235	0.138152	239648	195971	-5.45376
0	-0.0310332	0.122644	250596	213953	-0.418775
0	0.006644	0.0490634	254718	238468	6.97987
0	0.0187775	0.0698837	255556	235553	-3.97141
0	-0.0179994	0.0241871	258870	240873	3.46774
0	-0.031096	0.26998	246244	71708	0.212015
0	-0.0265631	0.241888	233956	128028	0.201274
0	0.0138106	0.172415	245286	185818	-1.15815
0	-0.0144612	0.19045	243354	201816	-5.88157
0	0.0172908	0.151729	254500	225035	-0.260256
0	-0.0118441	0.110246	252408	235763	-2.17781
0	-0.0182725	0.0973098	252024	239534	-7.88494
0	-0.0274448	0.0469708	246692	238319	4.33035
0	-0.020047	0.0495483	254102	245728	-1.2392
0	-0.0239274	0.249804	229884	70462	0.026618
0	0.00552017	0.274199	240562	137772	-0.15297
0	-0.030421	0.192856	249632	192193	-1.21735
0	0.0203517	0.122048	246588	217620	-1.96539
0	-0.031335	0.186535	242072	206758	1.32662
0	0.0576552	0.0739299	241578	226866	1.87452
0	0.0124956	0.0462212	237422	229641	4.20632
0	0.0532975	0.0651216	247460	236818	-0.432741
0	-0.00864254	0.054099	264076	256528	-8.48438
0	-0.00027065	0.231648	253540	84286	0.144621
0	-0.0516197	0.248868	244310	137911	-0.646072
0	-0.0524671	0.180412	242976	188753	3.76983
0	-0.0408095	0.143401	245204	217780	1.51539
0	-0.00165024	0.0951688	248072	232363	1.06479
0	-0.0040322	0.0791277	238322	227968	0.638028
0	-0.00746267	0.0557176	242754	234934	-1.26935
0	-0.013417	0.0290177	251268	248012	-0.720833
0	-0.00561649	0.0267186	255194	251262	-1.90024
0	-0.0199087	0.251219	240900	57195	-0.149795
0	-0.00694875	0.244997	249956	154964	0.29479
0	-0.0321799	0.185496	247398	199236	-0.2877
0	0.00111812	0.157205	255024	222145	0.374743
0	0.0261466	0.111014	252254	237941	0.402088
0	-0.0200173	0.0843468	237244	225659	-2.45871
0	-0.0157255	0.0961938	250664	239443	2.06204
0	0.00239772	0.0100299	260862	258120	1.88268
0	0.00626936	0.0212797	236660	232185	0.188396
0	0.0197686	0.261089	243566	84590	0.0859994
0	-0.0112367	0.218904	236636	129993	0.204661
0	0.0452629	0.216294	238444	163312	1.77564
0	0.0251925	0.165959	254636	223545	-1.03221
0	0.0719597	0.146117	240092	217873	-0.223801
0	-0.0450565	0.0811267	230108	215011	0.79256
0	-0.0351931	0.0443764	241534	236297	-2.90578
0	0.00610976	0.0290877	249576	244489	-1.55619
0	-0.0120797	0.0156157	257422	254658	1.00614
0	0.0244763	0.255045	252076	67781	-0.176493
0	0.0205168	0.229798	257026	142984	-0.382654
0	0.0527176	0.178087	234278	181778	0.641944
0	0.0107384	0.134713	223208	198422	0.108056
0	-0.00497755	0.0878985	246520	235286	-0.242586
0	-0.00325639	0.0649238	247014	239076	-0.136351
0	-0.000687578	0.0257902	258724	255515	1.46568
0	0.0185092	0.0206053	237090	234267	-0.979562
0	-0.0101232	0.0332374	247698	244456	0.23986
0	-0.0145318	0.215793	234258	21684	0.49006
0	0.0420486	0.230931	248688	46422	1.39619
0	0.0152523	0.210898	240116	68378	4.33402
0	0.0157219	0.19391	232126	63974	-3.29408
0	-0.00504729	0.200671	242160	86595	4.08448
0	-0.0117331	0.160245	255584	90381	13.6819
0	0.0141601	0.110969	231436	94396	6.26733
0	0.00102299	0.0864563	239104	96749	-2.38252
0	-0.030313	0.0972744	238240	94921	-0.876462
0	-0.00726524	0.274737	222966	30867	0.482331
0	-0.00567511	0.228399	244474	80561	-0.0661834
0	-0.0416211	0.221681	236048	101161	2.38387
0	0.00079812	0.209354	235124	122680	-7.00458
0	-0.00295455	0.121409	241802	145254	11.2996
0	-0.060842	0.140826	245428	160722	13.3455
0	-0.0266849	0.0794617	244150	164139	2.89226
0	-0.0153695	0.0434136	245830	164700	-4.32631
0	-0.0179936	0.0525689	235600	165390	2.43836
0	0.0352737	0.269924	243292	56552	0.293777
0	-0.0137954	0.204159	252306	126407	-0.727455
0	-0.0428793	0.197191	239278	142066	2.81004
0	0.00644921	0.149091	234096	160271	2.18782
0	0.0211128	0.107908	246494	192823	3.34946
0	0.000272707	0.10145	238096	183557	1.09431
0	-0.0526855	0.0410905	238732	201153	4.99714
0	-0.0129642	0.044746	235302	195921	0.97331
0	-0.0443321	0.0377753	239862	200646	0.582146
0	0.00953796	0.231013	250386	64105	0.0658749
0	-0.0296269	0.247582	241578	121827	1.59154
0	-0.00916599	0.210965	248172	161263	-3.90767
0	-0.000772796	0.164068	245832	191466	1.95752
0	-0.0170222	0.118331	239920	200941	-0.29977
0	0.00223127	0.0702644	259376	232962	4.79858
0	-0.0165187	0.0457191	249024	227403	1.94103
0	-0.0257247	0.0846775	258028	236007	0.743245
0	-0.021965	0.0370481	249996	233255	-0.823771
0	0.040348	0.256566	251650	70286	0.10088
0	0.0331633	0.167128	241918	136828	-0.61952
0	-0.0244587	0.168231	236094	179459	-0.0711779
0	0.0341338	0.176456	256360	213439	1.10582
0	-0.00878951	0.116577	242162	211273	0.757218
0	-0.000938552	0.124666	251582	220576	-1.16001
0	-0.000332695	0.0575038	236272	225031	-5.39223
0	0.0297573	0.04952	245786	236791	2.75094
0	0.0206056	0.0460207	250986	243989	-2.71245
0	-0.00693765	0.211842	232902	65195	0.309229
0	-0.0375673	0.235167	250808	162592	0.181019
0	-0.00689633	0.164189	240158	182159	1.70145
0	0.00589177	0.123812	236772	203474	0.899308
0	0.00016668	0.123231	233716	208454	2.25241
0	-0.0175451	0.0541187	243534	233342	0.714591
0	0.0119269	0.0719077	238428	228774	1.92833
0	-0.0354758	0.0677655	241270	231991	-0.789096
0	0.00429787	0.00778653	240290	237895	-2.84116
0	0.0115685	0.277111	247650	53817	0.0337051
0	-0.0158248	0.206164	252136	143427	0.183266
0	-0.00978546	0.174478	242186	191948	-0.865969
0	-0.0198928	0.15481	239912	205961	2.68022
0	0.0117554	0.12526	255386	232967	-0.228787
0	-0.0495448	0.0874722	227466	218719	1.18058
0	0.0157792	0.0574205	248310	238068	1.11312
0	-0.0384854	0.0377503	257706	254465	3.94421
0	0.0176911	0.0271833	258182	254161	1.88272
0	-0.00207036	0.228963	247120	75917	-0.308705
0	0.0409772	0.234002	242746	144722	0.564381
0	0.0103976	0.190773	240406	180125	-0.793349
0	-0.00946312	0.128298	245038	211260	1.90683
0	-0.0405572	0.120864	243834	224849	1.14604
0	0.0307234	0.0689814	247272	239282	1.03621
0	0.052659	0.026455	253172	249765	-1.1266
0	0.00184966	0.0518854	239742	235149	-1.17387
0	-0.008868	0.0259412	246576	243637	1.06305
0	-0.0230768	0.208672	248928	73873	-0.181375
0	0.0273399	0.218419	241644	137409	0.123457
0	0.0309111	0.178743	245390	190269	-1.16423
0	0.0089336	0.0903823	232924	209403	-1.57087
0	0.0380653	0.105955	250900	229595	2.11252
0	0.0209828	0.0777425	244214	236277	-0.358039
0	0.00358431	0.0288268	258242	255020	-1.50396
0	0.00327723	0.055232	244598	238662	2.70985
0	-0.00223242	0.0200051	245590	244974	0.923531
0	-0.0326316	0.255595	240222	14848	0.0963004
0	-0.0348979	0.226838	249002	48945	1.67323
0	-0.00771275	0.19493	248860	46021	0.875338
0	0.0493928	0.221871	250742	57768	1.36321
0	0.0375175	0.201689	244020	75281	-0.0742564
0	0.00425845	0.170552	239632	76835	8.23375
0	-0.0471434	0.110599	236692	81472	5.7278
0	-0.030788	0.0868448	242902	81425	-3.28954
0	-0.0378781	0.0608918	241238	85991	1.30889
0	0.0609865	0.23103	238898	34177	-0.110886
0	0.0132107	0.2574	230028	53950	0.212987
0	0.0117042	0.241972	226504	87624	4.70443
0	0.0290422	0.198471	254376	104723	-0.506335
0	0.0908815	0.100455	227744	114410	-6.21279
0	0.00634328	0.109525	244282	140795	-2.2882
0	0.0325108	0.0854281	245332	136144	-9.87149
0	-0.0274447	0.0344781	248542	145770	4.17417
0	-0.0321957	0.0683168	251440	151120	6.63669
0	0.00611121	0.210252	245138	50869	-0.230934
0	0.0298689	0.231871	252122	119292	-0.759592
0	-0.0391108	0.191954	243822	132204	-2.57048
0	0.0285667	0.17565	240480	143143	3.19122
0	-0.0215759	0.116369	237592	160114	7.12493
0	-0.0139318	0.0784047	243026	178242	11.6978
0	-0.0227739	0.0745319	248490	185262	-1.39489
0	-0.0218093	0.0569741	244884	187288	2.74237
0	-0.00678606	0.0386611	236014	185878	7.2296
0	-0.0375213	0.256407	223702	44440	-0.253754
0	-0.00610116	0.235285	234968	121048	4.3084
0	0.0154218	0.149095	249396	169672	-0.209431
0	0.039626	0.182979	252872	178776	-2.63341
0	0.0559931	0.104172	235428	184857	-1.02457
0	0.00833143	0.0865926	250276	203554	-6.66955
0	0.0255156	0.0681674	247280	209796	0.464883
0	0.0133852	0.0753167	256084	214646	2.1103
0	0.0299034	0.0284252	246722	218832	-3.35125
0	0.0249041	0.225822	239760	67929	0.158689
0	-0.0267893	0.250022	247708	120807	-0.509902
0	-0.0560846	0.241772	249820	161859	2.69432
0	0.0249283	0.14248	242392	190039	3.71041
0	0.0188499	0.13179	238494	197541	-0.0133913
0	0.0223305	0.134181	248722	209203	-1.07582
0	-0.0237386	0.0450552	231812	214839	3.50428
0	0.00403927	0.0450661	252024	233207	7.55965
0	0.0172453	0.0453342	256348	240651	3.33906
0	0.0279572	0.247833	256012	73275	0.0537129
0	0.00997938	0.22261	251210	152688	0.262368
0	-0.00725963	0.172431	240614	184764	1.4427
0	0.0239294	0.146334	239506	206148	6.0833
0	0.00108417	0.095041	237438	212641	2.46935
0	-0.000606615	0.0751767	259284	238053	4.04516
0	0.0134652	0.0658029	238114	223620	3.19292
0	-0.0123551	0.0273276	246496	238940	-3.04315
0	0.0288453	0.0416117	251042	240257	-1.99458
0	-0.0461889	0.240723	227472	71997	0.255756
0	-0.00601067	0.234863	231932	120808	1.35768
0	0.0250003	0.236339	243712	172489	0.241268
0	0.00888285	0.176961	233748	193301	0.889444
0	0.0164168	0.140672	237588	211661	-0.238147
0	0.00239246	0.0582478	252886	238193	1.56508
0	-0.0349946	0.0464086	260156	252904	-4.09663
0	-0.00524337	0.0452701	249078	241136	-1.97487
0	0.00962056	0.00788825	245644	243538	-4.62367
0	0.0148794	0.240222	234746	67480	0.0941479
0	0.0186839	0.231048	236446	141606	0.172656
0	0.0269135	0.230186	240834	176693	0.809965
0	-0.0177166	0.126178	240730	212923	0.188256
0	0.00199501	0.0720001	244356	223609	0.924508
0	-0.0384241	0.0788718	228556	214480	3.9572
0	-0.0529813	0.0367903	254838	247620	0.906124
0	0.0391689	0.042765	240884	235948	-1.61297
0	-0.0134111	0.0227535	221250	218119	1.96386
0	0.00418713	0.241405	248648	79126	-0.190468
0	-0.0177598	0.232225	253292	150364	-0.156948
0	0.0607892	0.205772	239850	182645	-1.10908
0	0.021365	0.14395	244802	209710	-0.835511
0	0.0349923	0.107349	251396	230101	-4.35966
0	0.0369694	0.0634047	232318	221550	1.03799
0	0.0317656	0.0314966	232420	224708	-1.84398
0	0.0109176	0.0459579	239840	233241	2.4905
0	0.0333167	0.026735	244050	239993	0.111846
0	0.0158811	0.235885	248062	15226	-0.156978
0	0.0234264	0.244584	252090	34286	-2.57787
0	-0.016774	0.198602	231642	39601	-0.329261
0	-0.0157073	0.202412	246550	51401	3.07206
0	-0.0123603	0.214708	233656	48560	-2.06728
0	0.0169654	0.194862	245992	69716	1.24909
0	0.032728	0.137021	257338	68718	-5.34977
0	0.0165915	0.150738	247190	68731	-2.68832
0	0.0704802	0.118159	236022	72144	-3.11743
0	-0.000118084	0.266014	244216	23074	0.087909
0	0.0101951	0.226524	252942	66489	-3.40723
0	-0.0431704	0.216984	237906	62153	0.326168
0	0.0188043	0.215078	232662	93285	-0.596267
0	-0.0369759	0.123065	245300	115924	0.113902
0	0.00832699	0.13133	250810	119980	-4.14864
0	0.0250474	0.116942	253614	123411	-0.744521
0	-0.055749	0.0894015	243626	128862	10.3881
0	-0.041471	0.0650797	248108	128473	0.986886
0	-0.00598427	0.243965	240838	43564	0.0556143
0	0.0419991	0.247777	251932	90414	-1.22378
0	0.0207671	0.225568	234422	103563	-1.73543
0	0.0159483	0.20995	234828	109733	7.90279
0	-0.0115359	0.0702855	245800	162403	2.39453
0	-0.0336182	0.151232	226238	153001	-0.417767
0	-0.0171269	0.0999925	238958	161762	-2.56362
0	0.0259517	0.0848182	247628	167270	7.23349
0	-0.0331001	0.0403878	248402	177880	5.71137
0	0.0340586	0.226816	245312	59097	-1.06174
0	-0.0153422	0.222572	232230	98309	2.49586
0	-0.0187279	0.172365	239554	146179	1.1022
0	-0.0402462	0.164131	259562	172405	-0.437293
0	0.0161576	0.11457	239256	176813	-5.64193
0	0.00290814	0.052699	249958	200260	8.63035
0	0.00383706	0.0797568	246142	192573	-0.234866
0	-0.0155224	0.0651611	240026	191609	-0.291357
0	0.0411307	0.0256649	261118	216332	2.38989
0	-0.0111724	0.282769	242972	52953	-0.25484
0	0.0128911	0.251767	253278	99330	-2.64642
0	0.0285602	0.197002	250236	169936	-6.24056
0	-0.0247412	0.150692	230362	178920	4.30392
0	0.0151132	0.122708	246084	202291	-3.87029
0	0.0206648	0.0569852	238100	206710	-2.2068
0	0.0347013	0.0483058	256684	228330	-3.29922
0	0.032945	0.0378371	227242	203048	-8.01018
0	0.00839674	0.0383627	259288	236608	8.63525
0	0.0119318	0.227722	255266	81921	-0.115105
0	0.0310447	0.227689	244860	136536	-1.24119
0	-0.0587638	0.184225	238118	171471	-1.90612
0	0.0377746	0.115252	229888	195315	-2.22969
0	0.0167104	0.0997352	238514	213982	-6.12655
0	0.0152324	0.0645825	248418	225590	4.14184
0	-0.0701528	0.0372102	241436	224098	-1.43245
0	-0.0561024	0.0444194	242098	225844	1.43768
0	-0.0026789	0.049831	245764	230979	2.068
0	0.0205295	0.217952	241208	76845	-0.513569
0	0.0198457	0.248485	241812	121322	-2.64575
0	-0.0231802	0.163724	241786	188129	-2.25619
0	-0.0258062	0.127291	229082	192346	3.85798
0	0.00488973	0.0868571	245202	220829	-4.98511
0	-0.018832	0.0876386	237296	214815	1.20267
0	-0.0067237	0.069156	232920	214744	0.357009
0	0.0138966	0.0374169	250674	239974	-2.01569
0	-0.00476732	0.035718	250612	243400	0.103997
0	-0.025874	0.242282	232984	66235	0.0328942
0	0.00695793	0.222347	241990	138084	-0.888879
0	0.0605296	0.22053	247184	189409	1.41642
0	-0.013683	0.144774	247394	202795	-0.108171
0	0.0111968	0.114206	248744	219559	0.522264
0	0.0531146	0.0827814	237798	221216	0.894251
0	-0.00552418	0.0256774	251138	244441	1.13925
0	0.0520751	0.0384117	252578	246707	3.3649
0	-0.0632592	0.0198652	251840	248994	-3.39567
0	0.0459946	0.229504	256432	72734	0.292565
0	-0.0245373	0.240895	236878	150140	0.0417442
0	0.0244979	0.184798	241342	184363	-1.14762
0	0.0168775	0.124731	248708	218511	0.615685
0	0.0381014	0.121055	252586	229187	0.530713
0	0.0278409	0.0769414	256590	238030	1.75418
0	0.0211416	0.0397601	263038	255969	-2.8705
0	0.028605	0.0193112	239974	237407	0.191103
0	0.0106161	0.0286392	254560	251746	-0.450858
0	-0.0180232	0.247233	235080	15177	0.034516
0	0.0210985	0.23009	238844	23602	0.0299139
0	0.0516938	0.264888	246272	41284	1.55383
0	0.0597561	0.195843	250466	48351	-2.59968
0	0.0132483	0.170405	235476	53116	-2.36844
0	-0.0325054	0.195313	216534	47417	-6.60169
0	-0.0214331	0.136384	241292	62334	3.59366
0	0.00344397	0.136233	253002	61252	2.22191
0	-0.0305891	0.110759	239266	64392	16.2458
0	0.0367365	0.253233	250276	22130	-1.16898
0	0.0469649	0.235114	233408	51742	-0.72613
0	0.031127	0.214005	253116	86345	4.56428
0	-0.0287714	0.205474	232068	85876	4.21379
0	-0.056657	0.149958	241806	99460	15.5646
0	0.00439082	0.161846	231586	93340	4.52249
0	-0.0362405	0.116979	259376	121858	7.64955
0	-0.0196748	0.0786379	251402	118601	7.29074
0	-0.0023017	0.0564018	236152	110208	-7.54538
0	-0.00564674	0.304355	237388	29285	0.0663404
0	0.0122807	0.237494	247670	72498	1.33472
0	-0.0154327	0.208048	229234	103654	0.447288
0	0.0554446	0.162038	254244	125911	-8.17337
0	0.0254579	0.149125	251192	137468	1.09079
0	-0.00867258	0.124497	250558	153299	10.9132
0	0.0150982	0.11198	250454	146538	-1.70973
0	-0.0414476	0.0862481	237542	151484	4.43809
0	-0.0277024	0.0569489	235356	153701	-13.9023
0	-0.0290345	0.25367	250722	54352	0.653989
0	-0.038433	0.2596	226968	87913	0.755673
0	0.0311435	0.229163	237802	118152	-1.1768
0	0.0280153	0.178598	242414	140346	2.67406
0	0.0035395	0.142438	212082	139122	9.9556
0	-0.0562871	0.108844	241394	172299	7.88555
0	0.00707238	0.0794549	245262	178179	-5.94439
0	0.0150643	0.0456621	253114	196476	3.50529
0	-0.00229872	0.0327691	232998	179280	7.75131
0	-0.0287563	0.276488	230658	53267	0.380902
0	0.0264779	0.216734	226254	85567	-0.792393
0	0.0443182	0.218522	245336	146460	-5.81276
0	-0.0107984	0.1232	256182	188781	0.784669
0	0.0787306	0.125235	245524	188310	-2.88973
0	-0.00766798	0.071246	246746	203867	2.79658
0	0.036177	0.0935942	259302	214393	-0.161497
0	-0.00598842	0.0537271	253336	215725	-1.47066
0	-0.0181498	0.0110229	252302	219087	6.58742
0	0.000250673	0.227346	246824	75873	-0.281378
0	0.0281552	0.194542	215072	103452	-2.16466
0	0.000608196	0.194072	239190	155238	3.32571
0	0.000710457	0.145696	233256	171154	2.41804
0	0.00160218	0.098112	259608	214325	-1.14178
0	0.0153133	0.089595	218524	187751	3.29941
0	-0.0492657	0.0442081	251120	220324	4.89381
0	0.0276854	0.0721868	246960	217882	1.10639
0	0.0171343	0.028263	235292	216927	-1.73501
0	0.0198295	0.234056	249392	84299	0.119986
0	0.0125192	0.242945	232236	118814	-1.84336
0	-0.0247306	0.209821	240286	162464	-3.22903
0	0.0188653	0.133076	249366	195293	-2.68852
0	-0.00575347	0.120499	243184	208933	2.87861
0	-0.003821	0.0794769	254872	229293	1.43746
0	0.024393	0.0926755	226304	202281	-7.93796
0	-0.0248302	0.0307537	240130	225433	4.92759
0	-0.00887292	0.0643552	255562	236742	7.23648
0	0.02526	0.248832	245164	60619	-0.0516291
0	0.00467658	0.252521	259934	141433	-0.260721
0	-0.0125989	0.153284	254626	194243	5.97709
0	-0.0120782	0.179647	221566	184792	1.28605
0	0.00530396	0.0726348	232728	213278	-2.44984
0	-0.0010983	0.0700025	238984	219759	-2.49557
0	0.0246928	0.062786	225786	210108	1.75522
0	-0.0217133	0.0305487	246876	237912	-0.458485
0	-0.0230838	0.0230338	259108	253438	1.34372
0	-0.00349317	0.258722	246006	64311	0.342139
0	-0.0243847	0.202865	242130	141578	-1.72421
0	0.0100732	0.239583	241558	166812	-2.14069
0	0.0020123	0.116163	247230	206043	2.09091
0	0.00280537	0.112943	241698	220332	2.24275
0	0.0512803	0.0936233	262442	243921	0.99485
0	-0.00567383	0.0383915	246950	237443	1.28083
0	0.0186942	0.0678867	237180	228563	1.7678
0	0.0426731	0.0112345	252596	247693	-1.43282
0	-0.0436183	0.276637	240380	13886	0.329178
0	0.0261351	0.222599	246362	20765	0.0166167
0	0.0368446	0.243842	238818	33674	-0.46228
0	-0.00681045	0.206537	251338	49036	-5.61429
0	0.0328318	0.218049	239362	49110	-8.90871
0	0.017738	0.208431	247990	49283	-6.96572
0	-0.0140674	0.11577	245580	54961	-4.57013
0	-0.0470696	0.148153	252598	52937	7.13331
0	-0.0097689	0.132156	238680	57918	7.42744
0	-0.0113753	0.270078	237750	23495	-0.514489
0	0.0402688	0.259318	248908	43818	-1.26713
0	0.0100775	0.26022	245630	61476	0.242256
0	-0.0385894	0.191249	238338	75254	9.38132
0	-0.0336689	0.141248	241232	92880	6.12699
0	0.00706006	0.169953	248950	98159	0.322491
0	-0.0433451	0.122332	249788	102235	-14.6901
0	0.0197611	0.0878546	240080	97301	-8.16855
0	-0.0456698	0.0668362	243380	100129	10.9919
0	-0.0216627	0.254099	248290	38181	0.0384402
0	0.0137894	0.258742	253830	65103	-0.0862321
0	-0.0300595	0.177723	233652	98105	-0.236513
0	-0.0233002	0.159157	235702	113123	10.3551
0	-0.0761162	0.153086	252904	131206	10.7701
0	0.0116117	0.0936835	251376	136230	-4.51402
0	-0.0319955	0.0865582	252328	145854	11.6633
0	0.000667122	0.0558977	250206	150285	4.3608
0	-0.0680366	0.0158944	252412	148412	8.99298
0	0.00295541	0.259105	252232	28914	-0.150483
0	0.00793282	0.211035	240830	81247	-0.651164
0	0.021142	0.22798	252878	123930	-0.739957
0	0.0131828	0.145758	250294	144990	1.94516
0	-0.0517899	0.123444	243766	153589	3.41201
0	0.0492376	0.109475	246902	158976	3.13247
0	0.016091	0.0588842	246564	167016	-8.15257
0	0.00534952	0.0610905	244086	168986	5.19425
0	-0.0439681	0.0432398	241376	173685	10.9999
0	0.0106462	0.252844	250504	63596	-0.157463
0	0.0112851	0.220831	248880	98792	-3.35528
0	0.039408	0.245877	255284	125217	-0.24126
0	-0.0168558	0.19628	254768	158939	4.62887
0	-0.0702765	0.169007	247874	175156	-3.23226
0	-0.0750194	0.0881253	248532	191975	6.10378
0	-0.0198457	0.0797284	240998	187429	-7.31882
0	-0.00941812	0.0487637	257196	203694	-2.33254
0	0.0150594	0.0151939	264616	214804	5.43583
0	0.00842908	0.235856	245678	59737	-0.488616
0	-0.0700853	0.229755	232606	102288	1.26371
0	0.0192442	0.176015	252344	170761	0.668337
0	-0.042167	0.154759	221896	153607	4.29294
0	-0.0165818	0.0877324	232146	191389	-1.33077
0	0.0570496	0.0872981	239068	191916	-1.28852
0	-0.0377364	0.0600565	231618	196364	-2.14243
0	-0.0302997	0.0512436	245028	209102	1.55183
0	0.015935	0.0318655	228256	202079	-1.38346
0	0.00626636	0.216416	251428	55479	-0.231045
0	0.0124977	0.259074	225338	106129	1.08636
0	-0.00675603	0.214156	254940	167406	0.300104
0	-0.00338781	0.168608	242956	185546	-1.25817
0	-0.0110297	0.124211	235244	189176	-4.47749
0	-0.0013963	0.0725223	254544	225309	-3.49767
0	-0.0386941	0.0525084	259582	231377	0.468582
0	-0.0113447	0.03492	239502	215871	-3.45453
0	0.00716125	0.0244612	258216	239645	3.30102
0	-0.0238814	0.276627	254512	62176	-0.0758477
0	-0.00391328	0.253081	244066	118238	0.888662
0	0.0858241	0.196458	227894	157279	-4.07681
0	-0.0147795	0.119067	248188	208891	-1.99956
0	-0.0485559	0.127722	237502	206243	0.68547
0	0.0132838	0.0968652	242992	215448	1.54965
0	-0.0297788	0.0534811	240238	224041	3.61674
0	-0.0363876	0.0510435	254582	239483	4.52745
0	0.0489984	0.0131791	244666	234472	-2.96313
0	-0.0136693	0.241118	229986	62400	0.139392
0	0.0470133	0.213241	248538	140378	0.142895
0	-0.0428441	0.173485	245054	174316	3.87552
0	0.0247254	0.127404	249160	204279	3.15013
0	-0.0018298	0.0724103	245164	222487	-2.40468
0	0.017297	0.115535	246880	221334	-2.62941
0	7.31056e-05	0.06503	251242	236635	2.24368
0	-0.0228001	0.0134902	243354	236264	1.8021
0	0.000404527	0.0481333	254404	245071	0.832232
0	-0.0164813	0.260335	246400	11937	-0.170413
0	-0.0498318	0.265498	262370	19794	-0.920096
0	0.00874507	0.269207	247024	28319	2.55225
0	-0.00777984	0.221439	233496	39358	-1.08434
0	-0.0475898	0.245192	233040	37568	1.81702
0	0.0200944	0.17609	257582	49577	-0.344683
0	-0.0893172	0.163753	232738	48794	-0.549356
0	-0.0570823	0.124642	231288	44031	0.521324
0	0.00228466	0.0873011	249116	58735	0.654239
0	-0.00033213	0.217282	238352	20223	-0.197533
0	0.00928447	0.248634	233142	35077	-0.0858382
0	0.0420618	0.243831	247374	63507	-0.576517
0	-0.0136864	0.252972	231238	64719	5.04934
0	-0.0152903	0.159685	230882	75040	5.39929
0	0.00632213	0.11796	230658	82665	-0.406448
0	0.0233751	0.131291	242580	95782	3.15866
0	-0.046492	0.0799442	243510	100286	10.2204
0	0.016495	0.0665664	238562	93614	-5.63756
0	0.0390328	0.254538	249040	32209	-0.203341
0	-0.0148151	0.206646	251256	74660	1.69944
0	0.0347123	0.245503	243204	80312	0.875198
0	-0.00912474	0.170923	232422	100089	-7.87425
0	-0.0542655	0.112069	239862	110117	10.468
0	-0.00455	0.117743	244902	119481	2.27512
0	-0.0126396	0.0897049	240310	123687	4.31941
0	-0.0526656	0.0727986	247720	132570	7.30463
0	0.0056292	0.0205219	246048	129416	-2.41283
0	-0.00562844	0.25934	249260	45072	0.757611
0	-0.00758139	0.23985	240990	75363	2.64795
0	-0.00659525	0.179037	253162	125953	-1.65082
0	0.00795159	0.184115	246478	133832	-8.18546
0	-0.00575754	0.151597	244832	150889	-3.48126
0	-0.0603251	0.084126	246548	157195	6.34341
0	-0.0277004	0.0964509	264188	171415	5.08641
0	-0.023539	0.058798	247292	168901	-2.14849
0	-0.0285136	0.0354622	255920	175538	10.6046
0	0.0441155	0.231187	251044	53012	0.143431
0	-0.00119714	0.230224	250466	92031	0.38033
0	0.0419028	0.202884	250212	133869	-3.94881
0	-0.00131134	0.16591	246730	154629	3.00088
0	-0.00157479	0.140085	255766	174653	-3.56298
0	-0.0283442	0.122896	245586	177586	5.01139
0	-0.0243809	0.0791281	241486	179863	1.3001
0	0.0309029	0.0484587	246670	182971	0.253612
0	0.00253602	0.0206599	255100	200606	8.26589
0	-0.0377556	0.268885	248910	52529	0.374246
0	0.0134443	0.247267	251190	99627	-0.852441
0	-0.0135159	0.223489	257784	143919	0.288918
0	-0.00586882	0.16387	255034	173118	3.01208
0	0.0136716	0.16652	240554	174760	-2.18527
0	-0.00225185	0.0514943	262808	216549	-2.06635
0	-0.0623537	0.103688	242134	190492	-0.549779
0	-0.0273049	0.0322107	244452	203576	3.71525
0	-0.012139	0.0234663	249292	210877	3.66982
0	0.032755	0.263394	255040	64852	0.194705
0	-0.0252689	0.228514	256722	126748	0.64334
0	-0.0491297	0.249261	251690	153681	0.379199
0	0.0389188	0.135272	253990	184343	-6.06589
0	-0.0461279	0.147521	242008	192656	3.6698
0	-0.0451411	0.074971	241246	201957	9.11169
0	-0.0460182	0.0425328	239200	209554	-2.9882
0	0.00890861	0.0506532	244300	216686	2.93276
0	0.0284353	0.0111884	245984	220553	6.45061
0	-0.0133451	0.21496	244574	56594	-0.53715
0	0.0155307	0.2328	259016	144953	-2.13886
0	-0.00422788	0.173494	245846	161975	-1.80496
0	0.0586207	0.140696	257756	206567	-0.407414
0	0.0172392	0.0873156	239096	208681	-1.75098
0	0.0253948	0.0966931	251814	216167	1.91466
0	-0.000307618	0.0720479	239714	215733	2.86589
0	-0.0152625	0.0479881	250272	231172	-0.0488186
0	-0.0170951	0.0245422	245730	230006	2.16387
0	0.0175984	0.259562	250132	75612	0.533009
0	0.0112872	0.282013	245144	108400	0.400394
0	0.0208945	0.202861	252772	178862	-1.46601
0	-0.0435589	0.15053	246716	193843	0.814763
0	0.0344765	0.095206	239526	212882	1.60853
0	-0.00615337	0.121494	241374	211254	5.77379
0	0.0255087	0.0376189	252170	237140	-4.22838
0	0.0255519	0.0373929	243420	230794	1.15417
0	0.00580049	0.0325101	251146	240408	5.83593
