0	-0.0297627	0.254332	258340	70794	-2.84738
0	0.0267287	0.238426	253274	131083	-0.346367
0	-0.0039629	0.23511	222730	149812	-5.3167
0	0.0369962	0.176094	238190	171770	-5.58276
0	0.0409617	0.173122	235464	185929	9.58434
0	-0.032112	0.144821	232436	197185	11.4763
0	-0.00643905	0.170956	247818	206334	-6.72503
0	-0.034631	0.0956451	239400	208406	4.80285
0	-0.058781	0.0526672	237540	214024	8.38197
0	-0.0237668	0.290084	229300	63462	0.164827
0	-0.0110379	0.340143	238318	143652	-0.220461
0	0.00920878	0.291538	235582	176182	-7.31551
0	0.0875082	0.310784	238910	197857	-8.62461
0	0.0122323	0.289797	231680	206788	4.36806
0	0.0684345	0.243495	244258	221211	-4.03381
0	0.0931759	0.19948	252482	234265	-24.4385
0	0.0988497	0.186598	235348	224088	-32.1123
0	0.0801073	0.171706	245828	237085	-28.5148
0	0.00957699	0.242779	251606	74865	0.795567
0	-0.0427431	0.255479	247524	140191	11.652
0	-0.0191229	0.274848	231532	172020	2.09393
0	-0.00103694	0.458992	236594	209224	-8.44458
0	-0.0404749	0.456657	231682	207305	6.79206
0	-0.0309225	0.253328	251380	231911	3.63228
0	-0.0076787	0.244028	237952	220753	11.9981
0	0.0701051	0.0682915	246894	241729	-17.2269
0	0.0757706	0.08336	252200	244563	-20.1958
0	-0.0143465	0.23243	256942	93182	-0.339497
0	-0.0357259	0.270834	242382	138115	2.91897
0	-0.0142829	0.343372	247274	185103	2.84338
0	-0.0916271	0.447933	236484	208199	16.1829
0	-0.0079676	0.382509	249300	229757	0.711589
0	0.0587404	0.129082	247106	234345	-19.2497
0	0.0175839	0.255869	236998	231318	10.458
0	0.075456	0.268276	222268	214992	-27.0607
0	0.0922017	0.0622152	247242	241408	-23.6986
0	0.0232207	0.270262	230546	64704	-0.518398
0	0.021697	0.222784	229516	124054	-4.70534
0	0.0172028	0.253916	238838	175552	-4.59502
0	-0.0205364	0.209893	251372	219228	1.14635
0	0.0877789	0.242285	218558	198092	-12.5334
0	0.133899	0.693252	238558	227608	-28.4889
0	0.0314493	0.274389	239010	229668	-19.4985
0	0.0662845	0.314891	246526	242051	-13.7455
0	0.0571061	0.137887	259544	256950	-11.9147
0	0.012445	0.294078	229852	58923	0.119233
0	0.0223925	0.236345	239364	136908	2.92986
0	-0.0092707	0.266263	229150	170989	7.62177
0	-0.0110228	0.23749	236098	203014	4.59026
0	-0.00197922	0.281793	241170	215844	-3.90466
0	-0.0408324	0.340275	251408	236715	24.7594
0	-0.00867128	0.510086	233940	223937	1.68659
0	-0.0853101	0.629648	241288	237729	21.1375
0	0.0873987	0.531519	244360	239728	-28.445
0	-0.00535887	0.25779	237742	66767	0.0603436
0	-2.16599e-05	0.285617	223548	126787	4.92325
0	0.0168249	0.2638	225052	150202	-6.11487
0	0.0864253	0.231069	240868	204864	-9.64112
0	0.070441	0.145568	229520	208867	-12.7623
0	0.0136899	0.212351	244304	232082	-11.1287
0	0.0793656	0.208215	234074	228038	-19.4748
0	0.0916019	0.511683	256624	251063	-19.8664
0	0.069163	0.399353	252584	249099	-17.1336
0	0.0274978	0.253776	241020	68718	1.25206
0	-0.0316603	0.204623	238624	139485	4.33845
0	-0.00339511	0.26933	238446	166075	-0.162081
0	0.00973588	0.315082	226552	185255	-4.20675
0	0.0148302	0.127474	241860	221231	-8.16091
0	0.0580871	0.235123	243280	227549	-0.410122
0	0.114251	0.410749	257008	250657	-17.9611
0	-0.0784796	0.101182	239278	236839	0.50958
0	0.0474558	0.353203	251492	248631	-15.2346
0	-0.00127623	0.26063	253842	74895	1.94535
0	-0.0172129	0.304027	253376	146265	-3.53541
0	0.0297706	0.276634	239804	170655	-2.37414
0	-0.0261956	0.237254	247764	207957	12.4352
0	-0.0763206	0.0987643	247132	229854	3.13799
0	0.00514149	0.134805	248372	231224	5.60383
0	-0.0183883	0.194304	244938	234601	2.27518
0	0.0374967	0.548688	245366	239963	-10.8651
0	0.0453627	0.455003	243730	240665	-22.067
0	0.0439232	0.239008	241922	37212	-0.0937868
0	0.0218183	0.251297	239102	72697	1.03489
0	0.0146997	0.248377	231858	101441	4.48679
0	-0.0263302	0.208091	248868	118316	11.3322
0	-0.0351992	0.187253	243590	138748	-4.95554
0	-0.0186473	0.132813	244854	141049	9.16364
0	-0.00292208	0.112772	227986	136896	0.263116
0	-0.023911	0.0893975	239850	152404	1.28898
0	-0.00974987	0.0649684	250326	163139	18.4102
0	0.0259147	0.24464	239492	64076	0.798969
0	0.0710924	0.257554	262338	137882	-5.28824
0	-0.00688041	0.220339	248008	169381	-13.4379
0	0.0154014	0.247423	244936	188698	-6.57183
0	0.0956396	0.205928	227148	179918	-10.907
0	0.0113275	0.13014	235888	202095	-1.05433
0	0.0240965	0.0916902	225522	197839	-9.29734
0	0.0567491	0.106794	249348	218365	-10.5597
0	0.0613311	0.0802211	245808	219542	-1.98224
0	0.00327645	0.232763	245446	71086	-1.52588
0	0.000488627	0.282648	246058	129937	-0.22417
0	0.0260701	0.266038	252688	190044	-11.2214
0	-0.110638	0.244425	238506	195658	27.6456
0	-0.0307103	0.298684	233420	205455	18.0903
0	0.019612	0.343047	238282	218412	-4.50065
0	0.0252522	0.116203	236654	222736	-23.7134
0	0.0582557	0.1148	251698	241391	-16.4348
0	0.0079462	0.117993	224182	214826	-22.829
0	-0.00399746	0.279152	247346	56673	-0.989843
0	0.00211662	0.268442	244792	134839	-4.85547
0	-0.0201222	0.312069	236788	177998	4.66234
0	0.0576591	0.382722	228470	201828	-12.7025
0	0.103172	0.396711	247632	223324	-12.375
0	0.0398971	0.226137	245568	231488	-21.7286
0	0.0649899	0.233741	246038	233044	-15.5348
0	0.111703	0.0580293	237658	231387	-25.7008
0	0.0356265	0.0773743	245850	239160	-10.5695
0	-0.00153157	0.269114	255716	73013	-0.166988
0	-0.0156321	0.2165	246710	142077	1.89367
0	0.00882627	0.192257	224490	174284	3.67815
0	-0.0296667	0.327053	231658	203230	6.70786
0	-0.0312376	0.380546	231916	213201	11.7037
0	0.0755304	0.397532	232976	223514	-18.3361
0	0.106437	0.335289	235308	224707	-37.6236
0	0.15246	0.161329	236640	233752	-43.3992
0	0.00807144	0.0882496	232436	227238	-10.936
0	-0.0460981	0.267422	237782	67642	-0.0111369
0	-0.0250605	0.237492	234138	135473	-4.32028
0	0.0195765	0.221829	237530	178930	0.0460037
0	0.0372406	0.357619	242086	208661	-2.13713
0	0.0840348	0.542644	236528	220189	-21.2166
0	-0.111744	0.552103	243746	230483	26.507
0	-0.129762	0.530785	241814	234777	34.0315
0	-0.054347	0.252029	230658	225280	30.0689
0	-0.0578169	0.292728	254482	250761	1.96665
0	0.00141444	0.203515	250396	86765	0.634984
0	-0.0433596	0.31443	232582	132342	7.58155
0	-0.0608958	0.256073	231318	164384	4.88521
0	0.0090709	0.275068	243450	209072	-6.44646
0	0.0528162	0.387075	236434	219039	-11.1847
0	0.0806487	0.435154	241452	230413	-15.5178
0	0.00344092	0.417347	245014	239329	-4.52484
0	0.0518094	0.327545	241674	239080	-20.4779
0	0.111669	0.310684	234994	231579	-28.7119
0	0.011642	0.261782	238274	64521	-2.04557
0	0.0404455	0.228117	232262	138028	6.39354
0	0.0112476	0.244771	235708	180648	-1.89645
0	-0.039779	0.30651	234898	197309	11.6528
0	0.0385694	0.190593	242422	220659	-13.0523
0	-0.0655876	0.41064	256112	237808	19.0699
0	0.0266079	0.575658	219388	208830	1.35936
0	-0.052749	0.344385	238326	234168	13.48
0	0.0324186	0.261632	241790	239622	-16.7797
0	-0.0161584	0.287731	243476	63923	-0.384976
0	-0.0350001	0.237814	259144	158545	-1.10853
0	0.0352083	0.230632	234654	178842	-5.44849
0	0.013429	0.277888	228672	193374	2.00917
0	0.121879	0.268657	249578	228032	-27.5272
0	0.0233042	0.267375	247638	235538	-12.0405
0	0.00894515	0.238144	232954	227673	3.91505
0	-0.0222477	0.481457	250022	241554	5.94533
0	-0.0214234	0.27052	229798	224957	4.78295
0	-0.0135477	0.257029	247642	29261	0.749999
0	-0.0259324	0.249687	247008	52871	-2.38157
0	-0.0296201	0.21868	253386	84316	5.84251
0	0.0188178	0.228267	250848	89272	6.55343
0	0.0184649	0.195611	234104	104022	2.02907
0	-0.00700425	0.189618	226650	109033	-7.47163
0	-0.0546416	0.104627	246228	130072	27.0342
0	-0.0730181	0.0989716	245766	127755	24.408
0	-0.0972445	0.0744348	249352	123493	15.5056
0	0.0301662	0.262552	241124	47424	-0.234894
0	-0.00922317	0.231992	226442	86212	0.189555
0	0.0192711	0.218197	258142	142909	-11.5025
0	0.0152965	0.234305	245826	149309	-6.27175
0	0.00984904	0.109315	255924	174811	3.27363
0	0.0345605	0.124583	240416	174412	-9.13955
0	0.0694758	0.0792867	248868	183043	-30.0348
0	0.0767737	0.105617	247996	182836	-22.7018
0	0.060097	0.0811122	248036	187752	-25.1114
0	0.0578496	0.24684	242988	59753	-2.1139
0	-0.00045138	0.232501	246142	133458	-2.50197
0	0.062957	0.252414	241354	164617	-13.252
0	-0.0165399	0.309172	224514	163780	-3.26559
0	0.0109656	0.241439	220936	176056	-5.07295
0	0.0315503	0.192004	245614	205048	-19.1938
0	0.116229	0.0979812	241676	214869	-25.8957
0	0.223958	0.0995148	227842	196901	-65.5256
0	0.197209	0.0795002	241450	213237	-61.0949
0	-0.033195	0.271097	236662	69099	0.841708
0	-0.0343228	0.274184	247334	139438	2.52919
0	-0.00419067	0.258018	238566	179211	4.24225
0	-0.0296372	0.33114	239016	189479	-1.32875
0	0.0551001	0.229913	244802	215523	-11.6031
0	0.00983641	0.212731	245142	228281	-8.68197
0	0.205491	0.174522	221504	208451	-75.0141
0	0.122392	0.114337	237836	226729	-40.6207
0	0.171093	0.194762	257316	239879	-58.5813
0	-0.0257657	0.25221	233476	72618	0.578116
0	0.021534	0.292653	227852	124763	-4.95712
0	-0.0859059	0.310044	247630	196482	15.4281
0	0.0107219	0.33495	243262	206882	0.923528
0	-0.00463969	0.350655	236996	204002	-6.68197
0	0.077399	0.277356	228652	205219	-4.04864
0	0.11552	0.22273	230334	222541	-26.7009
0	0.224566	0.0954433	244624	234883	-51.8134
0	0.252999	0.148131	246980	239531	-86.977
0	0.000208396	0.232546	241498	71406	0.000906715
0	-0.043146	0.270163	236854	124495	-3.18817
0	-0.0736305	0.275932	234344	177365	10.1189
0	-0.0914162	0.281586	232906	205681	16.6974
0	0.081638	0.259442	234404	217623	-23.9217
0	0.105631	0.28619	240382	230397	-32.261
0	0.000321369	0.214102	250700	241366	-3.60456
0	0.172175	0.297999	226074	219835	-56.3985
0	0.259422	0.136855	245294	239800	-81.4117
0	-0.0227863	0.251879	256356	64647	0.71348
0	-0.0067244	0.263295	237334	131761	0.227485
0	-0.0200607	0.311954	239332	173469	-3.92346
0	-0.00697967	0.29578	229900	189214	2.80408
0	0.129092	0.395325	230612	208776	-30.4816
0	-0.031229	0.406799	234966	220837	0.904815
0	-0.0632571	0.534817	254556	246185	16.3215
0	-0.0350116	0.236469	229522	227549	13.1055
0	0.0390527	0.205951	222650	219935	-9.64661
0	0.0154079	0.268402	246142	75796	1.39419
0	-0.0407286	0.256825	253974	138449	9.05223
0	0.046829	0.345829	257046	182998	1.3058
0	0.0651851	0.267092	249278	209372	-13.03
0	0.0614319	0.279485	239722	217930	2.93454
0	-0.0618101	0.202302	252400	241160	5.81862
0	0.0463078	0.204787	244532	237561	-27.3561
0	0.0177397	0.256409	252884	249410	-5.04517
0	0.0836692	0.241752	246396	244122	-27.7185
0	0.018734	0.259813	240990	69118	1.5462
0	0.0329845	0.241202	241356	123066	-4.12295
0	0.0553448	0.188298	257566	199840	-0.146212
0	0.0580865	0.194227	249918	216540	-14.0964
0	0.0178908	0.252266	241832	218314	-7.1031
0	-0.0571629	0.44758	248616	239344	16.0356
0	0.0235029	0.37842	241720	238623	-5.79146
0	0.0104706	0.31619	254952	250435	1.432
0	0.064434	0.479098	237054	234120	-22.1273
0	-0.0129777	0.214845	234776	19621	0.0238262
0	0.0487452	0.23007	252764	47397	-0.612779
0	0.0261512	0.218719	241514	59436	1.06437
0	0.00597827	0.200821	237774	74299	-0.371001
0	-0.0401547	0.215637	246176	83662	14.6167
0	0.00730319	0.193202	248274	89356	7.97098
0	-0.00208812	0.116551	250746	108076	11.1418
0	-0.0620889	0.119011	234442	100332	16.551
0	-0.0492353	0.114788	220336	91952	4.80023
0	-0.00450288	0.276105	237768	36749	-0.346375
0	-0.0101292	0.225981	243340	90201	1.27006
0	-0.0316059	0.255401	235428	103499	-0.620677
0	-0.0354109	0.221858	235486	122742	3.85811
0	-0.0592164	0.127308	240306	144307	28.1781
0	-0.0652076	0.147239	251064	158063	14.6551
0	-0.0206086	0.119668	225472	145332	1.06937
0	-0.0618864	0.0531345	254674	171518	9.62877
0	-0.0635039	0.0334034	250258	167751	16.0914
0	0.0346806	0.268711	242878	48049	0.471695
0	-0.0174871	0.228494	248524	119883	0.380039
0	-0.0366148	0.236998	252240	145384	0.930695
0	-0.0564144	0.224768	229820	158699	21.0469
0	-0.0396263	0.135993	238216	182765	21.5712
0	-0.0777195	0.0939894	236742	187215	24.492
0	0.0240275	0.0611301	234936	193986	-18.0167
0	0.0703338	0.0522596	240474	198209	-24.0161
0	0.0611162	0.0545715	245964	201122	-31.0523
0	0.0103977	0.23342	250462	68080	-0.192036
0	-0.00644208	0.305017	250426	132034	-5.36389
0	-0.0432077	0.290679	242118	164853	6.30482
0	-0.0595984	0.263977	229452	174975	19.6052
0	-0.019402	0.20983	245270	208906	0.414192
0	0.104669	0.112904	237560	208139	-25.9327
0	0.0646738	0.106218	238772	214979	-22.4167
0	0.0730913	0.0939171	252272	226993	-28.9016
0	0.159899	0.0425703	244484	223424	-55.3829
0	0.0341053	0.256117	253256	70829	1.97369
0	0.0349157	0.199797	257316	142066	-1.14524
0	-0.0280557	0.269664	243420	181307	1.00794
0	0.134493	0.317089	247568	198778	-29.002
0	0.0272432	0.255099	236240	206960	-10.0526
0	0.104668	0.251027	217810	194099	-32.842
0	0.182913	0.122684	248538	234088	-60.3658
0	0.395691	0.141366	240108	221406	-107.029
0	0.394287	0.135895	238316	220934	-114.817
0	-0.00720399	0.212529	244838	68989	0.389132
0	-0.0424037	0.255594	246148	154511	1.63194
0	0.0379388	0.253997	247988	186933	-11.7491
0	0.125314	0.24679	234170	199120	-34.9272
0	0.141095	0.245654	237126	209333	-40.0261
0	0.0320872	0.244493	251406	236889	-14.1751
0	0.0911199	0.205182	254886	239211	-21.8296
0	-0.0283531	0.169474	239382	232150	-2.92591
0	0.180662	0.0696623	237186	232940	-55.7503
0	0.011828	0.272374	263854	69353	-0.0441465
0	-0.0157473	0.228276	229280	134125	0.160001
0	0.0415252	0.24288	226296	172553	-16.2592
0	0.0260424	0.285753	240306	199226	-11.1003
0	0.0108719	0.260033	234510	213387	0.0362785
0	-0.0854981	0.279156	220742	209843	11.9666
0	-0.0849167	0.235202	252882	246084	31.3219
0	0.139258	0.340582	238682	229235	-49.3788
0	0.306727	0.19592	253568	245655	-84.8279
0	-0.00997166	0.228265	250186	76361	2.06168
0	0.0480161	0.23005	243028	146652	-1.54729
0	0.0144357	0.254535	245768	167832	-2.00476
0	0.00754955	0.141748	254986	221352	-3.19697
0	-0.0649326	0.259571	228376	209136	8.45866
0	0.00806646	0.255388	235032	227929	7.8333
0	0.0608113	0.235256	240868	232665	-3.57228
0	0.044588	0.230537	241172	235165	-13.9954
0	0.156921	0.249199	256872	252467	-48.6737
0	-0.0197933	0.20754	235726	66781	-1.16642
0	0.0622456	0.286568	226184	119844	-10.3483
0	0.0193667	0.275235	247434	189237	2.29909
0	-0.00734703	0.309351	260386	228283	3.31332
0	0.0436265	0.252724	236516	213009	0.444146
0	-0.0404886	0.231723	245322	233290	18.0834
0	0.0262281	0.236673	239256	233252	-8.2971
0	-0.0184332	0.334495	256924	252612	9.22298
0	-0.0929282	0.480993	228444	223726	28.1323
0	-0.0328506	0.254214	254352	25675	0.161988
0	-0.0273261	0.228704	243754	39468	-0.598306
0	0.00788151	0.197724	236334	49653	-3.80294
0	0.0487988	0.223669	227026	47858	1.54141
0	0.024421	0.204206	237170	70876	3.85468
0	-0.0181697	0.198521	230714	70816	14.9622
0	-0.0735247	0.134061	238916	74320	13.6422
0	-0.0517485	0.11029	251896	95241	2.99861
0	-0.0724788	0.0963339	237682	90606	11.6891
0	0.0624393	0.231777	244924	33696	-0.546707
0	0.0114194	0.262599	236234	62520	0.750371
0	0.0352359	0.245063	236896	91601	-2.35506
0	0.00462195	0.217488	245952	102757	6.81973
0	0.122444	0.0860534	226936	122447	-15.6816
0	0.0195311	0.104971	239596	139514	-6.24455
0	-0.0857483	0.103912	225440	130306	25.6062
0	-0.00723597	0.0394132	255908	149902	-1.88844
0	-0.0648746	0.067001	240470	140488	16.4404
0	0.000756371	0.212121	242084	48717	1.37552
0	0.0482544	0.235262	232994	104656	-6.27525
0	-0.037921	0.214329	247012	126706	-2.92743
0	0.0728916	0.208858	244122	150415	-10.1062
0	-0.00416773	0.159441	223606	144778	1.90249
0	0.0802458	0.0989089	248622	174717	-16.5555
0	0.0346383	0.0920721	242978	172223	-18.6186
0	0.0302052	0.0622222	250780	182865	-12.862
0	0.0618673	0.051697	243694	180665	-13.3664
0	-0.0379043	0.265914	240886	54156	-0.138844
0	0.0300621	0.242751	245744	119866	-6.54059
0	-0.0180034	0.242537	233864	141148	9.81813
0	0.0594445	0.301516	244168	164788	-8.57896
0	0.0476385	0.153606	255330	199309	1.4818
0	0.0450312	0.0881412	232068	187959	-17.6795
0	0.203944	0.111644	238856	196358	-53.0636
0	0.26345	0.113655	243790	192875	-72.9092
0	0.175905	0.0930315	249238	205412	-47.1516
0	0.0262973	0.227168	239344	68935	-0.259281
0	-0.0187237	0.280244	248402	127964	-2.92959
0	-0.0176545	0.308502	245350	158279	-8.8347
0	0.0761726	0.242761	224672	169993	-11.6629
0	0.112756	0.279262	239656	194940	-28.1854
0	0.153954	0.25523	244040	206267	-40.563
0	0.239444	0.237298	230688	199660	-75.4505
0	0.302477	0.163728	254066	228073	-81.9716
0	0.293341	0.11383	246302	218518	-79.4897
0	0.0318386	0.248836	226628	62071	-1.11069
0	0.00561078	0.247891	237536	146663	1.57295
0	0.00638437	0.278671	232446	160644	-2.6505
0	0.0293314	0.198715	240250	202045	4.4627
0	-0.0244458	0.215381	215684	187718	10.1283
0	-0.0819009	0.327563	236046	213146	28.4334
0	-0.022969	0.177789	247886	230582	14.1232
0	0.0595257	0.0937377	239340	227817	-24.6074
0	0.116014	0.0686947	238804	228270	-28.1451
0	-0.0498687	0.241725	229068	63060	1.3597
0	-0.0167678	0.247046	235642	113429	4.58482
0	0.0400565	0.303033	236250	166074	-4.27558
0	0.0556557	0.360698	226296	178463	-13.1424
0	0.0661736	0.309334	232158	202984	-15.1652
0	-0.0311134	0.360215	228592	206073	11.6168
0	-0.0773386	0.320081	247756	228322	8.60657
0	-0.00225264	0.193083	250100	237014	-2.87209
0	0.229672	0.0941856	242630	235142	-70.639
0	0.0150853	0.239868	240944	72216	0.0323868
0	0.0366395	0.272375	227776	134124	-5.21401
0	0.0292049	0.263921	234544	171754	0.122533
0	0.019658	0.250883	262194	226283	-11.0241
0	-0.0303526	0.201428	242754	224433	10.6288
0	-0.125594	0.245901	253222	236884	30.1082
0	-0.16833	0.181068	239854	228986	35.5108
0	0.362377	0.242809	228636	221869	-98.5754
0	0.141632	0.154764	253112	246460	-44.5491
0	0.00427777	0.251329	242556	75801	-0.217661
0	-0.0390192	0.243775	246176	139432	6.22087
0	0.0654299	0.245441	243820	183131	-2.5013
0	0.0223406	0.221881	255954	221348	-1.12818
0	0.0339771	0.20574	227510	204641	-4.05511
0	0.0480357	0.245256	243690	234842	-2.28189
0	0.0318722	0.211519	237432	228780	-1.87594
0	0.075884	0.162969	241458	236919	-16.9994
0	-0.102954	0.164421	241202	237844	40.993
0	0.0146477	0.236394	239884	17522	0.213033
0	0.0194974	0.243604	250506	34809	-1.39918
0	-0.0205563	0.207096	253692	41576	0.805441
0	-0.00452916	0.209527	241790	49059	-0.281397
0	0.00374126	0.232984	253844	57557	-6.89776
0	0.0186889	0.223007	254736	74952	0.732048
0	-0.00426462	0.162719	230518	70828	5.74803
0	0.0323514	0.156303	234016	69220	-7.41628
0	0.0606965	0.101878	247196	78800	-0.182325
0	0.00107634	0.265762	248418	31837	-0.270419
0	-0.00928493	0.234726	240132	48832	2.43679
0	-0.0346793	0.217505	249514	71267	-2.22115
0	-0.0340009	0.251162	238744	95126	15.2453
0	-0.0384551	0.159799	243150	109046	0.557641
0	-0.0182156	0.149318	242238	115013	3.81413
0	-0.0837353	0.111959	243882	123671	31.8903
0	-0.0701968	0.144619	234992	123723	14.7225
0	-0.038856	0.0500591	247472	134873	0.20238
0	-0.00337532	0.245066	248276	40154	-0.727069
0	0.0230637	0.256922	240562	80674	4.45684
0	0.00145886	0.241469	230640	107804	4.05704
0	0.0188557	0.199526	243734	119027	7.03058
0	-0.0393367	0.0954356	251902	161176	10.7348
0	-0.0208516	0.127996	244082	158925	-4.24774
0	0.0371417	0.0802896	240978	157104	-18.8442
0	0.0046201	0.0799266	245252	159106	13.633
0	-0.0360623	0.0425964	251592	170660	6.60002
0	0.0276971	0.233955	242528	49144	0.846703
0	-0.00505585	0.237631	233288	94663	-0.590036
0	-0.0237426	0.221379	232320	129647	2.60662
0	0.0501109	0.174971	254980	171660	-27.5444
0	0.0844829	0.154381	242952	172124	-26.1395
0	0.183314	0.119114	228732	164344	-45.4915
0	0.0808126	0.103903	223864	167181	-23.3275
0	0.172723	0.114742	249750	182780	-56.7649
0	0.214008	0.0187052	249238	190023	-49.4733
0	-0.0122367	0.281246	241712	46986	0.0644743
0	0.0113147	0.270383	250008	111498	-2.1735
0	0.0164883	0.248677	242558	155479	-2.619
0	0.0103714	0.254454	242810	178514	-6.22986
0	0.0713496	0.184389	240416	189069	-20.7412
0	0.060061	0.228261	237380	191945	-14.0256
0	0.139172	0.130657	240428	203699	-34.6405
0	0.337893	0.24262	238580	181901	-99.4947
0	0.227858	0.130536	240592	198830	-57.2032
0	0.0111626	0.226039	252922	66783	0.115648
0	0.0337309	0.271559	241424	126264	-2.04705
0	-0.10263	0.246792	231050	169052	11.2538
0	0.0307099	0.287637	234206	178788	-0.110287
0	0.0941267	0.227063	250256	211766	-29.3514
0	0.330653	0.255545	241164	198410	-90.4843
0	0.0898991	0.197002	250588	225151	-49.448
0	0.244513	0.132634	227036	201432	-88.7469
0	0.24323	0.198112	257736	230499	-71.7046
0	0.0228311	0.221155	237582	74639	-1.20405
0	0.0151195	0.27457	241790	114263	-1.22789
0	0.0209882	0.244887	221286	160423	-15.5067
0	-0.0214262	0.234886	231432	186999	2.54397
0	0.185809	0.209853	232506	202049	-59.2608
0	0.0146643	0.168214	244824	215434	-8.84623
0	0.0302321	0.181191	223326	204517	-10.7297
0	0.284308	0.28371	246062	220586	-83.1392
0	0.0675124	0.0435793	240754	230545	-21.5799
0	-0.0288011	0.243569	232230	55184	0.911011
0	-0.00912695	0.251524	254494	139131	3.93659
0	0.0811627	0.288608	233136	169557	-4.77353
0	-0.0475084	0.25306	243340	195946	10.0394
0	-0.00817988	0.210102	242294	209982	6.33527
0	0.209958	0.218861	238074	218802	-46.1588
0	-0.101228	0.179975	235524	220883	29.8505
0	0.38922	0.439154	228212	206896	-97.7786
0	0.589494	0.344754	233918	209728	-199.222
0	0.0492603	0.233377	261254	70388	-0.687164
0	-0.0184436	0.269114	248220	151540	-1.78635
0	0.0097562	0.265343	233604	166776	3.27487
0	-0.0285404	0.211349	241522	207644	14.241
0	-0.0217202	0.328954	243296	213468	18.4772
0	-0.0337642	0.333918	247622	227512	20.2357
0	-0.0133792	0.0910856	252928	244029	7.48575
0	0.172837	0.202822	249654	240438	-43.0785
0	0.288239	0.433303	240278	226208	-83.7378
0	-0.0180785	0.246879	238160	9324	0.0511171
0	0.0171294	0.232133	224896	24245	1.22065
0	0.0561376	0.269118	237836	35927	0.220694
0	0.0470328	0.209737	233484	40506	1.21732
0	0.00389712	0.177527	245988	50254	0.436915
0	-0.0389608	0.21351	242272	54712	-4.66509
0	-0.0157705	0.165486	219548	61279	1.89486
0	-0.016943	0.166315	253560	65135	8.338
0	-0.00777619	0.134593	228718	63509	9.40191
0	0.0332177	0.252809	232864	19590	-0.113326
0	0.0404048	0.236994	234276	51930	1.2419
0	0.0342196	0.227134	230870	69102	3.6365
0	-0.0621673	0.200428	243444	89659	14.2326
0	-0.0560175	0.196194	239396	94063	15.3727
0	0.0185496	0.18299	238334	104596	0.274864
0	-0.0244917	0.133898	260708	116608	4.12493
0	-0.110838	0.094237	238258	105948	34.6396
0	-0.0956922	0.0605322	238120	115089	20.4718
0	-0.00428316	0.308733	249676	32760	-0.342735
0	0.0114376	0.250272	231394	63153	1.58764
0	-0.0443755	0.226439	230854	93923	9.13011
0	0.0665099	0.179922	230032	104549	-11.493
0	-0.0342231	0.168598	240710	128241	18.9951
0	-0.0230204	0.172679	238690	139407	15.2175
0	-0.0350382	0.111503	238404	133135	13.3312
0	-0.0271758	0.0912544	247554	147194	0.156541
0	-0.0281657	0.0337961	256818	154736	-13.7632
0	-0.0280992	0.254534	249078	42653	0.373412
0	-0.0241522	0.280635	235192	88647	-3.52854
0	0.0263082	0.266501	233970	110096	0.27379
0	0.0589636	0.215895	232138	127527	-6.61043
0	0.0289293	0.184313	244856	156530	2.33865
0	0.153289	0.150957	240130	156151	-54.9872
0	0.0400958	0.0964725	246048	168673	-15.8514
0	0.152456	0.0383363	250480	178576	-37.7121
0	0.11999	0.0424049	249334	181363	-28.9352
0	-0.0278525	0.281804	248784	43461	0.109782
0	0.0525149	0.242737	234952	99541	-8.6035
0	-0.00381878	0.23994	241840	130455	8.62834
0	0.00644341	0.228844	229976	152415	-4.38787
0	0.11369	0.197619	227678	161298	-13.3776
0	-0.0355553	0.139143	242656	187363	11.1628
0	0.210329	0.244601	243150	176008	-52.4072
0	0.126639	0.13895	227190	175240	-41.2589
0	0.0772101	0.0488192	239808	198470	-22.0206
0	-0.0100648	0.225036	243402	75106	2.81325
0	0.021937	0.202346	247886	121630	-0.299191
0	0.00994369	0.231458	237962	148014	0.525056
0	0.00595505	0.207445	240610	175189	0.844662
0	0.138278	0.181682	239488	186755	-42.1446
0	-0.0836795	0.127572	228114	188151	32.9973
0	-0.0350176	0.105592	229888	195337	0.619375
0	0.403192	0.239955	251850	192180	-111.546
0	-0.0662198	0.106921	231990	197104	23.2712
0	0.0263863	0.233008	257896	76823	-1.84706
0	0.0027196	0.255605	246166	114266	1.09651
0	-0.0375013	0.296303	252792	167738	0.602175
0	0.105221	0.184853	238306	185862	-28.5954
0	0.138117	0.314035	231158	175931	-40.2825
0	0.114796	0.231766	235240	194008	-34.1476
0	0.298612	0.234983	248750	204850	-90.2035
0	0.363093	0.176799	249202	217323	-111.449
0	0.285936	0.239204	240480	204938	-81.2063
0	0.0269637	0.249092	238658	54213	-0.562754
0	0.00477405	0.280152	245972	136959	-0.289962
0	0.0184961	0.212309	247808	186278	-3.35138
0	0.0298614	0.222108	225162	174949	-11.2958
0	-0.045186	0.279178	228522	192973	12.6972
0	0.0201249	0.458311	230892	186440	-8.86252
0	0.214007	0.121543	243838	220000	-55.0391
0	0.270709	0.218473	229360	206343	-88.1852
0	0.038743	0.113503	247166	231807	-17.2043
0	-0.00260122	0.259233	262248	69601	0.0745548
0	-0.0370529	0.230826	240822	133501	2.07626
0	-0.0176698	0.304135	242560	167188	6.18222
0	-0.0155791	0.212801	244794	198297	7.36834
0	0.000234047	0.179793	237214	210365	3.01415
0	0.127822	0.243033	251722	227395	-21.9676
0	-0.0296911	0.162135	242592	223822	8.48601
0	0.023365	0.161402	233474	218818	0.366564
0	0.50144	0.271554	239088	214742	-139.063
0	-0.0452444	0.278122	244684	12073	0.817027
0	0.0268697	0.222139	249198	17806	-0.203746
0	0.0519923	0.240874	256750	33594	-5.0066
0	-0.0111215	0.212872	239694	45054	-4.32097
0	-0.0104999	0.258454	248246	39665	4.0908
0	-0.0368569	0.218498	242026	50324	9.41275
0	-0.068775	0.132142	243534	50001	11.8421
0	-0.039226	0.145357	227272	47857	4.78021
0	-0.0172208	0.177286	209228	46057	9.66301
0	-0.00788933	0.270616	242822	27534	-1.56029
0	0.0333043	0.26317	246956	41838	0.822223
0	0.0157494	0.257625	246936	61461	-1.45932
0	0.0120217	0.154256	267002	87770	-5.80204
0	-0.0350813	0.134251	247540	89365	6.55073
0	0.00178248	0.187995	226142	82208	1.90577
0	-0.0859198	0.113839	244980	96064	-1.9177
0	-0.0474652	0.0950779	237098	98080	11.9993
0	-0.0530685	0.115926	224112	94518	13.2116
0	-0.0197494	0.254381	258440	32274	-0.535533
0	0.0100528	0.265311	256728	61397	1.03477
0	-0.0672213	0.180202	240004	99178	10.912
0	-0.0104646	0.204875	232932	98957	6.50447
0	-0.0590376	0.184855	242642	110959	5.64655
0	-0.0116301	0.109037	247050	129064	2.45852
0	0.0933862	0.130383	233674	120911	-25.9512
0	-0.0629568	0.0951746	246816	134823	23.448
0	-0.131905	0.0365259	238462	132727	28.1536
0	0.00261663	0.259539	240006	28524	-0.0488475
0	0.000345504	0.214128	244930	84555	1.62503
0	0.0584106	0.245111	237218	101858	-11.9205
0	0.0456422	0.182789	241682	128759	-7.79265
0	-0.0516075	0.160554	254184	152431	3.35731
0	0.149255	0.15236	242842	140007	-26.8727
0	-0.0872977	0.0933853	243224	160741	22.8641
0	-0.0740687	0.0912521	235392	159814	29.0197
0	0.247999	0.0679878	265716	167401	-76.5904
0	0.00750428	0.25499	256506	67077	0.785124
0	0.00198733	0.236375	229670	75610	-0.56594
0	0.0314403	0.288652	234596	106859	2.14904
0	-0.057222	0.255619	246784	141583	16.7387
0	-0.068606	0.187454	238126	154567	-3.7334
0	-0.0955814	0.159934	234810	165238	12.2724
0	-0.0251616	0.163359	245714	175809	-5.72405
0	0.0936678	0.0508957	252198	186008	-33.2583
0	0.212442	0.0678791	235260	167351	-53.779
0	0.00495835	0.23601	238372	50171	0.552603
0	-0.0640712	0.24151	251512	110279	-0.540524
0	0.00889809	0.24806	236172	145901	3.77218
0	-0.0153875	0.203514	223070	158120	-3.74093
0	-0.00645123	0.169513	231160	172847	-4.36993
0	0.130392	0.234323	247716	180871	-23.2912
0	-0.136506	0.127618	235588	187335	27.4885
0	0.182872	0.175755	253284	194140	-62.3995
0	0.0160486	0.108561	233626	189978	-1.41751
0	0.00267891	0.215915	250452	58936	0.845187
0	0.00314497	0.263103	227826	104625	3.89219
0	-0.00130862	0.267599	232628	134925	-1.33412
0	0.0534725	0.348124	231550	154776	-18.3162
0	0.0502108	0.246041	243652	188768	-22.8496
0	0.272101	0.141884	251860	206517	-85.5469
0	0.169905	0.142236	244114	198813	-62.1112
0	-0.136292	0.133678	236588	195250	34.0297
0	0.252405	0.244586	243924	187074	-70.272
0	-0.0288781	0.281235	235770	58296	1.42316
0	0.00542198	0.261076	257294	123376	-1.91192
0	0.0492195	0.279496	241980	157590	6.90458
0	-0.0129542	0.26989	244320	194894	-2.54714
0	-0.167704	0.268399	243710	201572	36.43
0	0.0526033	0.231207	229588	193797	-10.2462
0	-0.0302749	0.192675	237740	201223	3.76559
0	0.0381028	0.10761	248210	228637	-17.8197
0	0.17389	0.185205	241766	210821	-40.4306
0	-0.0165336	0.242936	240938	57998	0.99867
0	0.0451696	0.222484	247016	126090	0.696011
0	-0.0615708	0.227819	236468	161654	9.49352
0	0.0429095	0.207386	230086	184659	-2.30509
0	0.0275992	0.171576	233430	198959	-11.2334
0	0.0637257	0.247256	226118	189476	-16.558
0	0.0805343	0.158925	240192	211248	-21.8947
0	0.171323	0.167516	227880	209367	-56.4348
0	-0.00271191	0.192081	233278	210905	1.76716
0	-0.0159586	0.260971	251496	6526	-0.327235
0	-0.0489608	0.26606	246128	15447	-1.18139
0	0.0151657	0.269306	244760	26434	0.626047
0	-0.0245652	0.224209	242122	35712	3.95127
0	-0.058308	0.242595	237570	55444	5.03248
0	-0.0249396	0.18979	238830	39645	13.1655
0	-0.0441432	0.166414	243824	53052	-14.1016
0	-0.0514137	0.15996	239870	44695	-1.17927
0	-0.000954401	0.143107	235808	47481	1.62596
0	0.00048021	0.217429	233980	17100	-0.441235
0	0.00997589	0.247211	236700	27218	-0.293265
0	0.0109904	0.24712	238308	49229	8.7449
0	-0.0189252	0.246155	241784	66559	6.62097
0	-0.042112	0.176151	238894	76444	13.4458
0	-0.0180891	0.153508	246074	84105	6.91692
0	0.0604418	0.174552	261238	88243	-7.96135
0	-0.084942	0.0990017	240684	87776	21.7554
0	-0.0789421	0.111591	238604	93137	22.9935
0	0.0363398	0.254099	252242	29770	0.60456
0	-0.00269654	0.209277	249832	66041	-1.93614
0	0.0406907	0.252769	237098	64915	-0.918318
0	-0.0515336	0.180548	243152	98650	4.84841
0	-0.0881989	0.132271	245942	114698	20.648
0	-0.00119912	0.156285	242286	109511	1.26986
0	-0.0658591	0.107533	252724	122472	20.2853
0	-0.0511236	0.102325	253138	122172	6.84203
0	-0.0153356	0.0354506	252300	128119	3.87661
0	-0.00594483	0.260601	253632	35666	0.852527
0	-0.014094	0.238916	248696	77781	4.60175
0	-0.00249955	0.219046	239094	99130	-2.87953
0	0.0174007	0.262101	236348	105556	-11.0202
0	-0.0407418	0.248876	214806	102959	7.01401
0	-0.0153295	0.165834	253110	140845	-7.15529
0	0.0885753	0.10172	249498	146550	-29.7963
0	0.101548	0.116318	234438	137679	-39.6747
0	0.108523	0.060446	250052	148806	-30.5064
0	0.041063	0.232896	245962	45242	1.05917
0	0.00716417	0.239081	241512	90242	-2.12806
0	0.0178093	0.217286	257394	135916	3.27925
0	-0.0145327	0.211812	256034	140245	6.96729
0	-0.0266062	0.157554	248504	151308	3.94643
0	0.0147082	0.167827	231968	147907	-7.90433
0	0.0670123	0.161394	245046	163951	-26.1179
0	0.187248	0.0539126	237770	159176	-46.6499
0	0.138801	0.033678	234456	164466	-32.6136
0	-0.0384588	0.269855	254068	43297	0.585199
0	0.000612092	0.261935	240632	89829	2.99723
0	-0.0231652	0.270512	240956	127760	3.1837
0	-0.00451516	0.247912	239936	139829	2.60598
0	0.0195335	0.226499	243906	163981	-3.94384
0	0.177796	0.209211	260526	190912	-56.0808
0	0.0212208	0.103219	242280	185231	-25.6221
0	-0.147419	0.112815	237076	181853	39.7494
0	0.187591	0.0638454	251330	191414	-56.2493
0	0.0285543	0.264427	251652	59329	1.45493
0	-0.0322221	0.242793	243588	100686	2.72929
0	-0.0711612	0.300969	248148	141537	6.98865
0	0.0110731	0.190743	230354	159769	2.28781
0	-0.0142687	0.341105	235886	151077	-5.88795
0	0.0831462	0.130886	244834	201151	-29.3745
0	0.0166124	0.19064	244776	191550	-21.7774
0	0.429111	0.210554	244426	186156	-123.128
0	0.422527	0.143327	241272	181276	-111.777
0	-0.00649547	0.218222	255300	56234	-2.59204
0	-0.00478273	0.239044	244330	110216	3.95516
0	-0.00790885	0.209512	252654	162013	-0.70067
0	0.0938622	0.188606	241038	181120	-10.9799
0	0.17534	0.146715	237840	187353	-49.1812
0	0.126861	0.127256	251918	211111	-28.5253
0	-0.160965	0.252545	242592	193773	51.063
0	0.300116	0.212552	238614	194674	-94.6625
0	-0.479513	0.341753	246468	191234	140.889
0	0.0121306	0.26095	262702	71452	2.17335
0	0.0320149	0.296757	243078	99565	-5.81792
0	0.00577204	0.239034	244008	165211	3.07071
0	-0.0151172	0.231866	248992	186406	-7.71773
0	0.0264663	0.182662	238652	197157	4.01159
0	-0.012	0.17156	231934	199149	7.52777
0	0.0672383	0.184078	253612	217607	-16.7473
0	-0.0156449	0.203107	245960	214613	13.5132
0	0.0592201	0.144978	237422	211166	-10.19
